"node","time","sensor","temp_C","counts"
1,2026-07-14 21:25:29,"ntc1_C",-4.51837829298785,1017137
1,2026-07-14 21:25:29,"testSB_C",-4.52323735473789,1019681
2,2026-07-14 21:25:29,"ntc1_C",-4.48248778873676,1017254
2,2026-07-14 21:25:29,"ntc2_C",-4.41188733033488,1014092
2,2026-07-14 21:25:29,"testSB_C",-4.37901053474741,1015105
3,2026-07-14 21:25:29,"ntc1_C",-4.03327184280067,1000647
3,2026-07-14 21:25:29,"ntc2_C",-4.05041622656603,1000279
3,2026-07-14 21:25:29,"testSB_C",-4.01383297744616,998509
4,2026-07-14 21:25:29,"ntc1_C",-4.02564196429245,999802
4,2026-07-14 21:25:29,"ntc2_C",-3.98708101308603,995940
4,2026-07-14 21:25:29,"testSB_C",-4.08333029464853,1000015
5,2026-07-14 21:25:29,"ntc1_C",-4.11432098272201,1001325
5,2026-07-14 21:25:29,"ntc2_C",-4.18389196155204,1005557
5,2026-07-14 21:25:29,"testSB_C",-4.18241795781734,1006269
6,2026-07-14 21:25:29,"ntc1_C",-4.20569838913417,1005761
6,2026-07-14 21:25:29,"ntc2_C",-4.09124353019939,1002152
6,2026-07-14 21:25:29,"testSB_C",-4.094947386466,1002595
7,2026-07-14 21:25:29,"ntc1_C",-4.08197514238839,1000532
7,2026-07-14 21:25:29,"ntc2_C",-4.11475526617863,1003572
7,2026-07-14 21:25:29,"testSB_C",-4.21496878109974,1007745
8,2026-07-14 21:25:29,"ntc1_C",-4.29716459295622,1013037
8,2026-07-14 21:25:29,"ntc2_C",-4.26352565622057,1007705
8,2026-07-14 21:25:29,"testSB_C",-4.15645945008748,1001578
9,2026-07-14 21:25:29,"ntc1_C",-4.11716720935527,1001502
9,2026-07-14 21:25:29,"ntc2_C",-4.01440431782191,1000683
9,2026-07-14 21:25:29,"testSB_C",-4.00387459396694,998665
10,2026-07-14 21:25:29,"ntc1_C",-4.00130271499961,999088
10,2026-07-14 21:25:29,"ntc2_C",-3.99879975428433,996437
10,2026-07-14 21:25:29,"testSB_C",-4.09563051218845,1001066
11,2026-07-14 21:25:29,"ntc1_C",-4.06292382911028,1001811
11,2026-07-14 21:25:29,"ntc2_C",-3.9684517821625,997550
11,2026-07-14 21:25:29,"testSB_C",-3.95718555363197,995753
12,2026-07-14 21:25:29,"ntc1_C",-3.96145928374392,996875
12,2026-07-14 21:25:29,"ntc2_C",-3.89811183939116,993753
12,2026-07-14 21:25:29,"testSB_C",-3.97960352464065,996846
13,2026-07-14 21:25:29,"ntc1_C",-4.01877562098508,1002040
13,2026-07-14 21:25:29,"ntc2_C",-3.95980096186025,994543
13,2026-07-14 21:25:29,"testSB_C",-4.00208035247562,997888
14,2026-07-14 21:25:29,"ntc1_C",-4.07263232479312,999792
14,2026-07-14 21:25:29,"ntc2_C",-3.96637052737657,997892
14,2026-07-14 21:25:29,"testSB_C",-4.01361162621214,999650
15,2026-07-14 21:25:29,"ntc1_C",-4.03024815916842,997315
15,2026-07-14 21:25:29,"ntc2_C",-3.9996581024896,999437
15,2026-07-14 21:25:29,"testSB_C",-4.05079026161309,1001707
16,2026-07-14 21:25:29,"ntc1_C",-4.12118476858501,1001972
16,2026-07-14 21:25:29,"ntc2_C",-4.07071388902426,999305
16,2026-07-14 21:25:29,"testSB_C",-4.10423743343841,1000610
17,2026-07-14 21:25:29,"ntc1_C",-4.10564630459794,1001261
17,2026-07-14 21:25:29,"ntc2_C",-4.12071866619186,1001480
17,2026-07-14 21:25:29,"testSB_C",-4.14967045947884,1005690
18,2026-07-14 21:25:29,"ntc1_C",-4.104184660572,1004281
18,2026-07-14 21:25:29,"ntc2_C",-4.11156765161559,1002109
18,2026-07-14 21:25:29,"testSB_C",-4.10628291582964,1001054
19,2026-07-14 21:25:29,"ntc1_C",-4.06787155575336,1002454
19,2026-07-14 21:25:29,"ntc2_C",-4.10898098912713,1003065
19,2026-07-14 21:25:29,"testSB_C",-4.07582982603179,1003097
20,2026-07-14 21:25:29,"ntc1_C",-4.10442293332261,1002148
20,2026-07-14 21:25:29,"ntc2_C",-4.07557264714569,1002656
20,2026-07-14 21:25:29,"testSB_C",-4.04774659265792,998468
21,2026-07-14 21:25:29,"ntc1_C",-4.09662971925917,1000121
21,2026-07-14 21:25:29,"ntc2_C",-4.1075554815323,1002874
21,2026-07-14 21:25:29,"testSB_C",-4.14809224275996,1004639
22,2026-07-14 21:25:29,"ntc1_C",-4.10620604401436,1003138
22,2026-07-14 21:25:29,"ntc2_C",-4.07413309556455,1002966
22,2026-07-14 21:25:29,"testSB_C",-4.15766265633073,1003525
23,2026-07-14 21:25:29,"ntc1_C",-4.18764873990733,1008503
23,2026-07-14 21:25:29,"ntc2_C",-4.15033160537075,1004471
23,2026-07-14 21:25:29,"testSB_C",-4.23326795418626,1006165
24,2026-07-14 21:25:29,"ntc1_C",-4.20816210687207,1007283
24,2026-07-14 21:25:29,"ntc2_C",-4.2421824760599,1010229
24,2026-07-14 21:25:29,"testSB_C",-4.27317160581714,1007766
1,2026-07-15 00:24:57,"ntc1_C",-13.1974718855341,1448915
1,2026-07-15 00:24:57,"testSB_C",-13.1920461823559,1451670
2,2026-07-15 00:24:57,"ntc1_C",-13.1483079657938,1448221
2,2026-07-15 00:24:57,"ntc2_C",-13.1292382036031,1446684
2,2026-07-15 00:24:57,"testSB_C",-13.1479269059394,1450636
3,2026-07-15 00:24:57,"ntc1_C",-13.110516689936,1448226
3,2026-07-15 00:24:57,"ntc2_C",-13.086168344627,1445478
3,2026-07-15 00:24:57,"testSB_C",-13.0702695899162,1443861
4,2026-07-15 00:24:57,"ntc1_C",-13.0841817091317,1446063
4,2026-07-15 00:24:57,"ntc2_C",-13.0794155013176,1442331
4,2026-07-15 00:24:57,"testSB_C",-13.0481592643638,1440742
5,2026-07-15 00:24:57,"ntc1_C",-13.0072915958198,1438704
5,2026-07-15 00:24:57,"ntc2_C",-13.0335522360515,1441976
5,2026-07-15 00:24:57,"testSB_C",-13.00307297553,1441358
6,2026-07-15 00:24:57,"ntc1_C",-12.9869246196654,1438076
6,2026-07-15 00:24:57,"ntc2_C",-13.0243252895685,1442121
6,2026-07-15 00:24:57,"testSB_C",-13.0028457909273,1441100
7,2026-07-15 00:24:57,"ntc1_C",-12.9635326127741,1436833
7,2026-07-15 00:24:57,"ntc2_C",-13.0072577681121,1441837
7,2026-07-15 00:24:57,"testSB_C",-12.9766894548583,1439928
8,2026-07-15 00:24:57,"ntc1_C",-12.9472941026224,1441130
8,2026-07-15 00:24:57,"ntc2_C",-12.9227521950525,1433993
8,2026-07-15 00:24:57,"testSB_C",-12.953717382505,1433284
9,2026-07-15 00:24:57,"ntc1_C",-12.8913414772319,1431691
9,2026-07-15 00:24:57,"ntc2_C",-12.9331083197632,1439286
9,2026-07-15 00:24:57,"testSB_C",-12.9100324505164,1435557
10,2026-07-15 00:24:57,"ntc1_C",-12.8889339352968,1434793
10,2026-07-15 00:24:57,"ntc2_C",-12.9301001025661,1433677
10,2026-07-15 00:24:57,"testSB_C",-12.9038827507524,1433244
11,2026-07-15 00:24:57,"ntc1_C",-12.8957769831039,1435458
11,2026-07-15 00:24:57,"ntc2_C",-12.92736825156,1436820
11,2026-07-15 00:24:57,"testSB_C",-12.8805901904745,1432095
12,2026-07-15 00:24:57,"ntc1_C",-12.9128093868235,1435315
12,2026-07-15 00:24:57,"ntc2_C",-12.883191124271,1432786
12,2026-07-15 00:24:57,"testSB_C",-12.8769719096918,1432282
13,2026-07-15 00:24:57,"ntc1_C",-12.8786701128791,1437488
13,2026-07-15 00:24:57,"ntc2_C",-12.8680075064206,1429731
13,2026-07-15 00:24:57,"testSB_C",-12.8326944012882,1429929
14,2026-07-15 00:24:57,"ntc1_C",-12.8469114858566,1429187
14,2026-07-15 00:24:57,"ntc2_C",-12.8433432863618,1432409
14,2026-07-15 00:24:57,"testSB_C",-12.8387889327759,1432044
15,2026-07-15 00:24:57,"ntc1_C",-12.8247647692682,1426738
15,2026-07-15 00:24:57,"ntc2_C",-12.8233549458782,1431764
15,2026-07-15 00:24:57,"testSB_C",-12.8480221176658,1433470
16,2026-07-15 00:24:57,"ntc1_C",-12.7831689816855,1426008
16,2026-07-15 00:24:57,"ntc2_C",-12.8289396323959,1427903
16,2026-07-15 00:24:57,"testSB_C",-12.7598288993416,1423829
17,2026-07-15 00:24:57,"ntc1_C",-12.8009482233505,1426920
17,2026-07-15 00:24:57,"ntc2_C",-12.7479877319895,1423099
17,2026-07-15 00:24:57,"testSB_C",-12.71612500331,1425638
18,2026-07-15 00:24:57,"ntc1_C",-12.7393949773417,1427456
18,2026-07-15 00:24:57,"ntc2_C",-12.7319218861343,1423309
18,2026-07-15 00:24:57,"testSB_C",-12.6906360589708,1420312
19,2026-07-15 00:24:57,"ntc1_C",-12.6926635003356,1424472
19,2026-07-15 00:24:57,"ntc2_C",-12.7148769273282,1424317
19,2026-07-15 00:24:57,"testSB_C",-12.6737687389041,1423912
20,2026-07-15 00:24:57,"ntc1_C",-12.6991215036505,1422454
20,2026-07-15 00:24:57,"ntc2_C",-12.701121023073,1424911
20,2026-07-15 00:24:57,"testSB_C",-12.6575558289468,1417970
21,2026-07-15 00:24:57,"ntc1_C",-12.6594038655522,1417191
21,2026-07-15 00:24:57,"ntc2_C",-12.6813944182982,1422107
21,2026-07-15 00:24:57,"testSB_C",-12.6209340236674,1418832
22,2026-07-15 00:24:57,"ntc1_C",-12.6174790609996,1418865
22,2026-07-15 00:24:57,"ntc2_C",-12.6391259046235,1421470
22,2026-07-15 00:24:57,"testSB_C",-12.616030262072,1416361
23,2026-07-15 00:24:57,"ntc1_C",-12.6410208703969,1422995
23,2026-07-15 00:24:57,"ntc2_C",-12.6151133877339,1418051
23,2026-07-15 00:24:57,"testSB_C",-12.6310446682366,1416185
24,2026-07-15 00:24:57,"ntc1_C",-12.6115879423722,1418592
24,2026-07-15 00:24:57,"ntc2_C",-12.6126473544546,1420722
24,2026-07-15 00:24:57,"testSB_C",-12.5771898197317,1413355
1,2026-07-15 03:24:57,"ntc1_C",-15.0752352382814,1564309
1,2026-07-15 03:24:57,"testSB_C",-15.052975791723,1566150
2,2026-07-15 03:24:57,"ntc1_C",-14.9912874976222,1561324
2,2026-07-15 03:24:57,"ntc2_C",-15.0049759273243,1561744
2,2026-07-15 03:24:57,"testSB_C",-14.9916457313558,1563841
3,2026-07-15 03:24:57,"ntc1_C",-14.9301818000279,1559770
3,2026-07-15 03:24:57,"ntc2_C",-14.9122539621203,1557270
3,2026-07-15 03:24:57,"testSB_C",-14.917742982832,1556836
4,2026-07-15 03:24:57,"ntc1_C",-14.90715857149,1557695
4,2026-07-15 03:24:57,"ntc2_C",-14.8960095665211,1553256
4,2026-07-15 03:24:57,"testSB_C",-14.9166539544739,1554830
5,2026-07-15 03:24:57,"ntc1_C",-14.9105366578464,1554896
5,2026-07-15 03:24:57,"ntc2_C",-14.8603311864441,1553517
5,2026-07-15 03:24:57,"testSB_C",-14.8808783853862,1556096
6,2026-07-15 03:24:57,"ntc1_C",-14.8809544911038,1553515
6,2026-07-15 03:24:57,"ntc2_C",-14.851526265066,1553722
6,2026-07-15 03:24:57,"testSB_C",-14.8764959846924,1555527
7,2026-07-15 03:24:57,"ntc1_C",-14.8323387641321,1550686
7,2026-07-15 03:24:57,"ntc2_C",-14.8254325234225,1552865
7,2026-07-15 03:24:57,"testSB_C",-14.826164415624,1552742
8,2026-07-15 03:24:57,"ntc1_C",-14.8227792076825,1555717
8,2026-07-15 03:24:57,"ntc2_C",-14.7791065577405,1546811
8,2026-07-15 03:24:57,"testSB_C",-14.7967698944485,1545212
9,2026-07-15 03:24:57,"ntc1_C",-14.7758039315511,1546072
9,2026-07-15 03:24:57,"ntc2_C",-14.7774314667311,1551793
9,2026-07-15 03:24:57,"testSB_C",-14.7762441074726,1549145
10,2026-07-15 03:24:57,"ntc1_C",-14.7503774967878,1547948
10,2026-07-15 03:24:57,"ntc2_C",-14.7189682216119,1542217
10,2026-07-15 03:24:57,"testSB_C",-14.7777933678063,1547126
11,2026-07-15 03:24:57,"ntc1_C",-14.7349484290193,1547255
11,2026-07-15 03:24:57,"ntc2_C",-14.7174343772624,1545656
11,2026-07-15 03:24:57,"testSB_C",-14.7242950520958,1543944
12,2026-07-15 03:24:57,"ntc1_C",-14.7118174706104,1544576
12,2026-07-15 03:24:57,"ntc2_C",-14.6884569030867,1542255
12,2026-07-15 03:24:57,"testSB_C",-14.6970868175636,1542683
13,2026-07-15 03:24:57,"ntc1_C",-14.6637841932657,1546043
13,2026-07-15 03:24:57,"ntc2_C",-14.6481598213412,1537454
13,2026-07-15 03:24:57,"testSB_C",-14.6345856090926,1539003
14,2026-07-15 03:24:57,"ntc1_C",-14.61971575152,1536346
14,2026-07-15 03:24:57,"ntc2_C",-14.5927502549101,1538328
14,2026-07-15 03:24:57,"testSB_C",-14.5878791672365,1537939
15,2026-07-15 03:24:57,"ntc1_C",-14.5650032733885,1531670
15,2026-07-15 03:24:57,"ntc2_C",-14.563160190913,1537092
15,2026-07-15 03:24:57,"testSB_C",-14.5539904749901,1536787
16,2026-07-15 03:24:57,"ntc1_C",-14.5487933412032,1532532
16,2026-07-15 03:24:57,"ntc2_C",-14.5099370146863,1529305
16,2026-07-15 03:24:57,"testSB_C",-14.5281459538039,1530392
17,2026-07-15 03:24:57,"ntc1_C",-14.5186411221022,1530509
17,2026-07-15 03:24:57,"ntc2_C",-14.5064857073505,1528915
17,2026-07-15 03:24:57,"testSB_C",-14.4907346426864,1532660
18,2026-07-15 03:24:57,"ntc1_C",-14.4573118755249,1531035
18,2026-07-15 03:24:57,"ntc2_C",-14.4429510482906,1526127
18,2026-07-15 03:24:57,"testSB_C",-14.4777116056414,1527774
19,2026-07-15 03:24:57,"ntc1_C",-14.5018740354442,1533591
19,2026-07-15 03:24:57,"ntc2_C",-14.4455495920631,1528533
19,2026-07-15 03:24:57,"testSB_C",-14.4404263107164,1530350
20,2026-07-15 03:24:57,"ntc1_C",-14.4446594273037,1527484
20,2026-07-15 03:24:57,"ntc2_C",-14.4242025412163,1528706
20,2026-07-15 03:24:57,"testSB_C",-14.4157750788978,1523442
21,2026-07-15 03:24:57,"ntc1_C",-14.4235993392729,1522890
21,2026-07-15 03:24:57,"ntc2_C",-14.3798753548706,1524147
21,2026-07-15 03:24:57,"testSB_C",-14.3860867211462,1524796
22,2026-07-15 03:24:57,"ntc1_C",-14.3845029681344,1524945
22,2026-07-15 03:24:57,"ntc2_C",-14.3618018078544,1524934
22,2026-07-15 03:24:57,"testSB_C",-14.3817639431437,1522185
23,2026-07-15 03:24:57,"ntc1_C",-14.3869699250139,1528024
23,2026-07-15 03:24:57,"ntc2_C",-14.3418101629484,1521561
23,2026-07-15 03:24:57,"testSB_C",-14.373253326479,1520407
24,2026-07-15 03:24:57,"ntc1_C",-14.3671935708395,1523950
24,2026-07-15 03:24:57,"ntc2_C",-14.3212955528367,1523292
24,2026-07-15 03:24:57,"testSB_C",-14.3242045108157,1517765
1,2026-07-15 06:24:57,"ntc1_C",-12.4717484996306,1406607
1,2026-07-15 06:24:57,"testSB_C",-12.5537255191412,1414339
2,2026-07-15 06:24:57,"ntc1_C",-12.7253768297019,1423430
2,2026-07-15 06:24:57,"ntc2_C",-12.8211438924981,1428603
2,2026-07-15 06:24:57,"testSB_C",-12.5827482888511,1417584
3,2026-07-15 06:24:57,"ntc1_C",-11.6153524073599,1362514
3,2026-07-15 06:24:57,"ntc2_C",-12.0532066515169,1385796
3,2026-07-15 06:24:57,"testSB_C",-12.1854919233599,1392667
4,2026-07-15 06:24:57,"ntc1_C",-11.6002056161327,1361071
4,2026-07-15 06:24:57,"ntc2_C",-11.5470491224214,1354893
4,2026-07-15 06:24:57,"testSB_C",-12.3008798270416,1397469
5,2026-07-15 06:24:57,"ntc1_C",-12.260879113699,1395519
5,2026-07-15 06:24:57,"ntc2_C",-11.9851071842913,1381580
5,2026-07-15 06:24:57,"testSB_C",-12.2632690772917,1398489
6,2026-07-15 06:24:57,"ntc1_C",-12.1974241827747,1392501
6,2026-07-15 06:24:57,"ntc2_C",-11.8350341737997,1373784
6,2026-07-15 06:24:57,"testSB_C",-12.3764750815499,1404735
7,2026-07-15 06:24:57,"ntc1_C",-12.1868791513144,1391988
7,2026-07-15 06:24:57,"ntc2_C",-11.4803397037581,1354700
7,2026-07-15 06:24:57,"testSB_C",-12.3750406533899,1405007
8,2026-07-15 06:24:57,"ntc1_C",-12.3338493252201,1405493
8,2026-07-15 06:24:57,"ntc2_C",-12.329345047415,1399677
8,2026-07-15 06:24:57,"testSB_C",-11.6263717789663,1357691
9,2026-07-15 06:24:57,"ntc1_C",-12.3152872414905,1398428
9,2026-07-15 06:24:57,"ntc2_C",-12.0474539423308,1388167
9,2026-07-15 06:24:57,"testSB_C",-12.2605703816945,1397993
10,2026-07-15 06:24:57,"ntc1_C",-12.3287184100143,1402369
10,2026-07-15 06:24:57,"ntc2_C",-11.7803177450753,1367947
10,2026-07-15 06:24:57,"testSB_C",-12.252995345172,1395663
11,2026-07-15 06:24:57,"ntc1_C",-12.4346011590087,1408702
11,2026-07-15 06:24:57,"ntc2_C",-11.9138455293499,1378601
11,2026-07-15 06:24:57,"testSB_C",-12.1498358542948,1390019
12,2026-07-15 06:24:57,"ntc1_C",-11.3082785753411,1344354
12,2026-07-15 06:24:57,"ntc2_C",-11.8634737348448,1374392
12,2026-07-15 06:24:57,"testSB_C",-12.0568279236217,1385129
13,2026-07-15 06:24:57,"ntc1_C",-11.9662548724696,1384953
13,2026-07-15 06:24:57,"ntc2_C",-11.874156855447,1372880
13,2026-07-15 06:24:57,"testSB_C",-12.1225696424088,1389078
14,2026-07-15 06:24:57,"ntc1_C",-12.109609210134,1386832
14,2026-07-15 06:24:57,"ntc2_C",-11.8529151626298,1375681
14,2026-07-15 06:24:57,"testSB_C",-12.0597459772875,1387234
15,2026-07-15 06:24:57,"ntc1_C",-12.1370405793088,1387263
15,2026-07-15 06:24:57,"ntc2_C",-11.6781970688052,1366375
15,2026-07-15 06:24:57,"testSB_C",-11.5025596987675,1356870
16,2026-07-15 06:24:57,"ntc1_C",-12.1315384330044,1388576
16,2026-07-15 06:24:57,"ntc2_C",-12.1427521760884,1388452
16,2026-07-15 06:24:57,"testSB_C",-11.9161167611032,1375611
17,2026-07-15 06:24:57,"ntc1_C",-12.0828913705969,1385704
17,2026-07-15 06:24:57,"ntc2_C",-12.068043802745,1384159
17,2026-07-15 06:24:57,"testSB_C",-12.3166255737223,1402585
18,2026-07-15 06:24:57,"ntc1_C",-12.1563372294736,1393904
18,2026-07-15 06:24:57,"ntc2_C",-11.7908315000107,1369718
18,2026-07-15 06:24:57,"testSB_C",-12.1289542408152,1388110
19,2026-07-15 06:24:57,"ntc1_C",-12.1283381195431,1392037
19,2026-07-15 06:24:57,"ntc2_C",-12.0308153552542,1385095
19,2026-07-15 06:24:57,"testSB_C",-12.0240561899182,1386642
20,2026-07-15 06:24:57,"ntc1_C",-11.9917100386851,1381957
20,2026-07-15 06:24:57,"ntc2_C",-11.5215603184538,1357920
20,2026-07-15 06:24:57,"testSB_C",-11.8369356994978,1371255
21,2026-07-15 06:24:57,"ntc1_C",-12.062856103454,1383123
21,2026-07-15 06:24:57,"ntc2_C",-11.4791962770163,1354010
21,2026-07-15 06:24:57,"testSB_C",-12.2416516523684,1397034
22,2026-07-15 06:24:57,"ntc1_C",-12.024262921707,1384920
22,2026-07-15 06:24:57,"ntc2_C",-11.67694577241,1366747
22,2026-07-15 06:24:57,"testSB_C",-12.0967596587955,1386653
23,2026-07-15 06:24:57,"ntc1_C",-11.8462821231806,1377589
23,2026-07-15 06:24:57,"ntc2_C",-11.6811937445328,1365011
23,2026-07-15 06:24:57,"testSB_C",-12.1178202932512,1386855
24,2026-07-15 06:24:57,"ntc1_C",-12.0630940598711,1387181
24,2026-07-15 06:24:57,"ntc2_C",-11.7512599474528,1371642
24,2026-07-15 06:24:57,"testSB_C",-11.9772289307159,1379169
1,2026-07-15 09:24:57,"ntc1_C",-8.41944625894956,1192139
1,2026-07-15 09:24:57,"testSB_C",-8.55801641119814,1201556
2,2026-07-15 09:24:57,"ntc1_C",-9.03069277118806,1224142
2,2026-07-15 09:24:57,"ntc2_C",-8.9697869944464,1220777
2,2026-07-15 09:24:57,"testSB_C",-8.9870776799296,1224258
3,2026-07-15 09:24:57,"ntc1_C",-7.28335924263774,1141907
3,2026-07-15 09:24:57,"ntc2_C",-7.81441385813099,1165707
3,2026-07-15 09:24:57,"testSB_C",-8.03580062014089,1175832
4,2026-07-15 09:24:57,"ntc1_C",-7.3191696281213,1143004
4,2026-07-15 09:24:57,"ntc2_C",-7.16808153674464,1133336
4,2026-07-15 09:24:57,"testSB_C",-8.19358185145154,1181886
5,2026-07-15 09:24:57,"ntc1_C",-8.06410233357445,1175836
5,2026-07-15 09:24:57,"ntc2_C",-7.88506150349247,1168818
5,2026-07-15 09:24:57,"testSB_C",-8.15853715565129,1182851
6,2026-07-15 09:24:57,"ntc1_C",-8.2192519804957,1183978
6,2026-07-15 09:24:57,"ntc2_C",-7.68996147434302,1160050
6,2026-07-15 09:24:57,"testSB_C",-8.36108437696356,1192497
7,2026-07-15 09:24:57,"ntc1_C",-8.08724311475856,1177539
7,2026-07-15 09:24:57,"ntc2_C",-7.38267549781733,1146160
7,2026-07-15 09:24:57,"testSB_C",-8.37960474424762,1193694
8,2026-07-15 09:24:57,"ntc1_C",-8.3055335611424,1192444
8,2026-07-15 09:24:57,"ntc2_C",-8.23284501540593,1184231
8,2026-07-15 09:24:57,"testSB_C",-7.50611619218608,1147658
9,2026-07-15 09:24:57,"ntc1_C",-8.32153634787585,1188187
9,2026-07-15 09:24:57,"ntc2_C",-7.93517216093761,1173683
9,2026-07-15 09:24:57,"testSB_C",-8.23632298438554,1186253
10,2026-07-15 09:24:57,"ntc1_C",-8.29502734955986,1189617
10,2026-07-15 09:24:57,"ntc2_C",-7.75983713457077,1161028
10,2026-07-15 09:24:57,"testSB_C",-8.38517966537779,1191877
11,2026-07-15 09:24:57,"ntc1_C",-8.43190149450504,1196511
11,2026-07-15 09:24:57,"ntc2_C",-7.92702820766431,1171690
11,2026-07-15 09:24:57,"testSB_C",-8.2132493464282,1183812
12,2026-07-15 09:24:57,"ntc1_C",-7.28522927344011,1140991
12,2026-07-15 09:24:57,"ntc2_C",-7.80383641888835,1164685
12,2026-07-15 09:24:57,"testSB_C",-8.07992796704048,1177676
13,2026-07-15 09:24:57,"ntc1_C",-8.19144575728393,1187310
13,2026-07-15 09:24:57,"ntc2_C",-7.68467395708143,1157163
13,2026-07-15 09:24:57,"testSB_C",-8.14089199458317,1180792
14,2026-07-15 09:24:57,"ntc1_C",-8.20504194124686,1182666
14,2026-07-15 09:24:57,"ntc2_C",-7.82829394199882,1167462
14,2026-07-15 09:24:57,"testSB_C",-8.22554941944088,1186374
15,2026-07-15 09:24:57,"ntc1_C",-8.44661431345105,1193421
15,2026-07-15 09:24:57,"ntc2_C",-7.67326989555295,1160419
15,2026-07-15 09:24:57,"testSB_C",-7.69515051781389,1161683
16,2026-07-15 09:24:57,"ntc1_C",-8.49216062687253,1196935
16,2026-07-15 09:24:57,"ntc2_C",-8.27032678529889,1185467
16,2026-07-15 09:24:57,"testSB_C",-8.25754500675293,1184796
17,2026-07-15 09:24:57,"ntc1_C",-8.32732840709434,1188826
17,2026-07-15 09:24:57,"ntc2_C",-8.21760229123083,1182986
17,2026-07-15 09:24:57,"testSB_C",-8.53430206229189,1202023
18,2026-07-15 09:24:57,"ntc1_C",-8.42386108120081,1197083
18,2026-07-15 09:24:57,"ntc2_C",-7.93430636353304,1170476
18,2026-07-15 09:24:57,"testSB_C",-8.23949329638674,1184353
19,2026-07-15 09:24:57,"ntc1_C",-8.31223221538903,1191325
19,2026-07-15 09:24:57,"ntc2_C",-8.22861262258897,1186040
19,2026-07-15 09:24:57,"testSB_C",-8.11025559996312,1181966
20,2026-07-15 09:24:57,"ntc1_C",-8.20971643901208,1184296
20,2026-07-15 09:24:57,"ntc2_C",-7.33996447623656,1144959
20,2026-07-15 09:24:57,"testSB_C",-7.80305189788515,1163171
21,2026-07-15 09:24:57,"ntc1_C",-8.20429529016957,1181788
21,2026-07-15 09:24:57,"ntc2_C",-7.4504396729838,1148841
21,2026-07-15 09:24:57,"testSB_C",-8.30952544354602,1189929
22,2026-07-15 09:24:57,"ntc1_C",-8.24407825974089,1186969
22,2026-07-15 09:24:57,"ntc2_C",-7.45887864801125,1150807
22,2026-07-15 09:24:57,"testSB_C",-8.12877031988205,1179382
23,2026-07-15 09:24:57,"ntc1_C",-7.78217888116126,1167177
23,2026-07-15 09:24:57,"ntc2_C",-7.52042095254092,1151943
23,2026-07-15 09:24:57,"testSB_C",-8.09201100246435,1176960
24,2026-07-15 09:24:57,"ntc1_C",-8.08638563838144,1179395
24,2026-07-15 09:24:57,"ntc2_C",-7.74799291563164,1164993
24,2026-07-15 09:24:57,"testSB_C",-8.0524579210587,1175142
1,2026-07-15 12:24:57,"ntc1_C",-3.76847608491119,986663
1,2026-07-15 12:24:57,"testSB_C",-3.75928595069161,988583
2,2026-07-15 12:24:57,"ntc1_C",-4.10762236757245,1001899
2,2026-07-15 12:24:57,"ntc2_C",-3.99787557156435,997204
2,2026-07-15 12:24:57,"testSB_C",-3.8997219220139,995582
3,2026-07-15 12:24:57,"ntc1_C",-2.56053576910944,942729
3,2026-07-15 12:24:57,"ntc2_C",-2.98424522523101,957988
3,2026-07-15 12:24:57,"testSB_C",-3.16613222132469,964810
4,2026-07-15 12:24:57,"ntc1_C",-2.75381979388516,949605
4,2026-07-15 12:24:57,"ntc2_C",-2.66357690274378,943980
4,2026-07-15 12:24:57,"testSB_C",-3.29377688017962,968536
5,2026-07-15 12:24:57,"ntc1_C",-3.29860611628834,968758
5,2026-07-15 12:24:57,"ntc2_C",-3.10543392823428,962575
5,2026-07-15 12:24:57,"testSB_C",-3.21380895423175,967542
6,2026-07-15 12:24:57,"ntc1_C",-3.41533734319893,974070
6,2026-07-15 12:24:57,"ntc2_C",-3.02258085370232,959686
6,2026-07-15 12:24:57,"testSB_C",-3.34752755530644,972689
7,2026-07-15 12:24:57,"ntc1_C",-3.23655439249984,966832
7,2026-07-15 12:24:57,"ntc2_C",-2.81066928516248,951928
7,2026-07-15 12:24:57,"testSB_C",-3.38274475513623,974331
8,2026-07-15 12:24:57,"ntc1_C",-3.3741107400117,975832
8,2026-07-15 12:24:57,"ntc2_C",-3.35489768093987,971276
8,2026-07-15 12:24:57,"testSB_C",-2.86168011958466,950410
9,2026-07-15 12:24:57,"ntc1_C",-3.37498635760625,971840
9,2026-07-15 12:24:57,"ntc2_C",-3.02367934213419,961304
9,2026-07-15 12:24:57,"testSB_C",-3.34996919993176,972548
10,2026-07-15 12:24:57,"ntc1_C",-3.33297482449603,972404
10,2026-07-15 12:24:57,"ntc2_C",-2.93553421238261,954440
10,2026-07-15 12:24:57,"testSB_C",-3.28299567586248,968637
11,2026-07-15 12:24:57,"ntc1_C",-3.46867975984401,977984
11,2026-07-15 12:24:57,"ntc2_C",-2.95643928131767,957495
11,2026-07-15 12:24:57,"testSB_C",-3.19555224716993,965509
12,2026-07-15 12:24:57,"ntc1_C",-2.62335792812507,944315
12,2026-07-15 12:24:57,"ntc2_C",-2.91551199757663,954993
12,2026-07-15 12:24:57,"testSB_C",-3.10243290484294,962048
13,2026-07-15 12:24:57,"ntc1_C",-3.04404838042785,963244
13,2026-07-15 12:24:57,"ntc2_C",-2.69743757049559,944968
13,2026-07-15 12:24:57,"testSB_C",-3.09089098825757,961719
14,2026-07-15 12:24:57,"ntc1_C",-3.09679654444847,961049
14,2026-07-15 12:24:57,"ntc2_C",-2.78252858480596,951190
14,2026-07-15 12:24:57,"testSB_C",-3.11774354918134,964021
15,2026-07-15 12:24:57,"ntc1_C",-3.21323448926296,964858
15,2026-07-15 12:24:57,"ntc2_C",-2.87657492048766,954987
15,2026-07-15 12:24:57,"testSB_C",-2.76816476705523,950990
16,2026-07-15 12:24:57,"ntc1_C",-3.33655647700692,970610
16,2026-07-15 12:24:57,"ntc2_C",-3.06250285541864,959298
16,2026-07-15 12:24:57,"testSB_C",-3.14661478021128,962516
17,2026-07-15 12:24:57,"ntc1_C",-3.06973997159309,960101
17,2026-07-15 12:24:57,"ntc2_C",-3.04959576584974,958956
17,2026-07-15 12:24:57,"testSB_C",-3.31092956133983,972079
18,2026-07-15 12:24:57,"ntc1_C",-3.17353836122436,967126
18,2026-07-15 12:24:57,"ntc2_C",-3.05125686493028,960003
18,2026-07-15 12:24:57,"testSB_C",-3.17464652639291,963955
19,2026-07-15 12:24:57,"ntc1_C",-3.18313002209408,967150
19,2026-07-15 12:24:57,"ntc2_C",-3.13879049712364,964390
19,2026-07-15 12:24:57,"testSB_C",-3.06330471818927,962770
20,2026-07-15 12:24:57,"ntc1_C",-3.10673290738703,962430
20,2026-07-15 12:24:57,"ntc2_C",-2.68502707085287,947730
20,2026-07-15 12:24:57,"testSB_C",-2.81705553627535,949912
21,2026-07-15 12:24:57,"ntc1_C",-3.19570513865398,964298
21,2026-07-15 12:24:57,"ntc2_C",-2.82662655665376,952162
21,2026-07-15 12:24:57,"testSB_C",-3.43015530899095,975823
22,2026-07-15 12:24:57,"ntc1_C",-3.2526581448268,969037
22,2026-07-15 12:24:57,"ntc2_C",-2.71100426759057,949128
22,2026-07-15 12:24:57,"testSB_C",-3.40280501609294,973294
23,2026-07-15 12:24:57,"ntc1_C",-3.19955333314527,968924
23,2026-07-15 12:24:57,"ntc2_C",-2.86958032392567,953688
23,2026-07-15 12:24:57,"testSB_C",-3.24194392422407,966578
24,2026-07-15 12:24:57,"ntc1_C",-3.18749098773287,966460
24,2026-07-15 12:24:57,"ntc2_C",-2.99903671738713,960604
24,2026-07-15 12:24:57,"testSB_C",-3.28549681268839,968233
1,2026-07-15 15:24:57,"ntc1_C",-1.26605964243709,891696
1,2026-07-15 15:24:57,"testSB_C",-1.31399745200855,895539
2,2026-07-15 15:24:57,"ntc1_C",-1.32282434629394,895140
2,2026-07-15 15:24:57,"ntc2_C",-1.05866496877877,885447
2,2026-07-15 15:24:57,"testSB_C",-1.09762115155644,889027
3,2026-07-15 15:24:57,"ntc1_C",-0.243446415742483,858609
3,2026-07-15 15:24:57,"ntc2_C",-0.347785657798795,861250
3,2026-07-15 15:24:57,"testSB_C",-0.187227722649709,855533
4,2026-07-15 15:24:57,"ntc1_C",-0.402614510496278,863633
4,2026-07-15 15:24:57,"ntc2_C",-0.323339333193189,858938
4,2026-07-15 15:24:57,"testSB_C",-0.314436830906743,858791
5,2026-07-15 15:24:57,"ntc1_C",-0.385937921695074,861235
5,2026-07-15 15:24:57,"ntc2_C",-0.486524757285963,866014
5,2026-07-15 15:24:57,"testSB_C",-0.219499401589985,857390
6,2026-07-15 15:24:57,"ntc1_C",-0.52862683544663,866919
6,2026-07-15 15:24:57,"ntc2_C",-0.469087124404325,865669
6,2026-07-15 15:24:57,"testSB_C",-0.341031736296827,861505
7,2026-07-15 15:24:57,"ntc1_C",-0.314048359388039,859206
7,2026-07-15 15:24:57,"ntc2_C",-0.512223288540326,867569
7,2026-07-15 15:24:57,"testSB_C",-0.32579859755009,861217
8,2026-07-15 15:24:57,"ntc1_C",-0.434266263373672,866577
8,2026-07-15 15:24:57,"ntc2_C",-0.298897031725744,858550
8,2026-07-15 15:24:57,"testSB_C",-0.323521040470894,857896
9,2026-07-15 15:24:57,"ntc1_C",-0.40598922612935,862081
9,2026-07-15 15:24:57,"ntc2_C",-0.202182585773301,857806
9,2026-07-15 15:24:57,"testSB_C",-0.384458806373289,862779
10,2026-07-15 15:24:57,"ntc1_C",-0.352396939000869,862175
10,2026-07-15 15:24:57,"ntc2_C",-0.421018523502312,862334
10,2026-07-15 15:24:57,"testSB_C",-0.397773007026274,862108
11,2026-07-15 15:24:57,"ntc1_C",-0.431395896719039,865132
11,2026-07-15 15:24:57,"ntc2_C",-0.275055957840948,859306
11,2026-07-15 15:24:57,"testSB_C",-0.322379284499732,859808
12,2026-07-15 15:24:57,"ntc1_C",-0.386118048990284,862823
12,2026-07-15 15:24:57,"ntc2_C",-0.289428454433278,858979
12,2026-07-15 15:24:57,"testSB_C",-0.350229106392476,860890
13,2026-07-15 15:24:57,"ntc1_C",-0.346140485221213,863840
13,2026-07-15 15:24:57,"ntc2_C",-0.0685057087015934,849855
13,2026-07-15 15:24:57,"testSB_C",-0.208444385859025,856069
14,2026-07-15 15:24:57,"ntc1_C",-0.0630932356505696,850331
14,2026-07-15 15:24:57,"ntc2_C",-0.158242282153708,855638
14,2026-07-15 15:24:57,"testSB_C",-0.282269863146098,859758
15,2026-07-15 15:24:57,"ntc1_C",-0.265692872358329,856661
15,2026-07-15 15:24:57,"ntc2_C",-0.290445112770612,860323
15,2026-07-15 15:24:57,"testSB_C",-0.339368887939202,862178
16,2026-07-15 15:24:57,"ntc1_C",-0.370697068373886,861040
16,2026-07-15 15:24:57,"ntc2_C",-0.120545552900069,851864
16,2026-07-15 15:24:57,"testSB_C",-0.215491688223494,855071
17,2026-07-15 15:24:57,"ntc1_C",-0.10672040895605,851859
17,2026-07-15 15:24:57,"ntc2_C",-0.215469078706747,855305
17,2026-07-15 15:24:57,"testSB_C",-0.276175308976917,859958
18,2026-07-15 15:24:57,"ntc1_C",-0.157346819358509,856279
18,2026-07-15 15:24:57,"ntc2_C",-0.511250060478005,866490
18,2026-07-15 15:24:57,"testSB_C",-0.317379599077185,858885
19,2026-07-15 15:24:57,"ntc1_C",-0.234409561425991,858587
19,2026-07-15 15:24:57,"ntc2_C",-0.358588145788019,861963
19,2026-07-15 15:24:57,"testSB_C",-0.283554008650299,860544
20,2026-07-15 15:24:57,"ntc1_C",-0.124864990931371,853245
20,2026-07-15 15:24:57,"ntc2_C",-0.306053103375007,860942
20,2026-07-15 15:24:57,"testSB_C",0.0988072606348851,844484
21,2026-07-15 15:24:57,"ntc1_C",-0.179158129426241,853821
21,2026-07-15 15:24:57,"ntc2_C",-0.438955443873965,864667
21,2026-07-15 15:24:57,"testSB_C",-0.43582659971031,864647
22,2026-07-15 15:24:57,"ntc1_C",-0.223416113116741,857493
22,2026-07-15 15:24:57,"ntc2_C",-0.172607257618381,856791
22,2026-07-15 15:24:57,"testSB_C",-0.524850710819976,866508
23,2026-07-15 15:24:57,"ntc1_C",-0.53272430404968,870000
23,2026-07-15 15:24:57,"ntc2_C",-0.246348316599097,857887
23,2026-07-15 15:24:57,"testSB_C",-0.421910749581002,862634
24,2026-07-15 15:24:57,"ntc1_C",-0.172505357914247,855674
24,2026-07-15 15:24:57,"ntc2_C",-0.407093449087881,865162
24,2026-07-15 15:24:57,"testSB_C",-0.368733905801321,860681
1,2026-07-15 18:24:57,"ntc1_C",-1.89428099765291,914598
1,2026-07-15 18:24:57,"testSB_C",-2.09620448663799,924260
2,2026-07-15 18:24:57,"ntc1_C",-1.89042645379914,915890
2,2026-07-15 18:24:57,"ntc2_C",-1.40443040052861,897883
2,2026-07-15 18:24:57,"testSB_C",-1.96820975922645,920790
3,2026-07-15 18:24:57,"ntc1_C",-0.938886726414296,882994
3,2026-07-15 18:24:57,"ntc2_C",-0.873131137770542,879673
3,2026-07-15 18:24:57,"testSB_C",-0.383647349806097,862321
4,2026-07-15 18:24:57,"ntc1_C",-0.898177490593582,881047
4,2026-07-15 18:24:57,"ntc2_C",-0.794913694266484,875402
4,2026-07-15 18:24:57,"testSB_C",-0.434973891230698,862967
5,2026-07-15 18:24:57,"ntc1_C",-0.452939964429447,863562
5,2026-07-15 18:24:57,"ntc2_C",-0.812823143848334,877468
5,2026-07-15 18:24:57,"testSB_C",-0.505241516530248,867308
6,2026-07-15 18:24:57,"ntc1_C",-0.632712617814832,870559
6,2026-07-15 18:24:57,"ntc2_C",-0.842076898003199,878775
6,2026-07-15 18:24:57,"testSB_C",-0.469251363078115,865963
7,2026-07-15 18:24:57,"ntc1_C",-0.390680475221984,861861
7,2026-07-15 18:24:57,"ntc2_C",-0.958492907778577,883311
7,2026-07-15 18:24:57,"testSB_C",-0.601626739216158,870832
8,2026-07-15 18:24:57,"ntc1_C",-0.537240922822377,870178
8,2026-07-15 18:24:57,"ntc2_C",-0.338695414396227,859926
8,2026-07-15 18:24:57,"testSB_C",-0.778565598686953,873757
9,2026-07-15 18:24:57,"ntc1_C",-0.353115606566291,860249
9,2026-07-15 18:24:57,"ntc2_C",-0.469201381468451,867078
9,2026-07-15 18:24:57,"testSB_C",-0.43171455118744,864422
10,2026-07-15 18:24:57,"ntc1_C",-0.396168663112746,863695
10,2026-07-15 18:24:57,"ntc2_C",-0.79425305026507,875392
10,2026-07-15 18:24:57,"testSB_C",-0.640780337569993,870586
11,2026-07-15 18:24:57,"ntc1_C",-0.465524262102633,866321
11,2026-07-15 18:24:57,"ntc2_C",-0.588510473459166,870216
11,2026-07-15 18:24:57,"testSB_C",-0.33261081416731,860162
12,2026-07-15 18:24:57,"ntc1_C",-0.809912495060303,877672
12,2026-07-15 18:24:57,"ntc2_C",-0.529385909568816,867315
12,2026-07-15 18:24:57,"testSB_C",-0.53498213824264,867317
13,2026-07-15 18:24:57,"ntc1_C",-0.492130299393523,868933
13,2026-07-15 18:24:57,"ntc2_C",-0.437950825275209,862589
13,2026-07-15 18:24:57,"testSB_C",-0.385097813291679,862179
14,2026-07-15 18:24:57,"ntc1_C",-0.146108234643236,853175
14,2026-07-15 18:24:57,"ntc2_C",-0.599723262562748,870978
14,2026-07-15 18:24:57,"testSB_C",-0.44168177381755,865293
15,2026-07-15 18:24:57,"ntc1_C",-0.479596199545995,864066
15,2026-07-15 18:24:57,"ntc2_C",-0.602178377857911,871191
15,2026-07-15 18:24:57,"testSB_C",-0.756056669029988,876772
16,2026-07-15 18:24:57,"ntc1_C",-0.478271388248288,864778
16,2026-07-15 18:24:57,"ntc2_C",-0.452910213349469,863340
16,2026-07-15 18:24:57,"testSB_C",-0.38179413844631,860816
17,2026-07-15 18:24:57,"ntc1_C",-0.309325544519481,858835
17,2026-07-15 18:24:57,"ntc2_C",-0.437116128202888,862970
17,2026-07-15 18:24:57,"testSB_C",-0.398846126031287,864216
18,2026-07-15 18:24:57,"ntc1_C",-0.363110697927311,863399
18,2026-07-15 18:24:57,"ntc2_C",-0.844550590039262,878195
18,2026-07-15 18:24:57,"testSB_C",-0.500738743978502,865252
19,2026-07-15 18:24:57,"ntc1_C",-0.400531103591618,864349
19,2026-07-15 18:24:57,"ntc2_C",-0.688623509138552,873500
19,2026-07-15 18:24:57,"testSB_C",-0.604164159876575,871729
20,2026-07-15 18:24:57,"ntc1_C",-0.200378741017744,855843
20,2026-07-15 18:24:57,"ntc2_C",-0.783083477613332,877650
20,2026-07-15 18:24:57,"testSB_C",-0.128647522756694,852247
21,2026-07-15 18:24:57,"ntc1_C",-0.288162931065926,857572
21,2026-07-15 18:24:57,"ntc2_C",-0.903183593316612,880992
21,2026-07-15 18:24:57,"testSB_C",-0.603573901484936,870509
22,2026-07-15 18:24:57,"ntc1_C",-0.240450502574902,858081
22,2026-07-15 18:24:57,"ntc2_C",-0.673660995165392,874238
22,2026-07-15 18:24:57,"testSB_C",-0.60797820917395,869413
23,2026-07-15 18:24:57,"ntc1_C",-0.725384475844805,876778
23,2026-07-15 18:24:57,"ntc2_C",-0.664136322622653,872440
23,2026-07-15 18:24:57,"testSB_C",-0.69192466834744,872057
24,2026-07-15 18:24:57,"ntc1_C",-0.330830923955261,861146
24,2026-07-15 18:24:57,"ntc2_C",-0.672841311723062,874472
24,2026-07-15 18:24:57,"testSB_C",-0.393374581396642,861535
1,2026-07-15 21:24:57,"ntc1_C",-7.94830531410662,1169456
1,2026-07-15 21:24:57,"testSB_C",-8.03400416813923,1176166
2,2026-07-15 21:24:57,"ntc1_C",-7.84766658177148,1166490
2,2026-07-15 21:24:57,"ntc2_C",-7.60198040175828,1154566
2,2026-07-15 21:24:57,"testSB_C",-7.92686805119246,1172514
3,2026-07-15 21:24:57,"ntc1_C",-6.93818017763874,1125975
3,2026-07-15 21:24:57,"ntc2_C",-6.98082762220361,1126790
3,2026-07-15 21:24:57,"testSB_C",-6.64540412021694,1111125
4,2026-07-15 21:24:57,"ntc1_C",-6.92408608822802,1124764
4,2026-07-15 21:24:57,"ntc2_C",-6.90417461983418,1121227
4,2026-07-15 21:24:57,"testSB_C",-6.64606112691223,1109711
5,2026-07-15 21:24:57,"ntc1_C",-6.66766204310659,1110811
5,2026-07-15 21:24:57,"ntc2_C",-6.89185761597662,1122493
5,2026-07-15 21:24:57,"testSB_C",-6.76272055859636,1117486
6,2026-07-15 21:24:57,"ntc1_C",-6.72660101053543,1114179
6,2026-07-15 21:24:57,"ntc2_C",-6.9403886739151,1125170
6,2026-07-15 21:24:57,"testSB_C",-6.73505773001301,1116091
7,2026-07-15 21:24:57,"ntc1_C",-6.55401366149965,1106248
7,2026-07-15 21:24:57,"ntc2_C",-6.96357629112936,1126763
7,2026-07-15 21:24:57,"testSB_C",-6.6441065848324,1112247
8,2026-07-15 21:24:57,"ntc1_C",-6.65747447497802,1115018
8,2026-07-15 21:24:57,"ntc2_C",-6.5691977435394,1106655
8,2026-07-15 21:24:57,"testSB_C",-6.75914050453525,1113281
9,2026-07-15 21:24:57,"ntc1_C",-6.54999657469881,1105500
9,2026-07-15 21:24:57,"ntc2_C",-6.69901882782483,1116039
9,2026-07-15 21:24:57,"testSB_C",-6.5901971772405,1109315
10,2026-07-15 21:24:57,"ntc1_C",-6.57143278588052,1108996
10,2026-07-15 21:24:57,"ntc2_C",-6.85043509276983,1118820
10,2026-07-15 21:24:57,"testSB_C",-6.70880134505126,1113201
11,2026-07-15 21:24:57,"ntc1_C",-6.60392362715055,1110696
11,2026-07-15 21:24:57,"ntc2_C",-6.71352999019769,1115205
11,2026-07-15 21:24:57,"testSB_C",-6.47081554048151,1102745
12,2026-07-15 21:24:57,"ntc1_C",-6.80396117112673,1118860
12,2026-07-15 21:24:57,"ntc2_C",-6.61332146922473,1109588
12,2026-07-15 21:24:57,"testSB_C",-6.64518714667457,1110839
13,2026-07-15 21:24:57,"ntc1_C",-6.55538756611031,1110789
13,2026-07-15 21:24:57,"ntc2_C",-6.6660903400076,1110142
13,2026-07-15 21:24:57,"testSB_C",-6.54182483111862,1106344
14,2026-07-15 21:24:57,"ntc1_C",-6.40945794970031,1099304
14,2026-07-15 21:24:57,"ntc2_C",-6.73743937032566,1116754
14,2026-07-15 21:24:57,"testSB_C",-6.526362438521,1107062
15,2026-07-15 21:24:57,"ntc1_C",-6.61844761846112,1107824
15,2026-07-15 21:24:57,"ntc2_C",-6.6170681451112,1111569
15,2026-07-15 21:24:57,"testSB_C",-6.69243249493547,1115204
16,2026-07-15 21:24:57,"ntc1_C",-6.49411141035148,1103377
16,2026-07-15 21:24:57,"ntc2_C",-6.61787321808686,1108285
16,2026-07-15 21:24:57,"testSB_C",-6.48209882653799,1102123
17,2026-07-15 21:24:57,"ntc1_C",-6.48001202417328,1102659
17,2026-07-15 21:24:57,"ntc2_C",-6.55968417474094,1105767
17,2026-07-15 21:24:57,"testSB_C",-6.53852192003461,1108182
18,2026-07-15 21:24:57,"ntc1_C",-6.48499939479603,1106225
18,2026-07-15 21:24:57,"ntc2_C",-6.71042666044758,1113614
18,2026-07-15 21:24:57,"testSB_C",-6.54018991909567,1105133
19,2026-07-15 21:24:57,"ntc1_C",-6.49252008438822,1106224
19,2026-07-15 21:24:57,"ntc2_C",-6.71447325413385,1115095
19,2026-07-15 21:24:57,"testSB_C",-6.65817919855721,1114080
20,2026-07-15 21:24:57,"ntc1_C",-6.31298752721602,1096240
20,2026-07-15 21:24:57,"ntc2_C",-6.69768755917602,1115401
20,2026-07-15 21:24:57,"testSB_C",-6.30807955771144,1094481
21,2026-07-15 21:24:57,"ntc1_C",-6.39161986110639,1097757
21,2026-07-15 21:24:57,"ntc2_C",-6.74481832494621,1116305
21,2026-07-15 21:24:57,"testSB_C",-6.60749371811363,1110224
22,2026-07-15 21:24:57,"ntc1_C",-6.30880990806685,1097018
22,2026-07-15 21:24:57,"ntc2_C",-6.64354969371669,1113253
22,2026-07-15 21:24:57,"testSB_C",-6.47588405614414,1102613
23,2026-07-15 21:24:57,"ntc1_C",-6.50280545490511,1107945
23,2026-07-15 21:24:57,"ntc2_C",-6.60515052665028,1109809
23,2026-07-15 21:24:57,"testSB_C",-6.62165097875936,1108607
24,2026-07-15 21:24:57,"ntc1_C",-6.41034053738468,1101572
24,2026-07-15 21:24:57,"ntc2_C",-6.51536951516812,1107970
24,2026-07-15 21:24:57,"testSB_C",-6.33760999551816,1095904
1,2026-07-16 00:24:57,"ntc1_C",-14.1620519370688,1507104
1,2026-07-16 00:24:57,"testSB_C",-14.1640204030039,1510396
2,2026-07-16 00:24:57,"ntc1_C",-14.0289742104367,1501223
2,2026-07-16 00:24:57,"ntc2_C",-13.9782604907865,1497691
2,2026-07-16 00:24:57,"testSB_C",-13.9519514526348,1498975
3,2026-07-16 00:24:57,"ntc1_C",-13.9635293520045,1499501
3,2026-07-16 00:24:57,"ntc2_C",-13.9052750857845,1494610
3,2026-07-16 00:24:57,"testSB_C",-13.8449920327837,1490217
4,2026-07-16 00:24:57,"ntc1_C",-13.8720981676893,1493310
4,2026-07-16 00:24:57,"ntc2_C",-13.8472690409876,1488231
4,2026-07-16 00:24:57,"testSB_C",-13.7510861566933,1482659
5,2026-07-16 00:24:57,"ntc1_C",-13.7552654849933,1483309
5,2026-07-16 00:24:57,"ntc2_C",-13.7364352887225,1483926
5,2026-07-16 00:24:57,"testSB_C",-13.6775615475373,1481577
6,2026-07-16 00:24:57,"ntc1_C",-13.6801768934005,1479313
6,2026-07-16 00:24:57,"ntc2_C",-13.7074001754724,1482885
6,2026-07-16 00:24:57,"testSB_C",-13.6361085111123,1478814
7,2026-07-16 00:24:57,"ntc1_C",-13.6135313050063,1475465
7,2026-07-16 00:24:57,"ntc2_C",-13.6531509230933,1480352
7,2026-07-16 00:24:57,"testSB_C",-13.5634830323567,1474816
8,2026-07-16 00:24:57,"ntc1_C",-13.5367478694467,1476217
8,2026-07-16 00:24:57,"ntc2_C",-13.4931468709629,1467765
8,2026-07-16 00:24:57,"testSB_C",-13.5493666790213,1468553
9,2026-07-16 00:24:57,"ntc1_C",-13.439245552865,1464057
9,2026-07-16 00:24:57,"ntc2_C",-13.4466587708805,1469779
9,2026-07-16 00:24:57,"testSB_C",-13.4138038352193,1465383
10,2026-07-16 00:24:57,"ntc1_C",-13.3764823807148,1463616
10,2026-07-16 00:24:57,"ntc2_C",-13.3940269691577,1461079
10,2026-07-16 00:24:57,"testSB_C",-13.3633618000988,1460377
11,2026-07-16 00:24:57,"ntc1_C",-13.3152272205056,1460231
11,2026-07-16 00:24:57,"ntc2_C",-13.3406116153869,1461253
11,2026-07-16 00:24:57,"testSB_C",-13.3124745597141,1457555
12,2026-07-16 00:24:57,"ntc1_C",-13.3491131999306,1461091
12,2026-07-16 00:24:57,"ntc2_C",-13.3025635248987,1457511
12,2026-07-16 00:24:57,"testSB_C",-13.3134233543307,1458022
13,2026-07-16 00:24:57,"ntc1_C",-13.2967027518955,1462214
13,2026-07-16 00:24:57,"ntc2_C",-13.2627256466077,1452954
13,2026-07-16 00:24:57,"testSB_C",-13.2362885057238,1453676
14,2026-07-16 00:24:57,"ntc1_C",-13.2196983293371,1451089
14,2026-07-16 00:24:57,"ntc2_C",-13.2135850746393,1454207
14,2026-07-16 00:24:57,"testSB_C",-13.2054362439785,1453628
15,2026-07-16 00:24:57,"ntc1_C",-13.1598092854856,1446372
15,2026-07-16 00:24:57,"ntc2_C",-13.1624131198211,1451715
15,2026-07-16 00:24:57,"testSB_C",-13.1527726362445,1451409
16,2026-07-16 00:24:57,"ntc1_C",-13.0819353882134,1443504
16,2026-07-16 00:24:57,"ntc2_C",-13.0487033963312,1440772
16,2026-07-16 00:24:57,"testSB_C",-13.0428786329666,1440379
17,2026-07-16 00:24:57,"ntc1_C",-13.0008910342635,1438612
17,2026-07-16 00:24:57,"ntc2_C",-12.9689423270173,1435986
17,2026-07-16 00:24:57,"testSB_C",-12.8888796282297,1435723
18,2026-07-16 00:24:57,"ntc1_C",-12.8821939875176,1435795
18,2026-07-16 00:24:57,"ntc2_C",-12.8932973115341,1432706
18,2026-07-16 00:24:57,"testSB_C",-12.8467420816621,1429393
19,2026-07-16 00:24:57,"ntc1_C",-12.7918330345108,1430249
19,2026-07-16 00:24:57,"ntc2_C",-12.7893809740661,1428655
19,2026-07-16 00:24:57,"testSB_C",-12.7471401100091,1428183
20,2026-07-16 00:24:57,"ntc1_C",-12.7144937640994,1423347
20,2026-07-16 00:24:57,"ntc2_C",-12.7792386308353,1429462
20,2026-07-16 00:24:57,"testSB_C",-12.6281333841666,1416268
21,2026-07-16 00:24:57,"ntc1_C",-12.5752340972753,1412334
21,2026-07-16 00:24:57,"ntc2_C",-12.6155757568295,1418292
21,2026-07-16 00:24:57,"testSB_C",-12.489670051514,1411250
22,2026-07-16 00:24:57,"ntc1_C",-12.4868553124774,1411320
22,2026-07-16 00:24:57,"ntc2_C",-12.5039309854786,1413651
22,2026-07-16 00:24:57,"testSB_C",-12.4333492542919,1405838
23,2026-07-16 00:24:57,"ntc1_C",-12.4348575252384,1411075
23,2026-07-16 00:24:57,"ntc2_C",-12.4316176168653,1407470
23,2026-07-16 00:24:57,"testSB_C",-12.3872613758608,1402177
24,2026-07-16 00:24:57,"ntc1_C",-12.3331857939074,1402561
24,2026-07-16 00:24:57,"ntc2_C",-12.3250723625758,1404145
24,2026-07-16 00:24:57,"testSB_C",-12.2610985792971,1395240
1,2026-07-16 03:24:57,"ntc1_C",-15.5625204289022,1595698
1,2026-07-16 03:24:57,"testSB_C",-15.5775009318521,1599987
2,2026-07-16 03:24:57,"ntc1_C",-15.4980306043589,1593913
2,2026-07-16 03:24:57,"ntc2_C",-15.5040524688832,1593841
2,2026-07-16 03:24:57,"testSB_C",-15.4656860052901,1594321
3,2026-07-16 03:24:57,"ntc1_C",-15.4067508675559,1590350
3,2026-07-16 03:24:57,"ntc2_C",-15.3809381628374,1587305
3,2026-07-16 03:24:57,"testSB_C",-15.3668340885845,1585584
4,2026-07-16 03:24:57,"ntc1_C",-15.3440522424106,1585681
4,2026-07-16 03:24:57,"ntc2_C",-15.3385916863709,1581526
4,2026-07-16 03:24:57,"testSB_C",-15.3438613113164,1582136
5,2026-07-16 03:24:57,"ntc1_C",-15.3349353248597,1582036
5,2026-07-16 03:24:57,"ntc2_C",-15.305128533433,1581934
5,2026-07-16 03:24:57,"testSB_C",-15.3138149635897,1583796
6,2026-07-16 03:24:57,"ntc1_C",-15.3158430251287,1581279
6,2026-07-16 03:24:57,"ntc2_C",-15.2948445540708,1582052
6,2026-07-16 03:24:57,"testSB_C",-15.3419658800331,1585310
7,2026-07-16 03:24:57,"ntc1_C",-15.3090227758473,1581118
7,2026-07-16 03:24:57,"ntc2_C",-15.2750288952809,1581590
7,2026-07-16 03:24:57,"testSB_C",-15.3227012486597,1584480
8,2026-07-16 03:24:57,"ntc1_C",-15.3097425071843,1586903
8,2026-07-16 03:24:57,"ntc2_C",-15.3128530644105,1580833
8,2026-07-16 03:24:57,"testSB_C",-15.2650365104429,1574992
9,2026-07-16 03:24:57,"ntc1_C",-15.2799488935055,1578165
9,2026-07-16 03:24:57,"ntc2_C",-15.2686685382461,1583188
9,2026-07-16 03:24:57,"testSB_C",-15.2791983002691,1581239
10,2026-07-16 03:24:57,"ntc1_C",-15.2612453835014,1580507
10,2026-07-16 03:24:57,"ntc2_C",-15.2318432004284,1574799
10,2026-07-16 03:24:57,"testSB_C",-15.2356429635992,1576276
11,2026-07-16 03:24:57,"ntc1_C",-15.2361141207177,1579175
11,2026-07-16 03:24:57,"ntc2_C",-15.2041825456144,1576626
11,2026-07-16 03:24:57,"testSB_C",-15.2070720577415,1574624
12,2026-07-16 03:24:57,"ntc1_C",-15.1844229962969,1574610
12,2026-07-16 03:24:57,"ntc2_C",-15.1782599305196,1573348
12,2026-07-16 03:24:57,"testSB_C",-15.1913515713576,1574081
13,2026-07-16 03:24:57,"ntc1_C",-15.1568034303452,1577418
13,2026-07-16 03:24:57,"ntc2_C",-15.132178814624,1568099
13,2026-07-16 03:24:57,"testSB_C",-15.1316149304565,1570503
14,2026-07-16 03:24:57,"ntc1_C",-15.0952576175258,1566411
14,2026-07-16 03:24:57,"ntc2_C",-15.061737956986,1568009
14,2026-07-16 03:24:57,"testSB_C",-15.0562356065343,1567578
15,2026-07-16 03:24:57,"ntc1_C",-15.0049953938375,1559382
15,2026-07-16 03:24:57,"ntc2_C",-14.9859952128147,1563821
15,2026-07-16 03:24:57,"testSB_C",-14.9570129588799,1562245
16,2026-07-16 03:24:57,"ntc1_C",-14.8532894708889,1551679
16,2026-07-16 03:24:57,"ntc2_C",-14.8111849166438,1548212
16,2026-07-16 03:24:57,"testSB_C",-14.7921755585731,1546963
17,2026-07-16 03:24:57,"ntc1_C",-14.7570334182006,1545459
17,2026-07-16 03:24:57,"ntc2_C",-14.7200887572349,1542285
17,2026-07-16 03:24:57,"testSB_C",-14.6637182430354,1543506
18,2026-07-16 03:24:57,"ntc1_C",-14.6355594944993,1542197
18,2026-07-16 03:24:57,"ntc2_C",-14.6186085302828,1537088
18,2026-07-16 03:24:57,"testSB_C",-14.5890480983463,1534728
19,2026-07-16 03:24:57,"ntc1_C",-14.5628234828368,1537407
19,2026-07-16 03:24:57,"ntc2_C",-14.5527357521593,1535229
19,2026-07-16 03:24:57,"testSB_C",-14.5449756461779,1536889
20,2026-07-16 03:24:57,"ntc1_C",-14.5523580619404,1534209
20,2026-07-16 03:24:57,"ntc2_C",-14.5399094288572,1535937
20,2026-07-16 03:24:57,"testSB_C",-14.5349388400535,1530864
21,2026-07-16 03:24:57,"ntc1_C",-14.5695993375134,1531978
21,2026-07-16 03:24:57,"ntc2_C",-14.5178774460118,1532748
21,2026-07-16 03:24:57,"testSB_C",-14.5961898107362,1537917
22,2026-07-16 03:24:57,"ntc1_C",-14.5823085438274,1537296
22,2026-07-16 03:24:57,"ntc2_C",-14.5126507081305,1534340
22,2026-07-16 03:24:57,"testSB_C",-14.5594724880989,1533258
23,2026-07-16 03:24:57,"ntc1_C",-14.5198597936107,1536324
23,2026-07-16 03:24:57,"ntc2_C",-14.471326546879,1529619
23,2026-07-16 03:24:57,"testSB_C",-14.4840058756516,1527282
24,2026-07-16 03:24:57,"ntc1_C",-14.4287675001926,1527782
24,2026-07-16 03:24:57,"ntc2_C",-14.3646274005147,1525986
24,2026-07-16 03:24:57,"testSB_C",-14.2512126693865,1513254
1,2026-07-16 06:24:57,"ntc1_C",-13.7504025425176,1481994
1,2026-07-16 06:24:57,"testSB_C",-13.8359725422532,1490318
2,2026-07-16 06:24:57,"ntc1_C",-14.1537065082962,1508883
2,2026-07-16 06:24:57,"ntc2_C",-14.2081364208077,1511804
2,2026-07-16 06:24:57,"testSB_C",-14.1005595740318,1508082
3,2026-07-16 06:24:57,"ntc1_C",-12.7761685030964,1428605
3,2026-07-16 06:24:57,"ntc2_C",-13.16447318482,1450105
3,2026-07-16 06:24:57,"testSB_C",-13.3843544606697,1462480
4,2026-07-16 06:24:57,"ntc1_C",-12.6753295856162,1422133
4,2026-07-16 06:24:57,"ntc2_C",-12.5939978372043,1414041
4,2026-07-16 06:24:57,"testSB_C",-13.454051938018,1464801
5,2026-07-16 06:24:57,"ntc1_C",-13.3714491044686,1460252
5,2026-07-16 06:24:57,"ntc2_C",-13.1407646640671,1448298
5,2026-07-16 06:24:57,"testSB_C",-13.4832013881734,1469875
6,2026-07-16 06:24:57,"ntc1_C",-13.3921158442275,1462038
6,2026-07-16 06:24:57,"ntc2_C",-13.0396286604205,1443022
6,2026-07-16 06:24:57,"testSB_C",-13.6242851941756,1478101
7,2026-07-16 06:24:57,"ntc1_C",-13.3944230338616,1462329
7,2026-07-16 06:24:57,"ntc2_C",-12.6485544652227,1420878
7,2026-07-16 06:24:57,"testSB_C",-13.6064129641754,1477401
8,2026-07-16 06:24:57,"ntc1_C",-13.5066642550633,1474406
8,2026-07-16 06:24:57,"ntc2_C",-13.5180621565742,1469258
8,2026-07-16 06:24:57,"testSB_C",-12.8930620979382,1429740
9,2026-07-16 06:24:57,"ntc1_C",-13.5329761772874,1469666
9,2026-07-16 06:24:57,"ntc2_C",-13.2978836061411,1460880
9,2026-07-16 06:24:57,"testSB_C",-13.4428621106272,1467122
10,2026-07-16 06:24:57,"ntc1_C",-13.5143345885471,1471869
10,2026-07-16 06:24:57,"ntc2_C",-12.9735396463132,1436221
10,2026-07-16 06:24:57,"testSB_C",-13.3847947568576,1461655
11,2026-07-16 06:24:57,"ntc1_C",-13.5310812536521,1473144
11,2026-07-16 06:24:57,"ntc2_C",-13.0485059909344,1443940
11,2026-07-16 06:24:57,"testSB_C",-13.2281166008495,1452547
12,2026-07-16 06:24:57,"ntc1_C",-12.5976823090085,1416979
12,2026-07-16 06:24:57,"ntc2_C",-13.0133847552265,1440417
12,2026-07-16 06:24:57,"testSB_C",-13.1044002008917,1445638
13,2026-07-16 06:24:57,"ntc1_C",-13.050856734086,1447622
13,2026-07-16 06:24:57,"ntc2_C",-12.9999244633328,1437451
13,2026-07-16 06:24:57,"testSB_C",-13.251236705322,1454563
14,2026-07-16 06:24:57,"ntc1_C",-13.1277819974541,1445658
14,2026-07-16 06:24:57,"ntc2_C",-12.9140896284763,1436549
14,2026-07-16 06:24:57,"testSB_C",-13.0256967223631,1443007
15,2026-07-16 06:24:57,"ntc1_C",-13.1838487025573,1447791
15,2026-07-16 06:24:57,"ntc2_C",-12.6904325541661,1424017
15,2026-07-16 06:24:57,"testSB_C",-12.5469562962434,1415964
16,2026-07-16 06:24:57,"ntc1_C",-13.1168419501876,1445562
16,2026-07-16 06:24:57,"ntc2_C",-13.1496539603966,1446722
16,2026-07-16 06:24:57,"testSB_C",-13.0387460715247,1440136
17,2026-07-16 06:24:57,"ntc1_C",-13.0706567563702,1442714
17,2026-07-16 06:24:57,"ntc2_C",-13.0416348477627,1440251
17,2026-07-16 06:24:57,"testSB_C",-13.2963296881613,1459790
18,2026-07-16 06:24:57,"ntc1_C",-13.1459880407159,1451327
18,2026-07-16 06:24:57,"ntc2_C",-12.7971863646014,1427102
18,2026-07-16 06:24:57,"testSB_C",-13.0487192901789,1441228
19,2026-07-16 06:24:57,"ntc1_C",-13.0924915197317,1447906
19,2026-07-16 06:24:57,"ntc2_C",-12.974475699394,1439489
19,2026-07-16 06:24:57,"testSB_C",-12.9779376852075,1441701
20,2026-07-16 06:24:57,"ntc1_C",-12.9753714450284,1438587
20,2026-07-16 06:24:57,"ntc2_C",-12.2138346268049,1396846
20,2026-07-16 06:24:57,"testSB_C",-12.8219809860872,1427519
21,2026-07-16 06:24:57,"ntc1_C",-13.0057124683371,1437350
21,2026-07-16 06:24:57,"ntc2_C",-12.3543522185266,1403251
21,2026-07-16 06:24:57,"testSB_C",-13.1936490296431,1452389
22,2026-07-16 06:24:57,"ntc1_C",-12.9935506183602,1440812
22,2026-07-16 06:24:57,"ntc2_C",-12.6020768955736,1419323
22,2026-07-16 06:24:57,"testSB_C",-12.9843468541273,1437816
23,2026-07-16 06:24:57,"ntc1_C",-12.6902652346481,1425857
23,2026-07-16 06:24:57,"ntc2_C",-12.5603691595034,1414886
23,2026-07-16 06:24:57,"testSB_C",-12.9668933689531,1435711
24,2026-07-16 06:24:57,"ntc1_C",-12.8959115266426,1435152
24,2026-07-16 06:24:57,"ntc2_C",-12.5670560152616,1418081
24,2026-07-16 06:24:57,"testSB_C",-12.7578246981202,1423812
1,2026-07-16 09:24:57,"ntc1_C",-7.22847216470643,1135649
1,2026-07-16 09:24:57,"testSB_C",-7.2928459834792,1141188
2,2026-07-16 09:24:57,"ntc1_C",-7.69043197254621,1159039
2,2026-07-16 09:24:57,"ntc2_C",-7.67859871283434,1158176
2,2026-07-16 09:24:57,"testSB_C",-7.5588221366238,1155078
3,2026-07-16 09:24:57,"ntc1_C",-5.92929433480248,1080706
3,2026-07-16 09:24:57,"ntc2_C",-6.41229094588476,1101014
3,2026-07-16 09:24:57,"testSB_C",-6.67337424327957,1112390
4,2026-07-16 09:24:57,"ntc1_C",-5.84367909596995,1076397
4,2026-07-16 09:24:57,"ntc2_C",-5.7053297474676,1067873
4,2026-07-16 09:24:57,"testSB_C",-6.7674854721609,1115207
5,2026-07-16 09:24:57,"ntc1_C",-6.70694932320094,1112589
5,2026-07-16 09:24:57,"ntc2_C",-6.39798992086935,1100164
5,2026-07-16 09:24:57,"testSB_C",-6.72834931259814,1115924
6,2026-07-16 09:24:57,"ntc1_C",-6.7571856403577,1115566
6,2026-07-16 09:24:57,"ntc2_C",-6.15912184067088,1089960
6,2026-07-16 09:24:57,"testSB_C",-6.91125002843478,1124122
7,2026-07-16 09:24:57,"ntc1_C",-6.6639038957984,1111207
7,2026-07-16 09:24:57,"ntc2_C",-5.75286299340729,1072602
7,2026-07-16 09:24:57,"testSB_C",-6.91183847776966,1124430
8,2026-07-16 09:24:57,"ntc1_C",-6.84461216419493,1123544
8,2026-07-16 09:24:57,"ntc2_C",-6.84338264994574,1119072
8,2026-07-16 09:24:57,"testSB_C",-5.99775772139384,1079330
9,2026-07-16 09:24:57,"ntc1_C",-6.83860231919539,1118557
9,2026-07-16 09:24:57,"ntc2_C",-6.50002868633607,1107035
9,2026-07-16 09:24:57,"testSB_C",-6.81338506143919,1119439
10,2026-07-16 09:24:57,"ntc1_C",-6.88631798465576,1123295
10,2026-07-16 09:24:57,"ntc2_C",-6.19137504420996,1089219
10,2026-07-16 09:24:57,"testSB_C",-6.79806625174393,1117253
11,2026-07-16 09:24:57,"ntc1_C",-7.00586754471624,1129008
11,2026-07-16 09:24:57,"ntc2_C",-6.33444533666142,1098139
11,2026-07-16 09:24:57,"testSB_C",-6.63280135724153,1110035
12,2026-07-16 09:24:57,"ntc1_C",-5.81511847316676,1074763
12,2026-07-16 09:24:57,"ntc2_C",-6.33202135707393,1096965
12,2026-07-16 09:24:57,"testSB_C",-6.51232508323488,1104850
13,2026-07-16 09:24:57,"ntc1_C",-6.5039524030667,1108467
13,2026-07-16 09:24:57,"ntc2_C",-6.26078748494086,1091982
13,2026-07-16 09:24:57,"testSB_C",-6.64867200888295,1111165
14,2026-07-16 09:24:57,"ntc1_C",-6.5696783240225,1106491
14,2026-07-16 09:24:57,"ntc2_C",-6.16318375508939,1090974
14,2026-07-16 09:24:57,"testSB_C",-6.45961761742313,1104060
15,2026-07-16 09:24:57,"ntc1_C",-6.67741055601181,1110484
15,2026-07-16 09:24:57,"ntc2_C",-6.07211462729487,1087196
15,2026-07-16 09:24:57,"testSB_C",-5.87912151099522,1078910
16,2026-07-16 09:24:57,"ntc1_C",-6.72719030545426,1113893
16,2026-07-16 09:24:57,"ntc2_C",-6.62013406870562,1108387
16,2026-07-16 09:24:57,"testSB_C",-6.59824943417681,1107346
17,2026-07-16 09:24:57,"ntc1_C",-6.59633638932206,1107891
17,2026-07-16 09:24:57,"ntc2_C",-6.53648630393121,1104724
17,2026-07-16 09:24:57,"testSB_C",-6.89310499194266,1124289
18,2026-07-16 09:24:57,"ntc1_C",-6.73775001699414,1117657
18,2026-07-16 09:24:57,"ntc2_C",-6.31853378512221,1096012
18,2026-07-16 09:24:57,"testSB_C",-6.63782518824337,1109534
19,2026-07-16 09:24:57,"ntc1_C",-6.72494624837583,1116737
19,2026-07-16 09:24:57,"ntc2_C",-6.5653638402224,1108348
19,2026-07-16 09:24:57,"testSB_C",-6.55481993633111,1109403
20,2026-07-16 09:24:57,"ntc1_C",-6.60304117219835,1109258
20,2026-07-16 09:24:57,"ntc2_C",-5.70416805235647,1071215
20,2026-07-16 09:24:57,"testSB_C",-6.3497045192783,1096336
21,2026-07-16 09:24:57,"ntc1_C",-6.68657875149893,1111001
21,2026-07-16 09:24:57,"ntc2_C",-5.8960367770394,1078419
21,2026-07-16 09:24:57,"testSB_C",-6.92202618454576,1124530
22,2026-07-16 09:24:57,"ntc1_C",-6.69575408585047,1114426
22,2026-07-16 09:24:57,"ntc2_C",-6.09280302555294,1088601
22,2026-07-16 09:24:57,"testSB_C",-6.77169011324071,1115965
23,2026-07-16 09:24:57,"ntc1_C",-6.47225680296287,1106569
23,2026-07-16 09:24:57,"ntc2_C",-6.18546739545735,1091022
23,2026-07-16 09:24:57,"testSB_C",-6.71603910843453,1112870
24,2026-07-16 09:24:57,"ntc1_C",-6.73047997067107,1116019
24,2026-07-16 09:24:57,"ntc2_C",-6.31262750808872,1098869
24,2026-07-16 09:24:57,"testSB_C",-6.65237268896522,1110026
1,2026-07-16 12:24:57,"ntc1_C",0.383807152710858,834383
1,2026-07-16 12:24:57,"testSB_C",0.46318607623607,833726
2,2026-07-16 12:24:57,"ntc1_C",0.0601094974265379,846629
2,2026-07-16 12:24:57,"ntc2_C",0.0759948134414117,845897
2,2026-07-16 12:24:57,"testSB_C",0.473147957473032,834604
3,2026-07-16 12:24:57,"ntc1_C",1.8340066247643,789913
3,2026-07-16 12:24:57,"ntc2_C",1.51849293654823,799031
3,2026-07-16 12:24:57,"testSB_C",1.24863393619944,807596
4,2026-07-16 12:24:57,"ntc1_C",1.7337478147802,792623
4,2026-07-16 12:24:57,"ntc2_C",1.85405366948345,787057
4,2026-07-16 12:24:57,"testSB_C",1.06612335423966,812457
5,2026-07-16 12:24:57,"ntc1_C",1.00485336764433,814400
5,2026-07-16 12:24:57,"ntc2_C",1.28694588722215,806464
5,2026-07-16 12:24:57,"testSB_C",1.19680005383896,809971
6,2026-07-16 12:24:57,"ntc1_C",0.922429545846626,817815
6,2026-07-16 12:24:57,"ntc2_C",1.47379260277,800663
6,2026-07-16 12:24:57,"testSB_C",1.00507961668546,816140
7,2026-07-16 12:24:57,"ntc1_C",1.10750521354259,811492
7,2026-07-16 12:24:57,"ntc2_C",1.76958595190888,791587
7,2026-07-16 12:24:57,"testSB_C",0.969537168517547,817541
8,2026-07-16 12:24:57,"ntc1_C",0.855498955890994,822785
8,2026-07-16 12:24:57,"ntc2_C",1.00698285686525,814669
8,2026-07-16 12:24:57,"testSB_C",1.68983294265712,791290
9,2026-07-16 12:24:57,"ntc1_C",0.876874714455198,818774
9,2026-07-16 12:24:57,"ntc2_C",1.33802093398424,806333
9,2026-07-16 12:24:57,"testSB_C",0.986274316733443,816531
10,2026-07-16 12:24:57,"ntc1_C",0.977703648945237,817310
10,2026-07-16 12:24:57,"ntc2_C",1.55671522646389,796497
10,2026-07-16 12:24:57,"testSB_C",1.00516078466921,814839
11,2026-07-16 12:24:57,"ntc1_C",0.733895205872557,825552
11,2026-07-16 12:24:57,"ntc2_C",1.40384892282174,803283
11,2026-07-16 12:24:57,"testSB_C",1.13336231680529,810979
12,2026-07-16 12:24:57,"ntc1_C",1.80347762313488,790223
12,2026-07-16 12:24:57,"ntc2_C",1.47460994635571,800239
12,2026-07-16 12:24:57,"testSB_C",1.16943553825536,809898
13,2026-07-16 12:24:57,"ntc1_C",1.21041276793369,811457
13,2026-07-16 12:24:57,"ntc2_C",1.64552674838387,793324
13,2026-07-16 12:24:57,"testSB_C",1.19525398344956,809115
14,2026-07-16 12:24:57,"ntc1_C",1.31883381149441,804432
14,2026-07-16 12:24:57,"ntc2_C",1.68336573177038,794663
14,2026-07-16 12:24:57,"testSB_C",1.36484135347541,804711
15,2026-07-16 12:24:57,"ntc1_C",1.2316639388564,806667
15,2026-07-16 12:24:57,"ntc2_C",1.75646958307664,792430
15,2026-07-16 12:24:57,"testSB_C",1.83498165039839,790079
16,2026-07-16 12:24:57,"ntc1_C",1.0692759239729,812615
16,2026-07-16 12:24:57,"ntc2_C",1.35266211261643,802905
16,2026-07-16 12:24:57,"testSB_C",1.23629590477236,806607
17,2026-07-16 12:24:57,"ntc1_C",1.35337782578665,803323
17,2026-07-16 12:24:57,"ntc2_C",1.29871198022465,804828
17,2026-07-16 12:24:57,"testSB_C",1.07214324161259,814590
18,2026-07-16 12:24:57,"ntc1_C",1.23440123885956,809720
18,2026-07-16 12:24:57,"ntc2_C",1.47910415929158,799936
18,2026-07-16 12:24:57,"testSB_C",1.29164749864162,805091
19,2026-07-16 12:24:57,"ntc1_C",1.31175925157925,806864
19,2026-07-16 12:24:57,"ntc2_C",1.37344681004112,803999
19,2026-07-16 12:24:57,"testSB_C",1.42009585102011,803600
20,2026-07-16 12:24:57,"ntc1_C",1.50758605798757,799073
20,2026-07-16 12:24:57,"ntc2_C",1.7987580088647,791134
20,2026-07-16 12:24:57,"testSB_C",1.79201266269763,788996
21,2026-07-16 12:24:57,"ntc1_C",1.34627362109728,803111
21,2026-07-16 12:24:57,"ntc2_C",1.79881334638549,790337
21,2026-07-16 12:24:57,"testSB_C",1.12172037806027,812168
22,2026-07-16 12:24:57,"ntc1_C",1.3216572054946,805893
22,2026-07-16 12:24:57,"ntc2_C",1.85836660957744,789759
22,2026-07-16 12:24:57,"testSB_C",1.13333211078958,810656
23,2026-07-16 12:24:57,"ntc1_C",1.33095134036762,807219
23,2026-07-16 12:24:57,"ntc2_C",1.7363491597722,792240
23,2026-07-16 12:24:57,"testSB_C",1.24462791382081,806809
24,2026-07-16 12:24:57,"ntc1_C",1.30517118418391,806340
24,2026-07-16 12:24:57,"ntc2_C",1.56659901726812,799211
24,2026-07-16 12:24:57,"testSB_C",1.21688557345681,807565
1,2026-07-16 15:24:57,"ntc1_C",4.45447220537045,709073
1,2026-07-16 15:24:57,"testSB_C",4.51851221587333,709026
2,2026-07-16 15:24:57,"ntc1_C",4.02152722384704,722479
2,2026-07-16 15:24:57,"ntc2_C",5.18645152798052,689647
2,2026-07-16 15:24:57,"testSB_C",4.43838838797888,712354
3,2026-07-16 15:24:57,"ntc1_C",7.07939785768946,641236
3,2026-07-16 15:24:57,"ntc2_C",7.53311855799046,629067
3,2026-07-16 15:24:57,"testSB_C",7.9150142023293,619692
4,2026-07-16 15:24:57,"ntc1_C",7.47228191045315,630983
4,2026-07-16 15:24:57,"ntc2_C",7.68412076934845,624405
4,2026-07-16 15:24:57,"testSB_C",7.8070653728667,621519
5,2026-07-16 15:24:57,"ntc1_C",7.60342455476723,626376
5,2026-07-16 15:24:57,"ntc2_C",7.48479782241901,630375
5,2026-07-16 15:24:57,"testSB_C",7.96237833813899,619047
6,2026-07-16 15:24:57,"ntc1_C",7.48430008558927,629995
6,2026-07-16 15:24:57,"ntc2_C",7.6210183285018,627101
6,2026-07-16 15:24:57,"testSB_C",7.99026446282141,618287
7,2026-07-16 15:24:57,"ntc1_C",8.08123953684725,615062
7,2026-07-16 15:24:57,"ntc2_C",7.4598142135805,631377
7,2026-07-16 15:24:57,"testSB_C",7.62326319989035,627514
8,2026-07-16 15:24:57,"ntc1_C",7.84855155290666,623050
8,2026-07-16 15:24:57,"ntc2_C",8.3427951221272,608828
8,2026-07-16 15:24:57,"testSB_C",7.74936048949877,622100
9,2026-07-16 15:24:57,"ntc1_C",8.11662539353961,614181
9,2026-07-16 15:24:57,"ntc2_C",8.11443905443832,616043
9,2026-07-16 15:24:57,"testSB_C",8.03303578291229,617113
10,2026-07-16 15:24:57,"ntc1_C",8.08554254259172,616257
10,2026-07-16 15:24:57,"ntc2_C",7.87366766988879,619799
10,2026-07-16 15:24:57,"testSB_C",8.08659659229198,614963
11,2026-07-16 15:24:57,"ntc1_C",7.9161865731063,620545
11,2026-07-16 15:24:57,"ntc2_C",8.02819239980175,617495
11,2026-07-16 15:24:57,"testSB_C",8.02884302545328,616714
12,2026-07-16 15:24:57,"ntc1_C",7.71594476406631,624867
12,2026-07-16 15:24:57,"ntc2_C",8.13345932402785,614331
12,2026-07-16 15:24:57,"testSB_C",7.96131610933838,618337
13,2026-07-16 15:24:57,"ntc1_C",7.67464585854606,627497
13,2026-07-16 15:24:57,"ntc2_C",8.02678842815726,615682
13,2026-07-16 15:24:57,"testSB_C",8.34122078264619,609111
14,2026-07-16 15:24:57,"ntc1_C",8.50676405305518,604740
14,2026-07-16 15:24:57,"ntc2_C",8.29162216116663,611316
14,2026-07-16 15:24:57,"testSB_C",8.16917752501604,614129
15,2026-07-16 15:24:57,"ntc1_C",8.20044230971331,611666
15,2026-07-16 15:24:57,"ntc2_C",8.31397438937017,610808
15,2026-07-16 15:24:57,"testSB_C",7.99232017185255,618663
16,2026-07-16 15:24:57,"ntc1_C",8.00468957259034,616792
16,2026-07-16 15:24:57,"ntc2_C",8.5726510635468,602766
16,2026-07-16 15:24:57,"testSB_C",8.04828196122418,615269
17,2026-07-16 15:24:57,"ntc1_C",8.37602796751821,607739
17,2026-07-16 15:24:57,"ntc2_C",8.26432278271091,610265
17,2026-07-16 15:24:57,"testSB_C",8.25400807005724,612280
18,2026-07-16 15:24:57,"ntc1_C",8.28863075625816,611817
18,2026-07-16 15:24:57,"ntc2_C",7.7450328926555,623679
18,2026-07-16 15:24:57,"testSB_C",7.992434111259,616793
19,2026-07-16 15:24:57,"ntc1_C",8.10791168864284,615865
19,2026-07-16 15:24:57,"ntc2_C",8.0444607949658,616721
19,2026-07-16 15:24:57,"testSB_C",8.30581544023732,611263
20,2026-07-16 15:24:57,"ntc1_C",8.4370478797461,606776
20,2026-07-16 15:24:57,"ntc2_C",8.20789304935823,613308
20,2026-07-16 15:24:57,"testSB_C",8.76055606580627,598437
21,2026-07-16 15:24:57,"ntc1_C",8.55280803037454,603408
21,2026-07-16 15:24:57,"ntc2_C",8.0176592772325,617356
21,2026-07-16 15:24:57,"testSB_C",7.89768748823099,620353
22,2026-07-16 15:24:57,"ntc1_C",8.56777531204057,604465
22,2026-07-16 15:24:57,"ntc2_C",8.62388576830836,604036
22,2026-07-16 15:24:57,"testSB_C",7.77500571063462,622622
23,2026-07-16 15:24:57,"ntc1_C",7.96224088209084,620197
23,2026-07-16 15:24:57,"ntc2_C",8.43033333068365,607420
23,2026-07-16 15:24:57,"testSB_C",7.5479468827935,628135
24,2026-07-16 15:24:57,"ntc1_C",8.65674623194008,602152
24,2026-07-16 15:24:57,"ntc2_C",8.26012549773321,612648
24,2026-07-16 15:24:57,"testSB_C",8.1902557562924,612194
1,2026-07-16 18:24:57,"ntc1_C",2.91893066049636,753806
1,2026-07-16 18:24:57,"testSB_C",2.93650379503839,755125
2,2026-07-16 18:24:57,"ntc1_C",3.12634486475986,748730
2,2026-07-16 18:24:57,"ntc2_C",3.73243683206653,730696
2,2026-07-16 18:24:57,"testSB_C",2.98307808818447,754844
3,2026-07-16 18:24:57,"ntc1_C",4.74356441978858,703362
3,2026-07-16 18:24:57,"ntc2_C",4.91535744508604,697725
3,2026-07-16 18:24:57,"testSB_C",5.61456382705313,678603
4,2026-07-16 18:24:57,"ntc1_C",4.84325349429889,700153
4,2026-07-16 18:24:57,"ntc2_C",4.92286892580876,696422
4,2026-07-16 18:24:57,"testSB_C",5.61493888712903,677704
5,2026-07-16 18:24:57,"ntc1_C",5.42866215251684,682604
5,2026-07-16 18:24:57,"ntc2_C",4.96738892548831,696343
5,2026-07-16 18:24:57,"testSB_C",5.24210832222178,689269
6,2026-07-16 18:24:57,"ntc1_C",5.27693020941291,687415
6,2026-07-16 18:24:57,"ntc2_C",4.65761763661959,705109
6,2026-07-16 18:24:57,"testSB_C",5.32664977268394,686883
7,2026-07-16 18:24:57,"ntc1_C",5.53408741372976,680141
7,2026-07-16 18:24:57,"ntc2_C",4.50606194894709,709688
7,2026-07-16 18:24:57,"testSB_C",5.29788017406599,687898
8,2026-07-16 18:24:57,"ntc1_C",5.36764608574964,687202
8,2026-07-16 18:24:57,"ntc2_C",5.57386493776482,679067
8,2026-07-16 18:24:57,"testSB_C",4.86206931219579,697282
9,2026-07-16 18:24:57,"ntc1_C",5.56667764124307,679158
9,2026-07-16 18:24:57,"ntc2_C",5.23721230068185,690178
9,2026-07-16 18:24:57,"testSB_C",5.34051560075352,686328
10,2026-07-16 18:24:57,"ntc1_C",5.4271383663098,684426
10,2026-07-16 18:24:57,"ntc2_C",4.67051590848945,703455
10,2026-07-16 18:24:57,"testSB_C",5.09382261674136,692146
11,2026-07-16 18:24:57,"ntc1_C",5.28804213059152,688396
11,2026-07-16 18:24:57,"ntc2_C",4.92912112024266,697913
11,2026-07-16 18:24:57,"testSB_C",5.49001308529017,681696
12,2026-07-16 18:24:57,"ntc1_C",4.49175565180946,709863
12,2026-07-16 18:24:57,"ntc2_C",5.08612238143894,692902
12,2026-07-16 18:24:57,"testSB_C",4.99687692038356,695182
13,2026-07-16 18:24:57,"ntc1_C",5.19694787295117,692097
13,2026-07-16 18:24:57,"ntc2_C",4.91770429933024,696216
13,2026-07-16 18:24:57,"testSB_C",5.33646951796652,685867
14,2026-07-16 18:24:57,"ntc1_C",5.45095304405135,682240
14,2026-07-16 18:24:57,"ntc2_C",4.75570181396319,702994
14,2026-07-16 18:24:57,"testSB_C",5.27735481603656,688436
15,2026-07-16 18:24:57,"ntc1_C",5.08984100106596,691610
15,2026-07-16 18:24:57,"ntc2_C",5.00843432346392,696027
15,2026-07-16 18:24:57,"testSB_C",4.82711337393522,701166
16,2026-07-16 18:24:57,"ntc1_C",5.34132998609391,685240
16,2026-07-16 18:24:57,"ntc2_C",5.18180431364846,689131
16,2026-07-16 18:24:57,"testSB_C",5.22014833331048,688030
17,2026-07-16 18:24:57,"ntc1_C",5.31711672772514,685802
17,2026-07-16 18:24:57,"ntc2_C",5.212567092776,688464
17,2026-07-16 18:24:57,"testSB_C",5.26795642758464,688963
18,2026-07-16 18:24:57,"ntc1_C",5.37634071371076,686396
18,2026-07-16 18:24:57,"ntc2_C",4.66892774340801,704350
18,2026-07-16 18:24:57,"testSB_C",5.23767542596602,687763
19,2026-07-16 18:24:57,"ntc1_C",5.33195137497052,687274
19,2026-07-16 18:24:57,"ntc2_C",4.7394597196411,702868
19,2026-07-16 18:24:57,"testSB_C",4.94518038461831,698108
20,2026-07-16 18:24:57,"ntc1_C",5.45065204754303,682752
20,2026-07-16 18:24:57,"ntc2_C",4.5582441015793,708592
20,2026-07-16 18:24:57,"testSB_C",5.40642451887322,683123
21,2026-07-16 18:24:57,"ntc1_C",5.35842561203413,684430
21,2026-07-16 18:24:57,"ntc2_C",4.53251349200201,708633
21,2026-07-16 18:24:57,"testSB_C",5.19859936964724,690199
22,2026-07-16 18:24:57,"ntc1_C",5.39024645087881,685199
22,2026-07-16 18:24:57,"ntc2_C",4.64984876067803,706596
22,2026-07-16 18:24:57,"testSB_C",5.045027229764,693530
23,2026-07-16 18:24:57,"ntc1_C",4.66795604527675,706519
23,2026-07-16 18:24:57,"ntc2_C",4.47310143240236,710265
23,2026-07-16 18:24:57,"testSB_C",4.59184366647997,705975
24,2026-07-16 18:24:57,"ntc1_C",4.94074502201374,697385
24,2026-07-16 18:24:57,"ntc2_C",4.62201235059297,707437
24,2026-07-16 18:24:57,"testSB_C",5.33986403098214,685117
1,2026-07-16 21:24:57,"ntc1_C",-1.18683495411699,888851
1,2026-07-16 21:24:57,"testSB_C",-1.20822650879427,891728
2,2026-07-16 21:24:57,"ntc1_C",-1.13564216858782,888406
2,2026-07-16 21:24:57,"ntc2_C",-1.03958333150717,884766
2,2026-07-16 21:24:57,"testSB_C",-1.11961265530852,889815
3,2026-07-16 21:24:57,"ntc1_C",-0.71613773128621,875105
3,2026-07-16 21:24:57,"ntc2_C",-0.700309234598933,873567
3,2026-07-16 21:24:57,"testSB_C",-0.543636136636451,867892
4,2026-07-16 21:24:57,"ntc1_C",-0.668767564483744,872940
4,2026-07-16 21:24:57,"ntc2_C",-0.65714616853495,870558
4,2026-07-16 21:24:57,"testSB_C",-0.523424515737645,866045
5,2026-07-16 21:24:57,"ntc1_C",-0.559856697261523,867289
5,2026-07-16 21:24:57,"ntc2_C",-0.64362930867577,871509
5,2026-07-16 21:24:57,"testSB_C",-0.569756419407327,869564
6,2026-07-16 21:24:57,"ntc1_C",-0.573491586364014,868486
6,2026-07-16 21:24:57,"ntc2_C",-0.671200118435252,872745
6,2026-07-16 21:24:57,"testSB_C",-0.556631175342545,869015
7,2026-07-16 21:24:57,"ntc1_C",-0.482482959758272,865053
7,2026-07-16 21:24:57,"ntc2_C",-0.690617388157591,873826
7,2026-07-16 21:24:57,"testSB_C",-0.536540089265827,868553
8,2026-07-16 21:24:57,"ntc1_C",-0.525910340881808,869781
8,2026-07-16 21:24:57,"ntc2_C",-0.498252045482104,865466
8,2026-07-16 21:24:57,"testSB_C",-0.606231286451361,867714
9,2026-07-16 21:24:57,"ntc1_C",-0.485853198387474,864856
9,2026-07-16 21:24:57,"ntc2_C",-0.551356025641496,869952
9,2026-07-16 21:24:57,"testSB_C",-0.498595912854569,866753
10,2026-07-16 21:24:57,"ntc1_C",-0.481777395211225,866676
10,2026-07-16 21:24:57,"ntc2_C",-0.617120377705533,869169
10,2026-07-16 21:24:57,"testSB_C",-0.559627176483104,867745
11,2026-07-16 21:24:57,"ntc1_C",-0.495335306639845,867361
11,2026-07-16 21:24:57,"ntc2_C",-0.558781109156541,869175
11,2026-07-16 21:24:57,"testSB_C",-0.480757318130827,865305
12,2026-07-16 21:24:57,"ntc1_C",-0.626849384464037,871225
12,2026-07-16 21:24:57,"ntc2_C",-0.520190837520204,866994
12,2026-07-16 21:24:57,"testSB_C",-0.528395431313299,867087
13,2026-07-16 21:24:57,"ntc1_C",-0.531703616056973,870319
13,2026-07-16 21:24:57,"ntc2_C",-0.535562848870143,865987
13,2026-07-16 21:24:57,"testSB_C",-0.443439977708294,864207
14,2026-07-16 21:24:57,"ntc1_C",-0.402550178426168,862024
14,2026-07-16 21:24:57,"ntc2_C",-0.536056154599407,868748
14,2026-07-16 21:24:57,"testSB_C",-0.440906768642265,865266
15,2026-07-16 21:24:57,"ntc1_C",-0.468235010191961,863671
15,2026-07-16 21:24:57,"ntc2_C",-0.474290189975932,866715
15,2026-07-16 21:24:57,"testSB_C",-0.515320030926489,868309
16,2026-07-16 21:24:57,"ntc1_C",-0.397881663488647,861983
16,2026-07-16 21:24:57,"ntc2_C",-0.44701405817392,863135
16,2026-07-16 21:24:57,"testSB_C",-0.421135029984157,862181
17,2026-07-16 21:24:57,"ntc1_C",-0.403210297869407,862088
17,2026-07-16 21:24:57,"ntc2_C",-0.433690917717911,862851
17,2026-07-16 21:24:57,"testSB_C",-0.404333798946936,864407
18,2026-07-16 21:24:57,"ntc1_C",-0.422711757413595,865473
18,2026-07-16 21:24:57,"ntc2_C",-0.524495237080885,866952
18,2026-07-16 21:24:57,"testSB_C",-0.432221848963707,862867
19,2026-07-16 21:24:57,"ntc1_C",-0.404696454250427,864494
19,2026-07-16 21:24:57,"ntc2_C",-0.513640132843136,867363
19,2026-07-16 21:24:57,"testSB_C",-0.457027828269872,866577
20,2026-07-16 21:24:57,"ntc1_C",-0.361868685821264,861427
20,2026-07-16 21:24:57,"ntc2_C",-0.541378776268346,869142
20,2026-07-16 21:24:57,"testSB_C",-0.339479889149459,859510
21,2026-07-16 21:24:57,"ntc1_C",-0.349895183634146,859704
21,2026-07-16 21:24:57,"ntc2_C",-0.52978958991423,867836
21,2026-07-16 21:24:57,"testSB_C",-0.40269114856045,863494
22,2026-07-16 21:24:57,"ntc1_C",-0.327977035305196,861109
22,2026-07-16 21:24:57,"ntc2_C",-0.493188764599779,867911
22,2026-07-16 21:24:57,"testSB_C",-0.391174970468967,861858
23,2026-07-16 21:24:57,"ntc1_C",-0.434195331587318,866555
23,2026-07-16 21:24:57,"ntc2_C",-0.511523374805506,867094
23,2026-07-16 21:24:57,"testSB_C",-0.477237233395442,864556
24,2026-07-16 21:24:57,"ntc1_C",-0.383715663594216,862982
24,2026-07-16 21:24:57,"ntc2_C",-0.461314009314151,867053
24,2026-07-16 21:24:57,"testSB_C",-0.324610606714089,859154
1,2026-07-17 00:24:57,"ntc1_C",-5.20785086256245,1046019
1,2026-07-17 00:24:57,"testSB_C",-5.21485994950297,1048712
2,2026-07-17 00:24:57,"ntc1_C",-5.1690880684269,1046015
2,2026-07-17 00:24:57,"ntc2_C",-5.14678698135583,1044805
2,2026-07-17 00:24:57,"testSB_C",-5.10300233546553,1045353
3,2026-07-17 00:24:57,"ntc1_C",-5.09305285420425,1044608
3,2026-07-17 00:24:57,"ntc2_C",-5.06601882985802,1042372
3,2026-07-17 00:24:57,"testSB_C",-5.07034873741242,1042231
4,2026-07-17 00:24:57,"ntc1_C",-5.0422240479142,1041908
4,2026-07-17 00:24:57,"ntc2_C",-5.02704037442328,1038854
4,2026-07-17 00:24:57,"testSB_C",-5.04958070930155,1039993
5,2026-07-17 00:24:57,"ntc1_C",-5.03277902471928,1039361
5,2026-07-17 00:24:57,"ntc2_C",-5.00950210051883,1039809
5,2026-07-17 00:24:57,"testSB_C",-5.00066479117066,1040240
6,2026-07-17 00:24:57,"ntc1_C",-4.99873135741944,1038638
6,2026-07-17 00:24:57,"ntc2_C",-4.97160615453544,1038603
6,2026-07-17 00:24:57,"testSB_C",-4.98880465873123,1039620
7,2026-07-17 00:24:57,"ntc1_C",-4.95301558264384,1036534
7,2026-07-17 00:24:57,"ntc2_C",-4.92882529715234,1037282
7,2026-07-17 00:24:57,"testSB_C",-4.94535074911715,1038052
8,2026-07-17 00:24:57,"ntc1_C",-4.91686080329509,1038840
8,2026-07-17 00:24:57,"ntc2_C",-4.90665185199532,1034347
8,2026-07-17 00:24:57,"testSB_C",-4.88296670661094,1031538
9,2026-07-17 00:24:57,"ntc1_C",-4.87417316862764,1032729
9,2026-07-17 00:24:57,"ntc2_C",-4.86138563879365,1035680
9,2026-07-17 00:24:57,"testSB_C",-4.87787806746798,1034718
10,2026-07-17 00:24:57,"ntc1_C",-4.86000549594507,1034496
10,2026-07-17 00:24:57,"ntc2_C",-4.82712022335403,1030486
10,2026-07-17 00:24:57,"testSB_C",-4.85280016957961,1032299
11,2026-07-17 00:24:57,"ntc1_C",-4.83552721778159,1033696
11,2026-07-17 00:24:57,"ntc2_C",-4.8169178200452,1032476
11,2026-07-17 00:24:57,"testSB_C",-4.82752095311486,1031525
12,2026-07-17 00:24:57,"ntc1_C",-4.78932400243281,1030911
12,2026-07-17 00:24:57,"ntc2_C",-4.78608887250726,1030190
12,2026-07-17 00:24:57,"testSB_C",-4.79549287297715,1030390
13,2026-07-17 00:24:57,"ntc1_C",-4.78520662756091,1033685
13,2026-07-17 00:24:57,"ntc2_C",-4.74894216682264,1026903
13,2026-07-17 00:24:57,"testSB_C",-4.75996684483181,1029049
14,2026-07-17 00:24:57,"ntc1_C",-4.74277900679454,1027337
14,2026-07-17 00:24:57,"ntc2_C",-4.72389722315614,1029023
14,2026-07-17 00:24:57,"testSB_C",-4.74479537196748,1029744
15,2026-07-17 00:24:57,"ntc1_C",-4.71522898592644,1025402
15,2026-07-17 00:24:57,"ntc2_C",-4.706127658441,1028497
15,2026-07-17 00:24:57,"testSB_C",-4.7032547673013,1028579
16,2026-07-17 00:24:57,"ntc1_C",-4.70235286042231,1025880
16,2026-07-17 00:24:57,"ntc2_C",-4.68073027297407,1024351
16,2026-07-17 00:24:57,"testSB_C",-4.67983156546137,1024259
17,2026-07-17 00:24:57,"ntc1_C",-4.67127491326761,1024506
17,2026-07-17 00:24:57,"ntc2_C",-4.66114349896941,1023675
17,2026-07-17 00:24:57,"testSB_C",-4.65492224695896,1026518
18,2026-07-17 00:24:57,"ntc1_C",-4.65562439610164,1026994
18,2026-07-17 00:24:57,"ntc2_C",-4.6350473574812,1023601
18,2026-07-17 00:24:57,"testSB_C",-4.64956455426977,1023371
19,2026-07-17 00:24:57,"ntc1_C",-4.63214360758883,1025668
19,2026-07-17 00:24:57,"ntc2_C",-4.6051480661215,1023464
19,2026-07-17 00:24:57,"testSB_C",-4.60152983204671,1024724
20,2026-07-17 00:24:57,"ntc1_C",-4.59920262056079,1022474
20,2026-07-17 00:24:57,"ntc2_C",-4.57877690314615,1023340
20,2026-07-17 00:24:57,"testSB_C",-4.57280842555912,1019964
21,2026-07-17 00:24:57,"ntc1_C",-4.57909718740376,1019872
21,2026-07-17 00:24:57,"ntc2_C",-4.56179999544031,1021526
21,2026-07-17 00:24:57,"testSB_C",-4.57550016063334,1022213
22,2026-07-17 00:24:57,"ntc1_C",-4.55871055494418,1021721
22,2026-07-17 00:24:57,"ntc2_C",-4.5180628743143,1021179
22,2026-07-17 00:24:57,"testSB_C",-4.53091419987965,1018833
23,2026-07-17 00:24:57,"ntc1_C",-4.50715726726662,1021658
23,2026-07-17 00:24:57,"ntc2_C",-4.48554307360109,1018222
23,2026-07-17 00:24:57,"testSB_C",-4.50213031792316,1017190
24,2026-07-17 00:24:57,"ntc1_C",-4.48510045620122,1018666
24,2026-07-17 00:24:57,"ntc2_C",-4.46652513856759,1019465
24,2026-07-17 00:24:57,"testSB_C",-4.4990293549107,1017040
1,2026-07-17 03:24:57,"ntc1_C",-5.08348287296718,1040747
1,2026-07-17 03:24:57,"testSB_C",-5.0644888930749,1042328
2,2026-07-17 03:24:57,"ntc1_C",-5.05208754270916,1041055
2,2026-07-17 03:24:57,"ntc2_C",-5.04191920789242,1040364
2,2026-07-17 03:24:57,"testSB_C",-5.01937864143673,1041812
3,2026-07-17 03:24:57,"ntc1_C",-5.02985179097351,1041931
3,2026-07-17 03:24:57,"ntc2_C",-5.01698247883633,1040298
3,2026-07-17 03:24:57,"testSB_C",-5.00609325135514,1039516
4,2026-07-17 03:24:57,"ntc1_C",-4.99500392777583,1039912
4,2026-07-17 03:24:57,"ntc2_C",-4.98275535228834,1036988
4,2026-07-17 03:24:57,"testSB_C",-4.98236417564425,1037159
5,2026-07-17 03:24:57,"ntc1_C",-4.97562746568514,1036951
5,2026-07-17 03:24:57,"ntc2_C",-4.96314345055754,1037854
5,2026-07-17 03:24:57,"testSB_C",-4.95428496555627,1038283
6,2026-07-17 03:24:57,"ntc1_C",-4.95687062842268,1036875
6,2026-07-17 03:24:57,"ntc2_C",-4.94961717555651,1037676
6,2026-07-17 03:24:57,"testSB_C",-4.94362579003013,1037715
7,2026-07-17 03:24:57,"ntc1_C",-4.9333853518466,1035708
7,2026-07-17 03:24:57,"ntc2_C",-4.92426683167184,1037090
7,2026-07-17 03:24:57,"testSB_C",-4.92210518272668,1037073
8,2026-07-17 03:24:57,"ntc1_C",-4.91524876234433,1038772
8,2026-07-17 03:24:57,"ntc2_C",-4.91527143207719,1034709
8,2026-07-17 03:24:57,"testSB_C",-4.89478518622974,1032033
9,2026-07-17 03:24:57,"ntc1_C",-4.88414429623839,1033147
9,2026-07-17 03:24:57,"ntc2_C",-4.88210794287693,1036552
9,2026-07-17 03:24:57,"testSB_C",-4.87966307000801,1034793
10,2026-07-17 03:24:57,"ntc1_C",-4.87307812750822,1035045
10,2026-07-17 03:24:57,"ntc2_C",-4.85667537766506,1031723
10,2026-07-17 03:24:57,"testSB_C",-4.85823960921715,1032527
11,2026-07-17 03:24:57,"ntc1_C",-4.84680128622887,1034169
11,2026-07-17 03:24:57,"ntc2_C",-4.8353098831372,1033247
11,2026-07-17 03:24:57,"testSB_C",-4.8313190379024,1031684
12,2026-07-17 03:24:57,"ntc1_C",-4.82030727898916,1032208
12,2026-07-17 03:24:57,"ntc2_C",-4.81525337443213,1031410
12,2026-07-17 03:24:57,"testSB_C",-4.80749243112177,1030892
13,2026-07-17 03:24:57,"ntc1_C",-4.80957541935538,1034708
13,2026-07-17 03:24:57,"ntc2_C",-4.78692840668475,1028488
13,2026-07-17 03:24:57,"testSB_C",-4.78195526569164,1029968
14,2026-07-17 03:24:57,"ntc1_C",-4.77710655221921,1028769
14,2026-07-17 03:24:57,"ntc2_C",-4.76419404859951,1030707
14,2026-07-17 03:24:57,"testSB_C",-4.76615199548075,1030637
15,2026-07-17 03:24:57,"ntc1_C",-4.75548489197695,1027078
15,2026-07-17 03:24:57,"ntc2_C",-4.7499202027953,1030327
15,2026-07-17 03:24:57,"testSB_C",-4.74625371328221,1030376
16,2026-07-17 03:24:57,"ntc1_C",-4.74745504484582,1027760
16,2026-07-17 03:24:57,"ntc2_C",-4.744604911723,1027011
16,2026-07-17 03:24:57,"testSB_C",-4.73668065473481,1026626
17,2026-07-17 03:24:57,"ntc1_C",-4.73625384774186,1027212
17,2026-07-17 03:24:57,"ntc2_C",-4.72931961486648,1026511
17,2026-07-17 03:24:57,"testSB_C",-4.72679583615115,1029517
18,2026-07-17 03:24:57,"ntc1_C",-4.72732129337925,1029986
18,2026-07-17 03:24:57,"ntc2_C",-4.71498999221325,1026925
18,2026-07-17 03:24:57,"testSB_C",-4.71692954316552,1026174
19,2026-07-17 03:24:57,"ntc1_C",-4.71171133521943,1028986
19,2026-07-17 03:24:57,"ntc2_C",-4.69857496552464,1027353
19,2026-07-17 03:24:57,"testSB_C",-4.69962792848304,1028813
20,2026-07-17 03:24:57,"ntc1_C",-4.70124606487252,1026719
20,2026-07-17 03:24:57,"ntc2_C",-4.69100042948531,1028013
20,2026-07-17 03:24:57,"testSB_C",-4.68393916495313,1024575
21,2026-07-17 03:24:57,"ntc1_C",-4.69572555352539,1024707
21,2026-07-17 03:24:57,"ntc2_C",-4.68724091216569,1026740
21,2026-07-17 03:24:57,"testSB_C",-4.68980903176072,1026967
22,2026-07-17 03:24:57,"ntc1_C",-4.68591373165265,1027009
22,2026-07-17 03:24:57,"ntc2_C",-4.67277861747209,1027607
22,2026-07-17 03:24:57,"testSB_C",-4.66831213623152,1024529
23,2026-07-17 03:24:57,"ntc1_C",-4.66158710290887,1028080
23,2026-07-17 03:24:57,"ntc2_C",-4.65286773229741,1025159
23,2026-07-17 03:24:57,"testSB_C",-4.66286541741334,1023841
24,2026-07-17 03:24:57,"ntc1_C",-4.65314119755845,1025638
24,2026-07-17 03:24:57,"ntc2_C",-4.64067452890686,1026695
24,2026-07-17 03:24:57,"testSB_C",-4.64066685401014,1022901
1,2026-07-17 06:24:57,"ntc1_C",-3.14164145857018,961921
1,2026-07-17 06:24:57,"testSB_C",-3.05706819619513,960870
2,2026-07-17 06:24:57,"ntc1_C",-3.08967320007622,961408
2,2026-07-17 06:24:57,"ntc2_C",-3.01112097886352,958124
2,2026-07-17 06:24:57,"testSB_C",-3.04586894567518,961765
3,2026-07-17 06:24:57,"ntc1_C",-2.73212486905442,949293
3,2026-07-17 06:24:57,"ntc2_C",-2.74674568492856,948824
3,2026-07-17 06:24:57,"testSB_C",-2.68007274483409,946025
4,2026-07-17 06:24:57,"ntc1_C",-2.68599212309272,947003
4,2026-07-17 06:24:57,"ntc2_C",-2.65768165762273,943755
4,2026-07-17 06:24:57,"testSB_C",-2.65015287978059,943641
5,2026-07-17 06:24:57,"ntc1_C",-2.66750301982773,944321
5,2026-07-17 06:24:57,"ntc2_C",-2.67547904554402,945978
5,2026-07-17 06:24:57,"testSB_C",-2.65987962133636,946097
6,2026-07-17 06:24:57,"ntc1_C",-2.6546079850105,944550
6,2026-07-17 06:24:57,"ntc2_C",-2.67997879268779,946473
6,2026-07-17 06:24:57,"testSB_C",-2.62531839014196,944675
7,2026-07-17 06:24:57,"ntc1_C",-2.58304312576877,941595
7,2026-07-17 06:24:57,"ntc2_C",-2.62905269109473,944959
7,2026-07-17 06:24:57,"testSB_C",-2.59908296392427,943923
8,2026-07-17 06:24:57,"ntc1_C",-2.58689250784784,945229
8,2026-07-17 06:24:57,"ntc2_C",-2.56179458318559,940603
8,2026-07-17 06:24:57,"testSB_C",-2.56181007456917,938954
9,2026-07-17 06:24:57,"ntc1_C",-2.54026167823997,939573
9,2026-07-17 06:24:57,"ntc2_C",-2.54793431704911,942973
9,2026-07-17 06:24:57,"testSB_C",-2.55500573431556,941755
10,2026-07-17 06:24:57,"ntc1_C",-2.53711932371374,941596
10,2026-07-17 06:24:57,"ntc2_C",-2.55698045765297,939938
10,2026-07-17 06:24:57,"testSB_C",-2.54722181433885,940221
11,2026-07-17 06:24:57,"ntc1_C",-2.53645384849102,941790
11,2026-07-17 06:24:57,"ntc2_C",-2.51768570791262,940655
11,2026-07-17 06:24:57,"testSB_C",-2.46808003742433,937517
12,2026-07-17 06:24:57,"ntc1_C",-2.50295973044422,939730
12,2026-07-17 06:24:57,"ntc2_C",-2.47559938841908,938155
12,2026-07-17 06:24:57,"testSB_C",-2.50219247279307,938969
13,2026-07-17 06:24:57,"ntc1_C",-2.48147998320087,941569
13,2026-07-17 06:24:57,"ntc2_C",-2.47033910162043,936327
13,2026-07-17 06:24:57,"testSB_C",-2.44026561727117,936732
14,2026-07-17 06:24:57,"ntc1_C",-2.4375794024142,935766
14,2026-07-17 06:24:57,"ntc2_C",-2.46218370782418,938949
14,2026-07-17 06:24:57,"testSB_C",-2.40888694379987,936770
15,2026-07-17 06:24:57,"ntc1_C",-2.45034317040563,935546
15,2026-07-17 06:24:57,"ntc2_C",-2.38268764217401,936098
15,2026-07-17 06:24:57,"testSB_C",-2.37049990689377,935816
16,2026-07-17 06:24:57,"ntc1_C",-2.39566818604555,934348
16,2026-07-17 06:24:57,"ntc2_C",-2.41538740450017,934504
16,2026-07-17 06:24:57,"testSB_C",-2.39942411973311,933846
17,2026-07-17 06:24:57,"ntc1_C",-2.38721363793422,933950
17,2026-07-17 06:24:57,"ntc2_C",-2.38753989211904,933618
17,2026-07-17 06:24:57,"testSB_C",-2.40539379124579,937103
18,2026-07-17 06:24:57,"ntc1_C",-2.382623145683,936677
18,2026-07-17 06:24:57,"ntc2_C",-2.41908117355149,935781
18,2026-07-17 06:24:57,"testSB_C",-2.37519547169751,933264
19,2026-07-17 06:24:57,"ntc1_C",-2.36987179244767,935842
19,2026-07-17 06:24:57,"ntc2_C",-2.43443888095203,937289
19,2026-07-17 06:24:57,"testSB_C",-2.40648666931014,937518
20,2026-07-17 06:24:57,"ntc1_C",-2.35506456201199,933593
20,2026-07-17 06:24:57,"ntc2_C",-2.39974314125567,936855
20,2026-07-17 06:24:57,"testSB_C",-2.32233094148006,931094
21,2026-07-17 06:24:57,"ntc1_C",-2.3713846542459,932694
21,2026-07-17 06:24:57,"ntc2_C",-2.3922776446696,935580
21,2026-07-17 06:24:57,"testSB_C",-2.38622656838498,935452
22,2026-07-17 06:24:57,"ntc1_C",-2.36563992778775,934879
22,2026-07-17 06:24:57,"ntc2_C",-2.40986325674601,937647
22,2026-07-17 06:24:57,"testSB_C",-2.40904653017799,934939
23,2026-07-17 06:24:57,"ntc1_C",-2.43537885703881,939427
23,2026-07-17 06:24:57,"ntc2_C",-2.44927913853792,937613
23,2026-07-17 06:24:57,"testSB_C",-2.47408063443521,937034
24,2026-07-17 06:24:57,"ntc1_C",-2.43442660060242,937449
24,2026-07-17 06:24:57,"ntc2_C",-2.42808109562714,938671
24,2026-07-17 06:24:57,"testSB_C",-2.2843585225927,929810
1,2026-07-17 09:24:57,"ntc1_C",-0.291051767777333,857341
1,2026-07-17 09:24:57,"testSB_C",-0.209057856739832,856560
2,2026-07-17 09:24:57,"ntc1_C",-0.270956772872466,857984
2,2026-07-17 09:24:57,"ntc2_C",-0.182031200332233,854724
2,2026-07-17 09:24:57,"testSB_C",-0.241643171425494,858920
3,2026-07-17 09:24:57,"ntc1_C",0.00536775766136088,850058
3,2026-07-17 09:24:57,"ntc2_C",-0.0268515758294825,850196
3,2026-07-17 09:24:57,"testSB_C",0.0253834559837287,848249
4,2026-07-17 09:24:57,"ntc1_C",0.0759427959766867,847161
4,2026-07-17 09:24:57,"ntc2_C",-0.0119810770768254,848247
4,2026-07-17 09:24:57,"testSB_C",0.0895460721548034,844950
5,2026-07-17 09:24:57,"ntc1_C",0.00640693338664278,847741
5,2026-07-17 09:24:57,"ntc2_C",0.000961289989731995,849195
5,2026-07-17 09:24:57,"testSB_C",0.0474642713220987,848232
6,2026-07-17 09:24:57,"ntc1_C",0.0349515148952833,847487
6,2026-07-17 09:24:57,"ntc2_C",-0.0814008462306219,852265
6,2026-07-17 09:24:57,"testSB_C",0.0347099770493173,848580
7,2026-07-17 09:24:57,"ntc1_C",0.0860730809221764,845483
7,2026-07-17 09:24:57,"ntc2_C",0.0159092684678512,849321
7,2026-07-17 09:24:57,"testSB_C",0.0314243087041746,848931
8,2026-07-17 09:24:57,"ntc1_C",-0.0478260399986539,853203
8,2026-07-17 09:24:57,"ntc2_C",0.0570333765158466,846347
8,2026-07-17 09:24:57,"testSB_C",-0.0343203637658007,847974
9,2026-07-17 09:24:57,"ntc1_C",-0.0594348583889541,850148
9,2026-07-17 09:24:57,"ntc2_C",0.0311652274666017,849789
9,2026-07-17 09:24:57,"testSB_C",0.0340628342337368,848371
10,2026-07-17 09:24:57,"ntc1_C",0.0443480375240028,848526
10,2026-07-17 09:24:57,"ntc2_C",-0.0423811979749189,849297
10,2026-07-17 09:24:57,"testSB_C",-0.0444940933722364,849938
11,2026-07-17 09:24:57,"ntc1_C",0.0303655977904214,849213
11,2026-07-17 09:24:57,"ntc2_C",-0.0133842831784818,850309
11,2026-07-17 09:24:57,"testSB_C",0.0510073579057462,846994
12,2026-07-17 09:24:57,"ntc1_C",-0.0464179027383693,851112
12,2026-07-17 09:24:57,"ntc2_C",0.0140290442864739,848558
12,2026-07-17 09:24:57,"testSB_C",-0.0353519084322897,850052
13,2026-07-17 09:24:57,"ntc1_C",0.0105930326906218,851527
13,2026-07-17 09:24:57,"ntc2_C",0.0511617230030765,845773
13,2026-07-17 09:24:57,"testSB_C",0.115235622686725,844992
14,2026-07-17 09:24:57,"ntc1_C",0.130191780626717,843748
14,2026-07-17 09:24:57,"ntc2_C",0.0557299021127733,848306
14,2026-07-17 09:24:57,"testSB_C",0.126119930245693,845748
15,2026-07-17 09:24:57,"ntc1_C",0.0811760580030523,844795
15,2026-07-17 09:24:57,"ntc2_C",0.156032384614548,845006
15,2026-07-17 09:24:57,"testSB_C",0.100317792790122,847056
16,2026-07-17 09:24:57,"ntc1_C",0.0397111119420401,846935
16,2026-07-17 09:24:57,"ntc2_C",0.0691041245320321,845388
16,2026-07-17 09:24:57,"testSB_C",0.0417522223086735,846264
17,2026-07-17 09:24:57,"ntc1_C",0.118866802756884,844162
17,2026-07-17 09:24:57,"ntc2_C",0.0953796632480248,844676
17,2026-07-17 09:24:57,"testSB_C",0.104405104188743,846888
18,2026-07-17 09:24:57,"ntc1_C",0.125666021566985,846587
18,2026-07-17 09:24:57,"ntc2_C",0.0446830091141237,847331
18,2026-07-17 09:24:57,"testSB_C",0.127633842121213,843637
19,2026-07-17 09:24:57,"ntc1_C",0.0476869629172825,848895
19,2026-07-17 09:24:57,"ntc2_C",-0.0391096661571737,850948
19,2026-07-17 09:24:57,"testSB_C",0.0556792933796828,848874
20,2026-07-17 09:24:57,"ntc1_C",0.130642375342063,844516
20,2026-07-17 09:24:57,"ntc2_C",0.0483303745090211,848747
20,2026-07-17 09:24:57,"testSB_C",0.180207696891443,841724
21,2026-07-17 09:24:57,"ntc1_C",0.112311525176096,843876
21,2026-07-17 09:24:57,"ntc2_C",0.0326736027455468,848408
21,2026-07-17 09:24:57,"testSB_C",0.090211151452877,846533
22,2026-07-17 09:24:57,"ntc1_C",0.101545749708976,846357
22,2026-07-17 09:24:57,"ntc2_C",0.0126422389236609,850434
22,2026-07-17 09:24:57,"testSB_C",0.0672986912884426,846109
23,2026-07-17 09:24:57,"ntc1_C",0.011713916272015,851143
23,2026-07-17 09:24:57,"ntc2_C",-0.0662852075763567,851694
23,2026-07-17 09:24:57,"testSB_C",-0.0179551072615709,848737
24,2026-07-17 09:24:57,"ntc1_C",0.0441328485212011,848246
24,2026-07-17 09:24:57,"ntc2_C",0.0331264311968198,849969
24,2026-07-17 09:24:57,"testSB_C",0.289519413727589,838195
1,2026-07-17 12:24:57,"ntc1_C",0.841045785132224,819199
1,2026-07-17 12:24:57,"testSB_C",0.992563338175955,816199
2,2026-07-17 12:24:57,"ntc1_C",0.934886111177605,817384
2,2026-07-17 12:24:57,"ntc2_C",1.06603584150793,812913
2,2026-07-17 12:24:57,"testSB_C",0.871617266306941,821366
3,2026-07-17 12:24:57,"ntc1_C",1.37878699121387,804451
3,2026-07-17 12:24:57,"ntc2_C",1.3061418529083,805864
3,2026-07-17 12:24:57,"testSB_C",1.4672429421704,800551
4,2026-07-17 12:24:57,"ntc1_C",1.43599756070637,802137
4,2026-07-17 12:24:57,"ntc2_C",1.43264483967096,800454
4,2026-07-17 12:24:57,"testSB_C",1.51336583990667,798021
5,2026-07-17 12:24:57,"ntc1_C",1.44793871446461,800052
5,2026-07-17 12:24:57,"ntc2_C",1.35798379720183,804171
5,2026-07-17 12:24:57,"testSB_C",1.41752284389656,802835
6,2026-07-17 12:24:57,"ntc1_C",1.41485146092197,801828
6,2026-07-17 12:24:57,"ntc2_C",1.22306613914122,808753
6,2026-07-17 12:24:57,"testSB_C",1.38932323994459,803660
7,2026-07-17 12:24:57,"ntc1_C",1.48400598883478,799331
7,2026-07-17 12:24:57,"ntc2_C",1.28848650729657,806999
7,2026-07-17 12:24:57,"testSB_C",1.45208481084711,801876
8,2026-07-17 12:24:57,"ntc1_C",1.36083354245113,806272
8,2026-07-17 12:24:57,"ntc2_C",1.40433408047636,801794
8,2026-07-17 12:24:57,"testSB_C",1.37987003925252,801176
9,2026-07-17 12:24:57,"ntc1_C",1.40177592054152,801725
9,2026-07-17 12:24:57,"ntc2_C",1.34507311683598,806105
9,2026-07-17 12:24:57,"testSB_C",1.36176875720741,804326
10,2026-07-17 12:24:57,"ntc1_C",1.39933569483958,803610
10,2026-07-17 12:24:57,"ntc2_C",1.23570237476179,806810
10,2026-07-17 12:24:57,"testSB_C",1.21365326312309,808052
11,2026-07-17 12:24:57,"ntc1_C",1.32782251218646,806121
11,2026-07-17 12:24:57,"ntc2_C",1.24351328412115,808462
11,2026-07-17 12:24:57,"testSB_C",1.34409008786156,804158
12,2026-07-17 12:24:57,"ntc1_C",1.17648205874752,810326
12,2026-07-17 12:24:57,"ntc2_C",1.266767848021,806933
12,2026-07-17 12:24:57,"testSB_C",1.15050943305073,810513
13,2026-07-17 12:24:57,"ntc1_C",1.30481963511306,808390
13,2026-07-17 12:24:57,"ntc2_C",1.30240411148088,804313
13,2026-07-17 12:24:57,"testSB_C",1.38479139804593,802987
14,2026-07-17 12:24:57,"ntc1_C",1.44055243727746,800517
14,2026-07-17 12:24:57,"ntc2_C",1.33336389341554,805887
14,2026-07-17 12:24:57,"testSB_C",1.49192263418223,800622
15,2026-07-17 12:24:57,"ntc1_C",1.36999318399592,802207
15,2026-07-17 12:24:57,"ntc2_C",1.47279051357941,801490
15,2026-07-17 12:24:57,"testSB_C",1.4427479406242,802597
16,2026-07-17 12:24:57,"ntc1_C",1.44478444288393,800467
16,2026-07-17 12:24:57,"ntc2_C",1.38034744522429,802014
16,2026-07-17 12:24:57,"testSB_C",1.48681016267182,798543
17,2026-07-17 12:24:57,"ntc1_C",1.52122961192953,797934
17,2026-07-17 12:24:57,"ntc2_C",1.48066774261417,798978
17,2026-07-17 12:24:57,"testSB_C",1.47069126668015,801670
18,2026-07-17 12:24:57,"ntc1_C",1.44616415792729,802874
18,2026-07-17 12:24:57,"ntc2_C",1.31651935556016,805164
18,2026-07-17 12:24:57,"testSB_C",1.48565674918166,798850
19,2026-07-17 12:24:57,"ntc1_C",1.42757019203634,803125
19,2026-07-17 12:24:57,"ntc2_C",1.25717187138491,807758
19,2026-07-17 12:24:57,"testSB_C",1.35527350384007,805692
20,2026-07-17 12:24:57,"ntc1_C",1.53668746752788,798141
20,2026-07-17 12:24:57,"ntc2_C",1.31527180594662,806621
20,2026-07-17 12:24:57,"testSB_C",1.61077776014997,794746
21,2026-07-17 12:24:57,"ntc1_C",1.53968849243103,796913
21,2026-07-17 12:24:57,"ntc2_C",1.33328093829709,805223
21,2026-07-17 12:24:57,"testSB_C",1.49593738092295,800069
22,2026-07-17 12:24:57,"ntc1_C",1.5290043283519,799223
22,2026-07-17 12:24:57,"ntc2_C",1.33166922805725,806590
22,2026-07-17 12:24:57,"testSB_C",1.39804694941148,802099
23,2026-07-17 12:24:57,"ntc1_C",1.33552390372023,807071
23,2026-07-17 12:24:57,"ntc2_C",1.21262395424912,809046
23,2026-07-17 12:24:57,"testSB_C",1.27735088619812,805752
24,2026-07-17 12:24:57,"ntc1_C",1.38469168559141,803772
24,2026-07-17 12:24:57,"ntc2_C",1.31538938232188,807301
24,2026-07-17 12:24:57,"testSB_C",1.56379242742389,796414
1,2026-07-17 15:24:57,"ntc1_C",0.74145694720022,822481
1,2026-07-17 15:24:57,"testSB_C",0.849279884898522,820904
2,2026-07-17 15:24:57,"ntc1_C",0.7894799116184,822170
2,2026-07-17 15:24:57,"ntc2_C",0.897415031084222,818433
2,2026-07-17 15:24:57,"testSB_C",0.947236166159257,818879
3,2026-07-17 15:24:57,"ntc1_C",1.15683750634668,811642
3,2026-07-17 15:24:57,"ntc2_C",0.973945180957742,816678
3,2026-07-17 15:24:57,"testSB_C",1.00478781061241,815532
4,2026-07-17 15:24:57,"ntc1_C",1.27397458815545,807365
4,2026-07-17 15:24:57,"ntc2_C",1.1826159443616,808517
4,2026-07-17 15:24:57,"testSB_C",1.10565211469969,811170
5,2026-07-17 15:24:57,"ntc1_C",1.19273318690102,808283
5,2026-07-17 15:24:57,"ntc2_C",1.14797124629803,810970
5,2026-07-17 15:24:57,"testSB_C",1.08132883922383,813731
6,2026-07-17 15:24:57,"ntc1_C",1.25225121446027,807070
6,2026-07-17 15:24:57,"ntc2_C",1.00963496428784,815708
6,2026-07-17 15:24:57,"testSB_C",1.22158358435843,809083
7,2026-07-17 15:24:57,"ntc1_C",1.08297846054501,812291
7,2026-07-17 15:24:57,"ntc2_C",1.08405988137599,813644
7,2026-07-17 15:24:57,"testSB_C",1.14729395671134,811733
8,2026-07-17 15:24:57,"ntc1_C",0.98318340868002,818579
8,2026-07-17 15:24:57,"ntc2_C",1.14734679545796,810096
8,2026-07-17 15:24:57,"testSB_C",1.05136109641893,811797
9,2026-07-17 15:24:57,"ntc1_C",1.03916451169994,813462
9,2026-07-17 15:24:57,"ntc2_C",1.13083738573545,813062
9,2026-07-17 15:24:57,"testSB_C",1.32120771408182,805635
10,2026-07-17 15:24:57,"ntc1_C",1.23609479042199,808885
10,2026-07-17 15:24:57,"ntc2_C",1.42461008068273,800724
10,2026-07-17 15:24:57,"testSB_C",1.02712998320419,814121
11,2026-07-17 15:24:57,"ntc1_C",1.20352500094941,810147
11,2026-07-17 15:24:57,"ntc2_C",1.2896844266142,806967
11,2026-07-17 15:24:57,"testSB_C",1.28300359816478,806129
12,2026-07-17 15:24:57,"ntc1_C",1.08344367963201,813355
12,2026-07-17 15:24:57,"ntc2_C",1.17698533118181,809843
12,2026-07-17 15:24:57,"testSB_C",1.04039468756991,814101
13,2026-07-17 15:24:57,"ntc1_C",1.3525519041271,806844
13,2026-07-17 15:24:57,"ntc2_C",1.2128379329198,807208
13,2026-07-17 15:24:57,"testSB_C",1.16286905076021,810167
14,2026-07-17 15:24:57,"ntc1_C",1.07404809668895,812367
14,2026-07-17 15:24:57,"ntc2_C",1.01220748649052,816334
14,2026-07-17 15:24:57,"testSB_C",1.46168281818746,801593
15,2026-07-17 15:24:57,"ntc1_C",1.28541019891486,804931
15,2026-07-17 15:24:57,"ntc2_C",1.4346026853151,802718
15,2026-07-17 15:24:57,"testSB_C",1.31074618935276,806857
16,2026-07-17 15:24:57,"ntc1_C",1.04941307747305,813263
16,2026-07-17 15:24:57,"ntc2_C",1.02874659449981,813408
16,2026-07-17 15:24:57,"testSB_C",1.11584542210198,810515
17,2026-07-17 15:24:57,"ntc1_C",1.17694901963398,809029
17,2026-07-17 15:24:57,"ntc2_C",1.24820109575757,806460
17,2026-07-17 15:24:57,"testSB_C",1.15733051473757,811810
18,2026-07-17 15:24:57,"ntc1_C",1.40161804384877,804309
18,2026-07-17 15:24:57,"ntc2_C",1.34762453067481,804161
18,2026-07-17 15:24:57,"testSB_C",1.4891530832931,798738
19,2026-07-17 15:24:57,"ntc1_C",1.40410796068767,803881
19,2026-07-17 15:24:57,"ntc2_C",1.1673981486,810673
19,2026-07-17 15:24:57,"testSB_C",1.36759209715558,805294
20,2026-07-17 15:24:57,"ntc1_C",1.49563744189999,799456
20,2026-07-17 15:24:57,"ntc2_C",1.48092161496612,801279
20,2026-07-17 15:24:57,"testSB_C",1.75195766504208,790263
21,2026-07-17 15:24:57,"ntc1_C",1.64196772834003,793656
21,2026-07-17 15:24:57,"ntc2_C",1.60642935690856,796453
21,2026-07-17 15:24:57,"testSB_C",1.66989404593204,794510
22,2026-07-17 15:24:57,"ntc1_C",1.65891210614365,795074
22,2026-07-17 15:24:57,"ntc2_C",1.59192980080576,798226
22,2026-07-17 15:24:57,"testSB_C",1.29325201693388,805475
23,2026-07-17 15:24:57,"ntc1_C",1.42632489235189,804138
23,2026-07-17 15:24:57,"ntc2_C",1.26365269395126,807392
23,2026-07-17 15:24:57,"testSB_C",1.35163416456976,803358
24,2026-07-17 15:24:57,"ntc1_C",1.53258635145738,799019
24,2026-07-17 15:24:57,"ntc2_C",1.44528573292655,803107
24,2026-07-17 15:24:57,"testSB_C",1.47848141334197,799141
1,2026-07-17 18:24:57,"ntc1_C",1.27680604957521,805001
1,2026-07-17 18:24:57,"testSB_C",1.28307956724302,806747
2,2026-07-17 18:24:57,"ntc1_C",1.23086510167076,807733
2,2026-07-17 18:24:57,"ntc2_C",1.35602664606682,803512
2,2026-07-17 18:24:57,"testSB_C",1.29901669258112,807414
3,2026-07-17 18:24:57,"ntc1_C",1.94076873541246,786544
3,2026-07-17 18:24:57,"ntc2_C",1.90507765021619,786749
3,2026-07-17 18:24:57,"testSB_C",1.99850508837113,783701
4,2026-07-17 18:24:57,"ntc1_C",1.98242312066736,784769
4,2026-07-17 18:24:57,"ntc2_C",2.0034168156256,782366
4,2026-07-17 18:24:57,"testSB_C",1.97040514049525,783550
5,2026-07-17 18:24:57,"ntc1_C",1.9409283502423,784403
5,2026-07-17 18:24:57,"ntc2_C",1.91368835682869,786471
5,2026-07-17 18:24:57,"testSB_C",1.90720202326304,787241
6,2026-07-17 18:24:57,"ntc1_C",1.91711193745147,785863
6,2026-07-17 18:24:57,"ntc2_C",1.87924515707545,787762
6,2026-07-17 18:24:57,"testSB_C",1.96296776305138,785404
7,2026-07-17 18:24:57,"ntc1_C",2.01327451683466,782562
7,2026-07-17 18:24:57,"ntc2_C",1.97017033976368,785254
7,2026-07-17 18:24:57,"testSB_C",1.92804137559551,786737
8,2026-07-17 18:24:57,"ntc1_C",1.85042172291867,790609
8,2026-07-17 18:24:57,"ntc2_C",1.92108581335435,785373
8,2026-07-17 18:24:57,"testSB_C",1.87939873288497,785308
9,2026-07-17 18:24:57,"ntc1_C",1.99564639536953,782890
9,2026-07-17 18:24:57,"ntc2_C",2.04514893857333,783809
9,2026-07-17 18:24:57,"testSB_C",1.99671713080772,784127
10,2026-07-17 18:24:57,"ntc1_C",1.89924601203944,787682
10,2026-07-17 18:24:57,"ntc2_C",1.84604290271596,787322
10,2026-07-17 18:24:57,"testSB_C",1.87537247581736,786906
11,2026-07-17 18:24:57,"ntc1_C",1.95142212871491,786241
11,2026-07-17 18:24:57,"ntc2_C",1.97292970104354,785184
11,2026-07-17 18:24:57,"testSB_C",2.00289033308064,783224
12,2026-07-17 18:24:57,"ntc1_C",1.89050022850091,787475
12,2026-07-17 18:24:57,"ntc2_C",1.86647781648361,787778
12,2026-07-17 18:24:57,"testSB_C",1.8241628187165,788925
13,2026-07-17 18:24:57,"ntc1_C",1.81500525988753,792027
13,2026-07-17 18:24:57,"ntc2_C",1.78724184555205,788832
13,2026-07-17 18:24:57,"testSB_C",1.85282045257361,788065
14,2026-07-17 18:24:57,"ntc1_C",1.93207803087387,784912
14,2026-07-17 18:24:57,"ntc2_C",1.83284911472475,789920
14,2026-07-17 18:24:57,"testSB_C",1.87569625955302,788407
15,2026-07-17 18:24:57,"ntc1_C",1.82666398938562,787668
15,2026-07-17 18:24:57,"ntc2_C",1.93455652038853,786798
15,2026-07-17 18:24:57,"testSB_C",1.91321851567602,787607
16,2026-07-17 18:24:57,"ntc1_C",1.87743535756658,786709
16,2026-07-17 18:24:57,"ntc2_C",1.83833267704932,787426
16,2026-07-17 18:24:57,"testSB_C",1.87188680016664,786314
17,2026-07-17 18:24:57,"ntc1_C",1.92449785754008,785143
17,2026-07-17 18:24:57,"ntc2_C",1.88313711965316,786198
17,2026-07-17 18:24:57,"testSB_C",1.90185750629848,787937
18,2026-07-17 18:24:57,"ntc1_C",1.95477275653775,786681
18,2026-07-17 18:24:57,"ntc2_C",1.90414728590616,786438
18,2026-07-17 18:24:57,"testSB_C",1.94160858983741,784384
19,2026-07-17 18:24:57,"ntc1_C",1.94765911586563,786559
19,2026-07-17 18:24:57,"ntc2_C",1.80926345224839,790074
19,2026-07-17 18:24:57,"testSB_C",1.83319047021956,790403
20,2026-07-17 18:24:57,"ntc1_C",1.95518792062114,784865
20,2026-07-17 18:24:57,"ntc2_C",1.90019549531945,787925
20,2026-07-17 18:24:57,"testSB_C",2.18950952297882,776539
21,2026-07-17 18:24:57,"ntc1_C",2.24739967756517,774664
21,2026-07-17 18:24:57,"ntc2_C",2.35802589679702,772841
21,2026-07-17 18:24:57,"testSB_C",2.47134009870183,769424
22,2026-07-17 18:24:57,"ntc1_C",2.58880669287191,766036
22,2026-07-17 18:24:57,"ntc2_C",2.22229556833258,778348
22,2026-07-17 18:24:57,"testSB_C",1.90418926330057,786004
23,2026-07-17 18:24:57,"ntc1_C",1.82264799080957,791468
23,2026-07-17 18:24:57,"ntc2_C",1.91869572967124,786476
23,2026-07-17 18:24:57,"testSB_C",1.88612242929906,786354
24,2026-07-17 18:24:57,"ntc1_C",1.94410691526349,785950
24,2026-07-17 18:24:57,"ntc2_C",1.89935946422264,788627
24,2026-07-17 18:24:57,"testSB_C",1.92124298491677,785095
1,2026-07-17 21:24:57,"ntc1_C",-0.672951229613204,870628
1,2026-07-17 21:24:57,"testSB_C",-0.628884375581606,871155
2,2026-07-17 21:24:57,"ntc1_C",-0.505537169598256,866127
2,2026-07-17 21:24:57,"ntc2_C",-0.305898670676015,858996
2,2026-07-17 21:24:57,"testSB_C",-0.546030701645236,869501
3,2026-07-17 21:24:57,"ntc1_C",0.206601865419145,843208
3,2026-07-17 21:24:57,"ntc2_C",0.25641112148412,840564
3,2026-07-17 21:24:57,"testSB_C",0.570752163287693,829863
4,2026-07-17 21:24:57,"ntc1_C",0.325239586206806,838712
4,2026-07-17 21:24:57,"ntc2_C",0.305989736546962,837474
4,2026-07-17 21:24:57,"testSB_C",0.633138451779132,826697
5,2026-07-17 21:24:57,"ntc1_C",0.567929430733557,828816
5,2026-07-17 21:24:57,"ntc2_C",0.34806728716859,837430
5,2026-07-17 21:24:57,"testSB_C",0.480479635761242,833597
6,2026-07-17 21:24:57,"ntc1_C",0.550019744666486,830130
6,2026-07-17 21:24:57,"ntc2_C",0.255972057704867,840779
6,2026-07-17 21:24:57,"testSB_C",0.517074333507139,832287
7,2026-07-17 21:24:57,"ntc1_C",0.705161806785384,824705
7,2026-07-17 21:24:57,"ntc2_C",0.29829139687206,839731
7,2026-07-17 21:24:57,"testSB_C",0.597320116325818,829846
8,2026-07-17 21:24:57,"ntc1_C",0.586205458074915,831731
8,2026-07-17 21:24:57,"ntc2_C",0.684545480980773,825278
8,2026-07-17 21:24:57,"testSB_C",0.475874153422581,830765
9,2026-07-17 21:24:57,"ntc1_C",0.677388265675972,825354
9,2026-07-17 21:24:57,"ntc2_C",0.543854894280969,832452
9,2026-07-17 21:24:57,"testSB_C",0.751828216731838,824251
10,2026-07-17 21:24:57,"ntc1_C",0.72185168276161,825744
10,2026-07-17 21:24:57,"ntc2_C",0.394654125303305,834508
10,2026-07-17 21:24:57,"testSB_C",0.831478591114717,820539
11,2026-07-17 21:24:57,"ntc1_C",0.672944251458375,827574
11,2026-07-17 21:24:57,"ntc2_C",0.568243416626956,830666
11,2026-07-17 21:24:57,"testSB_C",0.801221351522827,821855
12,2026-07-17 21:24:57,"ntc1_C",0.406902837433051,835745
12,2026-07-17 21:24:57,"ntc2_C",0.62782984673504,827886
12,2026-07-17 21:24:57,"testSB_C",0.634347289776485,827478
13,2026-07-17 21:24:57,"ntc1_C",0.688781175561473,828627
13,2026-07-17 21:24:57,"ntc2_C",0.550330124207562,828968
13,2026-07-17 21:24:57,"testSB_C",0.749531866226448,823722
14,2026-07-17 21:24:57,"ntc1_C",0.858042157220495,819438
14,2026-07-17 21:24:57,"ntc2_C",0.534583667076447,832137
14,2026-07-17 21:24:57,"testSB_C",0.781501497014631,823767
15,2026-07-17 21:24:57,"ntc1_C",0.669277275003708,825072
15,2026-07-17 21:24:57,"ntc2_C",0.678359851670905,827452
15,2026-07-17 21:24:57,"testSB_C",0.646127793830544,828673
16,2026-07-17 21:24:57,"ntc1_C",0.883565280466371,818695
16,2026-07-17 21:24:57,"ntc2_C",0.686857469645361,824652
16,2026-07-17 21:24:57,"testSB_C",0.814510155339804,820380
17,2026-07-17 21:24:57,"ntc1_C",0.831018609797013,820342
17,2026-07-17 21:24:57,"ntc2_C",0.72969594516104,823417
17,2026-07-17 21:24:57,"testSB_C",0.751306646159435,825151
18,2026-07-17 21:24:57,"ntc1_C",0.805318347742116,823782
18,2026-07-17 21:24:57,"ntc2_C",0.628826867063594,827681
18,2026-07-17 21:24:57,"testSB_C",0.775221563979585,821957
19,2026-07-17 21:24:57,"ntc1_C",0.780466393547158,824255
19,2026-07-17 21:24:57,"ntc2_C",0.571284913184286,830314
19,2026-07-17 21:24:57,"testSB_C",0.65375295378243,828705
20,2026-07-17 21:24:57,"ntc1_C",0.955330617544178,816980
20,2026-07-17 21:24:57,"ntc2_C",0.554294609989768,831651
20,2026-07-17 21:24:57,"testSB_C",0.969821915911552,815441
21,2026-07-17 21:24:57,"ntc1_C",0.910061155963149,817278
21,2026-07-17 21:24:57,"ntc2_C",0.544768850931462,831119
21,2026-07-17 21:24:57,"testSB_C",0.736247977383528,824834
22,2026-07-17 21:24:57,"ntc1_C",0.965692221435233,817482
22,2026-07-17 21:24:57,"ntc2_C",0.597517733025256,830689
22,2026-07-17 21:24:57,"testSB_C",0.837643434814368,820329
23,2026-07-17 21:24:57,"ntc1_C",0.747578517568684,826339
23,2026-07-17 21:24:57,"ntc2_C",0.58025012985155,829844
23,2026-07-17 21:24:57,"testSB_C",0.638270700742112,826664
24,2026-07-17 21:24:57,"ntc1_C",0.807753961754486,822602
24,2026-07-17 21:24:57,"ntc2_C",0.724331565391424,826680
24,2026-07-17 21:24:57,"testSB_C",0.96467588080975,815776
1,2026-07-18 00:24:57,"ntc1_C",-0.337340593303452,858940
1,2026-07-18 00:24:57,"testSB_C",-0.324605929619793,860551
2,2026-07-18 00:24:57,"ntc1_C",-0.220120539371464,856230
2,2026-07-18 00:24:57,"ntc2_C",-0.177640967526429,854573
2,2026-07-18 00:24:57,"testSB_C",-0.152527782299899,855848
3,2026-07-18 00:24:57,"ntc1_C",-0.180059676257429,856422
3,2026-07-18 00:24:57,"ntc2_C",-0.155210114891474,854599
3,2026-07-18 00:24:57,"testSB_C",-0.122107358308085,853295
4,2026-07-18 00:24:57,"ntc1_C",-0.134435563422926,854361
4,2026-07-18 00:24:57,"ntc2_C",-0.113608330095587,851721
4,2026-07-18 00:24:57,"testSB_C",-0.0712021636175564,850429
5,2026-07-18 00:24:57,"ntc1_C",-0.0713951547781448,850399
5,2026-07-18 00:24:57,"ntc2_C",-0.0510819930561297,850974
5,2026-07-18 00:24:57,"testSB_C",-0.0290163557345977,850845
6,2026-07-18 00:24:57,"ntc1_C",-0.0414171683789846,850093
6,2026-07-18 00:24:57,"ntc2_C",-0.0399531166369798,850845
6,2026-07-18 00:24:57,"testSB_C",-0.0155808816116405,850298
7,2026-07-18 00:24:57,"ntc1_C",-0.0114420950047247,848806
7,2026-07-18 00:24:57,"ntc2_C",-0.0222270216163452,850625
7,2026-07-18 00:24:57,"testSB_C",0.00501283282778786,849833
8,2026-07-18 00:24:57,"ntc1_C",0.00753467860670298,851305
8,2026-07-18 00:24:57,"ntc2_C",0.0200611862513824,847606
8,2026-07-18 00:24:57,"testSB_C",0.00697962066237778,846567
9,2026-07-18 00:24:57,"ntc1_C",0.0491533709051168,846445
9,2026-07-18 00:24:57,"ntc2_C",0.0471420459464866,849243
9,2026-07-18 00:24:57,"testSB_C",0.0506570527732606,847805
10,2026-07-18 00:24:57,"ntc1_C",0.069542427187514,847667
10,2026-07-18 00:24:57,"ntc2_C",0.064552002075061,845653
10,2026-07-18 00:24:57,"testSB_C",0.056187160430909,846503
11,2026-07-18 00:24:57,"ntc1_C",0.0732609605153698,847750
11,2026-07-18 00:24:57,"ntc2_C",0.068355915542611,847519
11,2026-07-18 00:24:57,"testSB_C",0.0696656562053022,846359
12,2026-07-18 00:24:57,"ntc1_C",0.0659859901477944,847274
12,2026-07-18 00:24:57,"ntc2_C",0.0698396866999929,846656
12,2026-07-18 00:24:57,"testSB_C",0.0517646573256911,847079
13,2026-07-18 00:24:57,"ntc1_C",0.0570259185450368,849938
13,2026-07-18 00:24:57,"ntc2_C",0.0650969808264108,845299
13,2026-07-18 00:24:57,"testSB_C",0.053558131200873,847091
14,2026-07-18 00:24:57,"ntc1_C",0.0517821936476821,846412
14,2026-07-18 00:24:57,"ntc2_C",0.0605089505381216,848143
14,2026-07-18 00:24:57,"testSB_C",0.051580636164374,848287
15,2026-07-18 00:24:57,"ntc1_C",0.0660149258113165,845310
15,2026-07-18 00:24:57,"ntc2_C",0.0655112662299189,848088
15,2026-07-18 00:24:57,"testSB_C",0.0646268296050607,848273
16,2026-07-18 00:24:57,"ntc1_C",0.0722260697517072,845828
16,2026-07-18 00:24:57,"ntc2_C",0.0740150033749387,845221
16,2026-07-18 00:24:57,"testSB_C",0.0828758747194911,844865
17,2026-07-18 00:24:57,"ntc1_C",0.0823485076197699,845403
17,2026-07-18 00:24:57,"ntc2_C",0.0827830603595885,845104
17,2026-07-18 00:24:57,"testSB_C",0.0722830934273588,847983
18,2026-07-18 00:24:57,"ntc1_C",0.0647000321261544,848665
18,2026-07-18 00:24:57,"ntc2_C",0.067919660247469,846540
18,2026-07-18 00:24:57,"testSB_C",0.0490407024064439,846309
19,2026-07-18 00:24:57,"ntc1_C",0.0379383435041518,849228
19,2026-07-18 00:24:57,"ntc2_C",0.04288517558075,848145
19,2026-07-18 00:24:57,"testSB_C",0.037737889823859,849487
20,2026-07-18 00:24:57,"ntc1_C",0.0302630830408361,847934
20,2026-07-18 00:24:57,"ntc2_C",0.0289552709750751,849409
20,2026-07-18 00:24:57,"testSB_C",0.0277241356337754,846902
21,2026-07-18 00:24:57,"ntc1_C",0.00456496446287247,847538
21,2026-07-18 00:24:57,"ntc2_C",0.0115872182238945,849128
21,2026-07-18 00:24:57,"testSB_C",7.91113233731267e-05,849608
22,2026-07-18 00:24:57,"ntc1_C",-0.00180450708870694,849882
22,2026-07-18 00:24:57,"ntc2_C",0.0103603750570187,850512
22,2026-07-18 00:24:57,"testSB_C",0.00268478454989918,848310
23,2026-07-18 00:24:57,"ntc1_C",0.000325453050834312,851533
23,2026-07-18 00:24:57,"ntc2_C",0.00869826546613695,849129
23,2026-07-18 00:24:57,"testSB_C",0.00574643074492087,847929
24,2026-07-18 00:24:57,"ntc1_C",0.0100526669763212,849410
24,2026-07-18 00:24:57,"ntc2_C",0.0164026358310139,850541
24,2026-07-18 00:24:57,"testSB_C",0.00866910214398331,847712
1,2026-07-18 03:24:57,"ntc1_C",-1.92292877639824,915657
1,2026-07-18 03:24:57,"testSB_C",-1.93066614080726,918102
2,2026-07-18 03:24:57,"ntc1_C",-1.84383892318863,914168
2,2026-07-18 03:24:57,"ntc2_C",-1.80277064763163,912438
2,2026-07-18 03:24:57,"testSB_C",-1.78489228732934,914004
3,2026-07-18 03:24:57,"ntc1_C",-1.79136909380207,913884
3,2026-07-18 03:24:57,"ntc2_C",-1.76150892417797,911777
3,2026-07-18 03:24:57,"testSB_C",-1.72217942049531,910117
4,2026-07-18 03:24:57,"ntc1_C",-1.74996314359794,911848
4,2026-07-18 03:24:57,"ntc2_C",-1.7280481102456,908968
4,2026-07-18 03:24:57,"testSB_C",-1.66932421186516,906984
5,2026-07-18 03:24:57,"ntc1_C",-1.66717811382125,906901
5,2026-07-18 03:24:57,"ntc2_C",-1.65432716816684,907750
5,2026-07-18 03:24:57,"testSB_C",-1.61966425985622,907160
6,2026-07-18 03:24:57,"ntc1_C",-1.61904464627258,905862
6,2026-07-18 03:24:57,"ntc2_C",-1.62165005499963,906847
6,2026-07-18 03:24:57,"testSB_C",-1.56271155508279,904983
7,2026-07-18 03:24:57,"ntc1_C",-1.5532234796504,903217
7,2026-07-18 03:24:57,"ntc2_C",-1.58663118627317,905980
7,2026-07-18 03:24:57,"testSB_C",-1.52136621419868,903719
8,2026-07-18 03:24:57,"ntc1_C",-1.51484852970003,905161
8,2026-07-18 03:24:57,"ntc2_C",-1.50410737767544,901269
8,2026-07-18 03:24:57,"testSB_C",-1.52659307793823,900506
9,2026-07-18 03:24:57,"ntc1_C",-1.46594459508162,899689
9,2026-07-18 03:24:57,"ntc2_C",-1.4719006308938,902851
9,2026-07-18 03:24:57,"testSB_C",-1.4620801793543,901079
10,2026-07-18 03:24:57,"ntc1_C",-1.43403622964786,900576
10,2026-07-18 03:24:57,"ntc2_C",-1.44344993413495,898604
10,2026-07-18 03:24:57,"testSB_C",-1.43083739798362,898762
11,2026-07-18 03:24:57,"ntc1_C",-1.38158246886059,898888
11,2026-07-18 03:24:57,"ntc2_C",-1.39868701865862,899097
11,2026-07-18 03:24:57,"testSB_C",-1.36327352503241,896622
12,2026-07-18 03:24:57,"ntc1_C",-1.38657335121962,898311
12,2026-07-18 03:24:57,"ntc2_C",-1.3475887611558,896386
12,2026-07-18 03:24:57,"testSB_C",-1.35562005481881,896482
13,2026-07-18 03:24:57,"ntc1_C",-1.34538529101036,899339
13,2026-07-18 03:24:57,"ntc2_C",-1.32180865958969,893877
13,2026-07-18 03:24:57,"testSB_C",-1.31232937787149,895012
14,2026-07-18 03:24:57,"ntc1_C",-1.30727977128868,894024
14,2026-07-18 03:24:57,"ntc2_C",-1.31149739102301,896323
14,2026-07-18 03:24:57,"testSB_C",-1.30488484701146,895924
15,2026-07-18 03:24:57,"ntc1_C",-1.2795315248643,892362
15,2026-07-18 03:24:57,"ntc2_C",-1.28408690239229,895472
15,2026-07-18 03:24:57,"testSB_C",-1.28853303836871,895801
16,2026-07-18 03:24:57,"ntc1_C",-1.26023505975269,892469
16,2026-07-18 03:24:57,"ntc2_C",-1.24456167925632,891336
16,2026-07-18 03:24:57,"testSB_C",-1.24088821153725,891149
17,2026-07-18 03:24:57,"ntc1_C",-1.22527060071292,891132
17,2026-07-18 03:24:57,"ntc2_C",-1.20833264140242,890209
17,2026-07-18 03:24:57,"testSB_C",-1.18893167667613,892178
18,2026-07-18 03:24:57,"ntc1_C",-1.19312093120658,892759
18,2026-07-18 03:24:57,"ntc2_C",-1.20221561659667,890941
18,2026-07-18 03:24:57,"testSB_C",-1.18302160370911,889384
19,2026-07-18 03:24:57,"ntc1_C",-1.15651707124675,891090
19,2026-07-18 03:24:57,"ntc2_C",-1.15432940355413,890057
19,2026-07-18 03:24:57,"testSB_C",-1.14459875407454,890931
20,2026-07-18 03:24:57,"ntc1_C",-1.14082152983127,888906
20,2026-07-18 03:24:57,"ntc2_C",-1.17343545277379,891576
20,2026-07-18 03:24:57,"testSB_C",-1.13270219210756,887426
21,2026-07-18 03:24:57,"ntc1_C",-1.13403726770247,887277
21,2026-07-18 03:24:57,"ntc2_C",-1.14369158711173,889577
21,2026-07-18 03:24:57,"testSB_C",-1.11782053957177,888742
22,2026-07-18 03:24:57,"ntc1_C",-1.11728436042046,888930
22,2026-07-18 03:24:57,"ntc2_C",-1.11630104805892,889963
22,2026-07-18 03:24:57,"testSB_C",-1.10419319086657,886969
23,2026-07-18 03:24:57,"ntc1_C",-1.10902428630959,890441
23,2026-07-18 03:24:57,"ntc2_C",-1.10105136333488,887938
23,2026-07-18 03:24:57,"testSB_C",-1.09815934307721,886439
24,2026-07-18 03:24:57,"ntc1_C",-1.08937544617072,887879
24,2026-07-18 03:24:57,"ntc2_C",-1.08258483840029,889034
24,2026-07-18 03:24:57,"testSB_C",-1.08459047607897,885859
1,2026-07-18 06:24:57,"ntc1_C",-1.52217391798348,900959
1,2026-07-18 06:24:57,"testSB_C",-1.48506422194555,901739
2,2026-07-18 06:24:57,"ntc1_C",-1.484180735915,900988
2,2026-07-18 06:24:57,"ntc2_C",-1.42801704927444,898738
2,2026-07-18 06:24:57,"testSB_C",-1.46712142883507,902365
3,2026-07-18 06:24:57,"ntc1_C",-1.21591522403332,892910
3,2026-07-18 06:24:57,"ntc2_C",-1.22668793976891,892305
3,2026-07-18 06:24:57,"testSB_C",-1.15376128010928,889488
4,2026-07-18 06:24:57,"ntc1_C",-1.18328681720948,891233
4,2026-07-18 06:24:57,"ntc2_C",-1.17204349010206,888808
4,2026-07-18 06:24:57,"testSB_C",-1.14666291058018,888064
5,2026-07-18 06:24:57,"ntc1_C",-1.16988902384901,888881
5,2026-07-18 06:24:57,"ntc2_C",-1.1896305712375,890894
5,2026-07-18 06:24:57,"testSB_C",-1.15956650993837,890478
6,2026-07-18 06:24:57,"ntc1_C",-1.16284704115765,889350
6,2026-07-18 06:24:57,"ntc2_C",-1.18978274513972,891181
6,2026-07-18 06:24:57,"testSB_C",-1.14330132788086,889802
7,2026-07-18 06:24:57,"ntc1_C",-1.11512535744072,887392
7,2026-07-18 06:24:57,"ntc2_C",-1.18230604774214,891319
7,2026-07-18 06:24:57,"testSB_C",-1.13861821721679,889877
8,2026-07-18 06:24:57,"ntc1_C",-1.13784859313097,891498
8,2026-07-18 06:24:57,"ntc2_C",-1.1354268155003,887968
8,2026-07-18 06:24:57,"testSB_C",-1.14303383151406,886684
9,2026-07-18 06:24:57,"ntc1_C",-1.12422278716366,887379
9,2026-07-18 06:24:57,"ntc2_C",-1.14056477729997,890861
9,2026-07-18 06:24:57,"testSB_C",-1.1169441718348,888621
10,2026-07-18 06:24:57,"ntc1_C",-1.11869852646959,889198
10,2026-07-18 06:24:57,"ntc2_C",-1.15822672611398,888327
10,2026-07-18 06:24:57,"testSB_C",-1.15505098771899,888819
11,2026-07-18 06:24:57,"ntc1_C",-1.12159305150846,889516
11,2026-07-18 06:24:57,"ntc2_C",-1.13447376050948,889569
11,2026-07-18 06:24:57,"testSB_C",-1.11581643235013,887722
12,2026-07-18 06:24:57,"ntc1_C",-1.14794294794672,889709
12,2026-07-18 06:24:57,"ntc2_C",-1.11505302475121,888021
12,2026-07-18 06:24:57,"testSB_C",-1.13446541491174,888522
13,2026-07-18 06:24:57,"ntc1_C",-1.14669456643315,892160
13,2026-07-18 06:24:57,"ntc2_C",-1.12586260948621,886839
13,2026-07-18 06:24:57,"testSB_C",-1.09910492050545,887347
14,2026-07-18 06:24:57,"ntc1_C",-1.07777891556378,885790
14,2026-07-18 06:24:57,"ntc2_C",-1.1085985779622,889020
14,2026-07-18 06:24:57,"testSB_C",-1.08062873714852,887858
15,2026-07-18 06:24:57,"ntc1_C",-1.10295120105485,886033
15,2026-07-18 06:24:57,"ntc2_C",-1.07119843457298,887816
15,2026-07-18 06:24:57,"testSB_C",-1.08665835498016,888536
16,2026-07-18 06:24:57,"ntc1_C",-1.07370893885746,885780
16,2026-07-18 06:24:57,"ntc2_C",-1.0853283746477,885629
16,2026-07-18 06:24:57,"testSB_C",-1.06992265301858,885024
17,2026-07-18 06:24:57,"ntc1_C",-1.05842498824927,885155
17,2026-07-18 06:24:57,"ntc2_C",-1.07318381560015,885371
17,2026-07-18 06:24:57,"testSB_C",-1.08028270581838,888277
18,2026-07-18 06:24:57,"ntc1_C",-1.09996275564873,889412
18,2026-07-18 06:24:57,"ntc2_C",-1.12740522100518,888259
18,2026-07-18 06:24:57,"testSB_C",-1.08791338557114,885978
19,2026-07-18 06:24:57,"ntc1_C",-1.08588234213596,888555
19,2026-07-18 06:24:57,"ntc2_C",-1.13699948185558,889435
19,2026-07-18 06:24:57,"testSB_C",-1.09203555305839,889044
20,2026-07-18 06:24:57,"ntc1_C",-1.06810017242759,886302
20,2026-07-18 06:24:57,"ntc2_C",-1.11208533103451,889372
20,2026-07-18 06:24:57,"testSB_C",-1.03313213232127,883870
21,2026-07-18 06:24:57,"ntc1_C",-1.05668258626019,884516
21,2026-07-18 06:24:57,"ntc2_C",-1.09829939513276,887950
21,2026-07-18 06:24:57,"testSB_C",-1.07316847488704,887143
22,2026-07-18 06:24:57,"ntc1_C",-1.05067515982955,886546
22,2026-07-18 06:24:57,"ntc2_C",-1.0926419041129,889115
22,2026-07-18 06:24:57,"testSB_C",-1.08782573644794,886384
23,2026-07-18 06:24:57,"ntc1_C",-1.08873964925368,889713
23,2026-07-18 06:24:57,"ntc2_C",-1.11945128857599,888597
23,2026-07-18 06:24:57,"testSB_C",-1.12734930073054,887482
24,2026-07-18 06:24:57,"ntc1_C",-1.08831435029197,887841
24,2026-07-18 06:24:57,"ntc2_C",-1.09853519309047,889606
24,2026-07-18 06:24:57,"testSB_C",-1.02166511520034,883615
1,2026-07-18 09:24:57,"ntc1_C",-0.994193972185371,881973
1,2026-07-18 09:24:57,"testSB_C",-0.932851531070071,881886
2,2026-07-18 09:24:57,"ntc1_C",-0.97220913928345,882570
2,2026-07-18 09:24:57,"ntc2_C",-0.870142114928058,878743
2,2026-07-18 09:24:57,"testSB_C",-0.973044016561062,884577
3,2026-07-18 09:24:57,"ntc1_C",-0.652447783197886,872863
3,2026-07-18 09:24:57,"ntc2_C",-0.659708036764471,872139
3,2026-07-18 09:24:57,"testSB_C",-0.573011379550223,868919
4,2026-07-18 09:24:57,"ntc1_C",-0.619407758674981,871206
4,2026-07-18 09:24:57,"ntc2_C",-0.612006132013846,868977
4,2026-07-18 09:24:57,"testSB_C",-0.544382072571125,866776
5,2026-07-18 09:24:57,"ntc1_C",-0.591348436881105,868390
5,2026-07-18 09:24:57,"ntc2_C",-0.650495664842083,871750
5,2026-07-18 09:24:57,"testSB_C",-0.634892409519068,871848
6,2026-07-18 09:24:57,"ntc1_C",-0.616386708777327,869987
6,2026-07-18 09:24:57,"ntc2_C",-0.728240231035272,874753
6,2026-07-18 09:24:57,"testSB_C",-0.611036613485226,870921
7,2026-07-18 09:24:57,"ntc1_C",-0.536499510717874,866937
7,2026-07-18 09:24:57,"ntc2_C",-0.694621917122447,873967
7,2026-07-18 09:24:57,"testSB_C",-0.607044889234714,871022
8,2026-07-18 09:24:57,"ntc1_C",-0.610685889113483,872756
8,2026-07-18 09:24:57,"ntc2_C",-0.583432637770329,868439
8,2026-07-18 09:24:57,"testSB_C",-0.654639708924719,869407
9,2026-07-18 09:24:57,"ntc1_C",-0.574350394772068,867942
9,2026-07-18 09:24:57,"ntc2_C",-0.623099090377821,872470
9,2026-07-18 09:24:57,"testSB_C",-0.596608242014497,870181
10,2026-07-18 09:24:57,"ntc1_C",-0.590000198035284,870460
10,2026-07-18 09:24:57,"ntc2_C",-0.693966633317586,871863
10,2026-07-18 09:24:57,"testSB_C",-0.608935161799764,869470
11,2026-07-18 09:24:57,"ntc1_C",-0.624889282612969,871896
11,2026-07-18 09:24:57,"ntc2_C",-0.645465303296419,872214
11,2026-07-18 09:24:57,"testSB_C",-0.513125536265647,866433
12,2026-07-18 09:24:57,"ntc1_C",-0.6876590286858,873361
12,2026-07-18 09:24:57,"ntc2_C",-0.614777057885817,870302
12,2026-07-18 09:24:57,"testSB_C",-0.65194666080265,871412
13,2026-07-18 09:24:57,"ntc1_C",-0.604765093928279,872884
13,2026-07-18 09:24:57,"ntc2_C",-0.629088725810277,869256
13,2026-07-18 09:24:57,"testSB_C",-0.601655600855963,869732
14,2026-07-18 09:24:57,"ntc1_C",-0.569445491844817,867835
14,2026-07-18 09:24:57,"ntc2_C",-0.67513006257883,873627
14,2026-07-18 09:24:57,"testSB_C",-0.579456201124174,870107
15,2026-07-18 09:24:57,"ntc1_C",-0.651929082875654,870081
15,2026-07-18 09:24:57,"ntc2_C",-0.567817416807088,869986
15,2026-07-18 09:24:57,"testSB_C",-0.570123597247346,870228
16,2026-07-18 09:24:57,"ntc1_C",-0.575321776856811,868165
16,2026-07-18 09:24:57,"ntc2_C",-0.638072467003553,869804
16,2026-07-18 09:24:57,"testSB_C",-0.592114222352905,868140
17,2026-07-18 09:24:57,"ntc1_C",-0.574657080148597,868062
17,2026-07-18 09:24:57,"ntc2_C",-0.606944935667116,868892
17,2026-07-18 09:24:57,"testSB_C",-0.60486086189411,871417
18,2026-07-18 09:24:57,"ntc1_C",-0.577275098889913,870876
18,2026-07-18 09:24:57,"ntc2_C",-0.669304376538832,872020
18,2026-07-18 09:24:57,"testSB_C",-0.586955715082922,868263
19,2026-07-18 09:24:57,"ntc1_C",-0.568541568813203,870218
19,2026-07-18 09:24:57,"ntc2_C",-0.702396982267089,873985
19,2026-07-18 09:24:57,"testSB_C",-0.67934727173764,874374
20,2026-07-18 09:24:57,"ntc1_C",-0.540228525012822,867639
20,2026-07-18 09:24:57,"ntc2_C",-0.679892529068638,874007
20,2026-07-18 09:24:57,"testSB_C",-0.499179922474127,865055
21,2026-07-18 09:24:57,"ntc1_C",-0.557929606541506,866930
21,2026-07-18 09:24:57,"ntc2_C",-0.659626785773412,872387
21,2026-07-18 09:24:57,"testSB_C",-0.610444857046048,870750
22,2026-07-18 09:24:57,"ntc1_C",-0.54480761967551,868659
22,2026-07-18 09:24:57,"ntc2_C",-0.68959645369182,874799
22,2026-07-18 09:24:57,"testSB_C",-0.647906488901185,870812
23,2026-07-18 09:24:57,"ntc1_C",-0.667677844555897,874742
23,2026-07-18 09:24:57,"ntc2_C",-0.745546936303583,875306
23,2026-07-18 09:24:57,"testSB_C",-0.770684578036139,874826
24,2026-07-18 09:24:57,"ntc1_C",-0.667730857627362,872913
24,2026-07-18 09:24:57,"ntc2_C",-0.688078555672234,875009
24,2026-07-18 09:24:57,"testSB_C",-0.445283674324855,863337
1,2026-07-18 12:24:57,"ntc1_C",1.20152536741779,807435
1,2026-07-18 12:24:57,"testSB_C",1.43336978967028,801903
2,2026-07-18 12:24:57,"ntc1_C",1.31387688566753,805048
2,2026-07-18 12:24:57,"ntc2_C",1.42419190547412,801319
2,2026-07-18 12:24:57,"testSB_C",1.27757237358821,808108
3,2026-07-18 12:24:57,"ntc1_C",1.87451213113792,788633
3,2026-07-18 12:24:57,"ntc2_C",1.65553367484659,794654
3,2026-07-18 12:24:57,"testSB_C",1.9856258310038,784105
4,2026-07-18 12:24:57,"ntc1_C",1.97593060063616,784973
4,2026-07-18 12:24:57,"ntc2_C",1.84935671847376,787205
4,2026-07-18 12:24:57,"testSB_C",2.04998386784609,781059
5,2026-07-18 12:24:57,"ntc1_C",1.87489781054478,786480
5,2026-07-18 12:24:57,"ntc2_C",1.94675259004822,785431
5,2026-07-18 12:24:57,"testSB_C",1.9633067675033,785475
6,2026-07-18 12:24:57,"ntc1_C",1.94310588820144,785046
6,2026-07-18 12:24:57,"ntc2_C",1.62179206973678,795928
6,2026-07-18 12:24:57,"testSB_C",1.7697613948601,791503
7,2026-07-18 12:24:57,"ntc1_C",2.02834598104261,782090
7,2026-07-18 12:24:57,"ntc2_C",1.82797216007407,789738
7,2026-07-18 12:24:57,"testSB_C",1.85273265253983,789112
8,2026-07-18 12:24:57,"ntc1_C",1.73912459506562,794141
8,2026-07-18 12:24:57,"ntc2_C",1.79010710277481,789501
8,2026-07-18 12:24:57,"testSB_C",1.7429798689551,789608
9,2026-07-18 12:24:57,"ntc1_C",1.77751058712801,789753
9,2026-07-18 12:24:57,"ntc2_C",1.87635569095124,789124
9,2026-07-18 12:24:57,"testSB_C",1.92411607171829,786409
10,2026-07-18 12:24:57,"ntc1_C",1.92511378093116,786867
10,2026-07-18 12:24:57,"ntc2_C",1.70706741679226,791715
10,2026-07-18 12:24:57,"testSB_C",1.76189818498335,790490
11,2026-07-18 12:24:57,"ntc1_C",1.82198780015324,790324
11,2026-07-18 12:24:57,"ntc2_C",1.77772215037999,791343
11,2026-07-18 12:24:57,"testSB_C",1.93745797269384,785277
12,2026-07-18 12:24:57,"ntc1_C",1.70673220091925,793290
12,2026-07-18 12:24:57,"ntc2_C",1.74830216821374,791514
12,2026-07-18 12:24:57,"testSB_C",1.70200075988811,792794
13,2026-07-18 12:24:57,"ntc1_C",2.0219917997515,785489
13,2026-07-18 12:24:57,"ntc2_C",2.03325827709187,781098
13,2026-07-18 12:24:57,"testSB_C",2.12900345405166,779398
14,2026-07-18 12:24:57,"ntc1_C",2.05923048605314,780928
14,2026-07-18 12:24:57,"ntc2_C",2.00404513499569,784525
14,2026-07-18 12:24:57,"testSB_C",2.17564526592304,778998
15,2026-07-18 12:24:57,"ntc1_C",2.01189065164675,781851
15,2026-07-18 12:24:57,"ntc2_C",2.19965387822009,778493
15,2026-07-18 12:24:57,"testSB_C",2.11126902986746,781386
16,2026-07-18 12:24:57,"ntc1_C",1.82233834607666,788447
16,2026-07-18 12:24:57,"ntc2_C",1.84794059161158,787123
16,2026-07-18 12:24:57,"testSB_C",1.94441689790096,784033
17,2026-07-18 12:24:57,"ntc1_C",2.0580531335367,780955
17,2026-07-18 12:24:57,"ntc2_C",2.06309546704477,780554
17,2026-07-18 12:24:57,"testSB_C",1.96604590867503,785914
18,2026-07-18 12:24:57,"ntc1_C",2.0537271183444,783571
18,2026-07-18 12:24:57,"ntc2_C",1.88775679896969,786954
18,2026-07-18 12:24:57,"testSB_C",2.15065141400794,777845
19,2026-07-18 12:24:57,"ntc1_C",1.74357103043837,793016
19,2026-07-18 12:24:57,"ntc2_C",1.71770635148323,792978
19,2026-07-18 12:24:57,"testSB_C",1.8877591085058,788677
20,2026-07-18 12:24:57,"ntc1_C",2.05929500089667,781599
20,2026-07-18 12:24:57,"ntc2_C",1.79475249329192,791261
20,2026-07-18 12:24:57,"testSB_C",2.167829481029,777213
21,2026-07-18 12:24:57,"ntc1_C",1.84266458842473,787306
21,2026-07-18 12:24:57,"ntc2_C",1.81780357821367,789736
21,2026-07-18 12:24:57,"testSB_C",2.02975673095557,783140
22,2026-07-18 12:24:57,"ntc1_C",1.95757189423341,785622
22,2026-07-18 12:24:57,"ntc2_C",1.73076558764745,793802
22,2026-07-18 12:24:57,"testSB_C",1.98054272111432,783606
23,2026-07-18 12:24:57,"ntc1_C",1.75174587780174,793719
23,2026-07-18 12:24:57,"ntc2_C",1.60113884043551,796543
23,2026-07-18 12:24:57,"testSB_C",1.87550576640143,786688
24,2026-07-18 12:24:57,"ntc1_C",1.98941664810752,784525
24,2026-07-18 12:24:57,"ntc2_C",1.97067906569441,786378
24,2026-07-18 12:24:57,"testSB_C",2.55127541298151,765559
1,2026-07-18 15:24:57,"ntc1_C",2.05073226951095,780426
1,2026-07-18 15:24:57,"testSB_C",2.28317647997693,775089
2,2026-07-18 15:24:57,"ntc1_C",2.14841500808001,778576
2,2026-07-18 15:24:57,"ntc2_C",2.45076041815321,769051
2,2026-07-18 15:24:57,"testSB_C",2.18216141889701,779376
3,2026-07-18 15:24:57,"ntc1_C",3.46626618132024,740041
3,2026-07-18 15:24:57,"ntc2_C",3.39365582638663,741300
3,2026-07-18 15:24:57,"testSB_C",3.64455187230658,733849
4,2026-07-18 15:24:57,"ntc1_C",3.48891372212591,738927
4,2026-07-18 15:24:57,"ntc2_C",3.55646859375054,735318
4,2026-07-18 15:24:57,"testSB_C",3.6770580099622,731936
5,2026-07-18 15:24:57,"ntc1_C",3.56055454035743,735245
5,2026-07-18 15:24:57,"ntc2_C",3.4287899805658,740288
5,2026-07-18 15:24:57,"testSB_C",3.45175963539475,740132
6,2026-07-18 15:24:57,"ntc1_C",3.49707512992592,737811
6,2026-07-18 15:24:57,"ntc2_C",3.24554466922802,745893
6,2026-07-18 15:24:57,"testSB_C",3.49251657397394,738851
7,2026-07-18 15:24:57,"ntc1_C",3.66300368847874,732655
7,2026-07-18 15:24:57,"ntc2_C",3.30455757752236,744474
7,2026-07-18 15:24:57,"testSB_C",3.51734320271464,738352
8,2026-07-18 15:24:57,"ntc1_C",3.53709165485009,739084
8,2026-07-18 15:24:57,"ntc2_C",3.61396730267933,734043
8,2026-07-18 15:24:57,"testSB_C",3.48792858366312,736448
9,2026-07-18 15:24:57,"ntc1_C",3.60963718944066,734046
9,2026-07-18 15:24:57,"ntc2_C",3.51721488637185,739043
9,2026-07-18 15:24:57,"testSB_C",3.46480963360818,739466
10,2026-07-18 15:24:57,"ntc1_C",3.53648828508722,737829
10,2026-07-18 15:24:57,"ntc2_C",3.31619084427615,742410
10,2026-07-18 15:24:57,"testSB_C",3.39993514591669,740397
11,2026-07-18 15:24:57,"ntc1_C",3.41331855127402,741655
11,2026-07-18 15:24:57,"ntc2_C",3.40055431802836,741665
11,2026-07-18 15:24:57,"testSB_C",3.60693019446126,734645
12,2026-07-18 15:24:57,"ntc1_C",3.32983863250075,743470
12,2026-07-18 15:24:57,"ntc2_C",3.50821223213808,737775
12,2026-07-18 15:24:57,"testSB_C",3.3605034164068,741948
13,2026-07-18 15:24:57,"ntc1_C",3.48743074624974,740812
13,2026-07-18 15:24:57,"ntc2_C",3.428957051179,738723
13,2026-07-18 15:24:57,"testSB_C",3.59326222296181,735112
14,2026-07-18 15:24:57,"ntc1_C",3.57814311030307,734967
14,2026-07-18 15:24:57,"ntc2_C",3.35438864986929,743321
14,2026-07-18 15:24:57,"testSB_C",3.60901411384634,735658
15,2026-07-18 15:24:57,"ntc1_C",3.39935855891696,739706
15,2026-07-18 15:24:57,"ntc2_C",3.60379769129207,736034
15,2026-07-18 15:24:57,"testSB_C",3.59510851531456,736409
16,2026-07-18 15:24:57,"ntc1_C",3.5997046646782,734387
16,2026-07-18 15:24:57,"ntc2_C",3.50804198879877,736588
16,2026-07-18 15:24:57,"testSB_C",3.53471841538794,735751
17,2026-07-18 15:24:57,"ntc1_C",3.60329483630676,734192
17,2026-07-18 15:24:57,"ntc2_C",3.5812088120025,734623
17,2026-07-18 15:24:57,"testSB_C",3.52901385390186,738322
18,2026-07-18 15:24:57,"ntc1_C",3.60590973250379,736463
18,2026-07-18 15:24:57,"ntc2_C",3.34715384975817,742391
18,2026-07-18 15:24:57,"testSB_C",3.61834280397346,733538
19,2026-07-18 15:24:57,"ntc1_C",3.63441147658432,735287
19,2026-07-18 15:24:57,"ntc2_C",3.31542565441327,743891
19,2026-07-18 15:24:57,"testSB_C",3.47842504277452,740087
20,2026-07-18 15:24:57,"ntc1_C",3.73436387651441,730992
20,2026-07-18 15:24:57,"ntc2_C",3.4239659098161,741351
20,2026-07-18 15:24:57,"testSB_C",3.82328417579845,727497
21,2026-07-18 15:24:57,"ntc1_C",3.71825639448684,730512
21,2026-07-18 15:24:57,"ntc2_C",3.47397918429698,739147
21,2026-07-18 15:24:57,"testSB_C",3.64393112443031,734230
22,2026-07-18 15:24:57,"ntc1_C",3.75031122225653,731345
22,2026-07-18 15:24:57,"ntc2_C",3.44698045107145,741222
22,2026-07-18 15:24:57,"testSB_C",3.54962332105526,736016
23,2026-07-18 15:24:57,"ntc1_C",3.41164222777718,742762
23,2026-07-18 15:24:57,"ntc2_C",3.28288248280825,744745
23,2026-07-18 15:24:57,"testSB_C",3.26054507465943,744366
24,2026-07-18 15:24:57,"ntc1_C",3.40288160869903,741424
24,2026-07-18 15:24:57,"ntc2_C",3.31751446467058,745164
24,2026-07-18 15:24:57,"testSB_C",3.81913067624794,727799
1,2026-07-18 18:24:57,"ntc1_C",2.14707973489567,777423
1,2026-07-18 18:24:57,"testSB_C",2.21022248086484,777353
2,2026-07-18 18:24:57,"ntc1_C",2.11076869008116,779750
2,2026-07-18 18:24:57,"ntc2_C",2.26460929338248,774798
2,2026-07-18 18:24:57,"testSB_C",2.20023928202306,778813
3,2026-07-18 18:24:57,"ntc1_C",2.98174547007511,754485
3,2026-07-18 18:24:57,"ntc2_C",2.93247025729642,755074
3,2026-07-18 18:24:57,"testSB_C",3.01666561687705,752454
4,2026-07-18 18:24:57,"ntc1_C",3.08929532289153,750802
4,2026-07-18 18:24:57,"ntc2_C",3.10922991162175,748549
4,2026-07-18 18:24:57,"testSB_C",3.0448026504036,750621
5,2026-07-18 18:24:57,"ntc1_C",2.9997350366271,751884
5,2026-07-18 18:24:57,"ntc2_C",2.9919233454583,753300
5,2026-07-18 18:24:57,"testSB_C",2.98834636042039,753942
6,2026-07-18 18:24:57,"ntc1_C",2.97333037472356,753383
6,2026-07-18 18:24:57,"ntc2_C",2.9829449829378,753752
6,2026-07-18 18:24:57,"testSB_C",3.00420292494596,753385
7,2026-07-18 18:24:57,"ntc1_C",3.11330484490503,748896
7,2026-07-18 18:24:57,"ntc2_C",3.12313942264512,749883
7,2026-07-18 18:24:57,"testSB_C",2.9970048019668,753834
8,2026-07-18 18:24:57,"ntc1_C",3.01918065789033,754513
8,2026-07-18 18:24:57,"ntc2_C",3.09465186500921,749397
8,2026-07-18 18:24:57,"testSB_C",3.15324319740716,746340
9,2026-07-18 18:24:57,"ntc1_C",3.06376119161087,750191
9,2026-07-18 18:24:57,"ntc2_C",3.12553412265254,750681
9,2026-07-18 18:24:57,"testSB_C",3.11487239194412,749859
10,2026-07-18 18:24:57,"ntc1_C",3.1101726574899,750477
10,2026-07-18 18:24:57,"ntc2_C",3.16839044753732,746799
10,2026-07-18 18:24:57,"testSB_C",3.17169301594782,747169
11,2026-07-18 18:24:57,"ntc1_C",3.04889546587111,752511
11,2026-07-18 18:24:57,"ntc2_C",3.16116209934967,748779
11,2026-07-18 18:24:57,"testSB_C",3.20774131119481,746426
12,2026-07-18 18:24:57,"ntc1_C",3.18386327748414,747811
12,2026-07-18 18:24:57,"ntc2_C",3.21288250202304,746514
12,2026-07-18 18:24:57,"testSB_C",3.17718949983328,747393
13,2026-07-18 18:24:57,"ntc1_C",3.14351885843979,751048
13,2026-07-18 18:24:57,"ntc2_C",3.21105213655096,745174
13,2026-07-18 18:24:57,"testSB_C",3.21769293018809,746209
14,2026-07-18 18:24:57,"ntc1_C",3.28403503557968,743636
14,2026-07-18 18:24:57,"ntc2_C",3.2269902686304,747108
14,2026-07-18 18:24:57,"testSB_C",3.26378075451481,745856
15,2026-07-18 18:24:57,"ntc1_C",3.18462292316315,746067
15,2026-07-18 18:24:57,"ntc2_C",3.37528452476346,742772
15,2026-07-18 18:24:57,"testSB_C",3.37215094099133,742987
16,2026-07-18 18:24:57,"ntc1_C",3.26069079758037,744385
16,2026-07-18 18:24:57,"ntc2_C",3.23839780545006,744555
16,2026-07-18 18:24:57,"testSB_C",3.25614263296183,743974
17,2026-07-18 18:24:57,"ntc1_C",3.2962056696889,743242
17,2026-07-18 18:24:57,"ntc2_C",3.2541518854639,744269
17,2026-07-18 18:24:57,"testSB_C",3.19410794027493,748255
18,2026-07-18 18:24:57,"ntc1_C",3.26548666434576,746530
18,2026-07-18 18:24:57,"ntc2_C",3.27361335077734,744571
18,2026-07-18 18:24:57,"testSB_C",3.26553846165933,743937
19,2026-07-18 18:24:57,"ntc1_C",3.27676178823708,745853
19,2026-07-18 18:24:57,"ntc2_C",3.19582512086288,747451
19,2026-07-18 18:24:57,"testSB_C",3.27573840768201,746097
20,2026-07-18 18:24:57,"ntc1_C",3.37307365684319,741604
20,2026-07-18 18:24:57,"ntc2_C",3.39123469991625,742320
20,2026-07-18 18:24:57,"testSB_C",3.49949812027756,736947
21,2026-07-18 18:24:57,"ntc1_C",3.35027999084832,741300
21,2026-07-18 18:24:57,"ntc2_C",3.38652744125676,741730
21,2026-07-18 18:24:57,"testSB_C",3.23014736845363,746449
22,2026-07-18 18:24:57,"ntc1_C",3.37048299290984,742501
22,2026-07-18 18:24:57,"ntc2_C",3.36902136611849,743528
22,2026-07-18 18:24:57,"testSB_C",3.29115266435576,743638
23,2026-07-18 18:24:57,"ntc1_C",3.31876954762606,745519
23,2026-07-18 18:24:57,"ntc2_C",3.31218363040108,743875
23,2026-07-18 18:24:57,"testSB_C",3.18165812346859,746710
24,2026-07-18 18:24:57,"ntc1_C",3.26026840881713,745656
24,2026-07-18 18:24:57,"ntc2_C",3.2915295386718,745937
24,2026-07-18 18:24:57,"testSB_C",3.29193428464254,743253
1,2026-07-18 21:24:57,"ntc1_C",0.984280002279263,814503
1,2026-07-18 21:24:57,"testSB_C",1.0014540690928,815908
2,2026-07-18 21:24:57,"ntc1_C",0.982873522331204,815811
2,2026-07-18 21:24:57,"ntc2_C",1.03365356336639,813970
2,2026-07-18 21:24:57,"testSB_C",1.02361842596213,816375
3,2026-07-18 21:24:57,"ntc1_C",1.36452622124773,804911
3,2026-07-18 21:24:57,"ntc2_C",1.33412580769647,804960
3,2026-07-18 21:24:57,"testSB_C",1.37862342115011,803399
4,2026-07-18 21:24:57,"ntc1_C",1.37335547458406,804154
4,2026-07-18 21:24:57,"ntc2_C",1.38197779146691,802081
4,2026-07-18 21:24:57,"testSB_C",1.37857055133793,802343
5,2026-07-18 21:24:57,"ntc1_C",1.34463575302067,803373
5,2026-07-18 21:24:57,"ntc2_C",1.34700272572854,804525
5,2026-07-18 21:24:57,"testSB_C",1.36887612379513,804402
6,2026-07-18 21:24:57,"ntc1_C",1.33803296108005,804300
6,2026-07-18 21:24:57,"ntc2_C",1.32733939580163,805378
6,2026-07-18 21:24:57,"testSB_C",1.35923196814173,804630
7,2026-07-18 21:24:57,"ntc1_C",1.40029623113173,802018
7,2026-07-18 21:24:57,"ntc2_C",1.37754950186866,804122
7,2026-07-18 21:24:57,"testSB_C",1.37772597494575,804269
8,2026-07-18 21:24:57,"ntc1_C",1.34274417663642,806857
8,2026-07-18 21:24:57,"ntc2_C",1.36573975305663,803035
8,2026-07-18 21:24:57,"testSB_C",1.33363030976972,802662
9,2026-07-18 21:24:57,"ntc1_C",1.38213822308751,802356
9,2026-07-18 21:24:57,"ntc2_C",1.39359883860936,804538
9,2026-07-18 21:24:57,"testSB_C",1.40286604240077,803002
10,2026-07-18 21:24:57,"ntc1_C",1.36681370321867,804658
10,2026-07-18 21:24:57,"ntc2_C",1.34288223736854,803351
10,2026-07-18 21:24:57,"testSB_C",1.35996491577282,803325
11,2026-07-18 21:24:57,"ntc1_C",1.37541834540724,804585
11,2026-07-18 21:24:57,"ntc2_C",1.40829159769106,803140
11,2026-07-18 21:24:57,"testSB_C",1.4344455182711,801252
12,2026-07-18 21:24:57,"ntc1_C",1.38812980616819,803480
12,2026-07-18 21:24:57,"ntc2_C",1.38657896467885,803067
12,2026-07-18 21:24:57,"testSB_C",1.36450638873293,803588
13,2026-07-18 21:24:57,"ntc1_C",1.35483906282377,806770
13,2026-07-18 21:24:57,"ntc2_C",1.37682231551224,801916
13,2026-07-18 21:24:57,"testSB_C",1.38330081609735,803035
14,2026-07-18 21:24:57,"ntc1_C",1.40146541362088,801772
14,2026-07-18 21:24:57,"ntc2_C",1.37354344071218,804590
14,2026-07-18 21:24:57,"testSB_C",1.38918497719476,803926
15,2026-07-18 21:24:57,"ntc1_C",1.36818905058351,802265
15,2026-07-18 21:24:57,"ntc2_C",1.42295345349748,803093
15,2026-07-18 21:24:57,"testSB_C",1.41591575020652,803461
16,2026-07-18 21:24:57,"ntc1_C",1.39252590293074,802146
16,2026-07-18 21:24:57,"ntc2_C",1.38149782271785,801977
16,2026-07-18 21:24:57,"testSB_C",1.38477846241949,801817
17,2026-07-18 21:24:57,"ntc1_C",1.40199969322015,801758
17,2026-07-18 21:24:57,"ntc2_C",1.39775775177213,801638
17,2026-07-18 21:24:57,"testSB_C",1.38805229659323,804331
18,2026-07-18 21:24:57,"ntc1_C",1.40413024837585,804228
18,2026-07-18 21:24:57,"ntc2_C",1.39359773469022,802681
18,2026-07-18 21:24:57,"testSB_C",1.40196265446434,801536
19,2026-07-18 21:24:57,"ntc1_C",1.40956797676608,803705
19,2026-07-18 21:24:57,"ntc2_C",1.35466283812093,804605
19,2026-07-18 21:24:57,"testSB_C",1.35787287040085,805608
20,2026-07-18 21:24:57,"ntc1_C",1.37704279182299,803268
20,2026-07-18 21:24:57,"ntc2_C",1.35984085105986,805180
20,2026-07-18 21:24:57,"testSB_C",1.44236824780398,800129
21,2026-07-18 21:24:57,"ntc1_C",1.4393810193651,800121
21,2026-07-18 21:24:57,"ntc2_C",1.45796851959409,801207
21,2026-07-18 21:24:57,"testSB_C",1.50101981714027,799906
22,2026-07-18 21:24:57,"ntc1_C",1.56656580790491,798021
22,2026-07-18 21:24:57,"ntc2_C",1.47949346464742,801828
22,2026-07-18 21:24:57,"testSB_C",1.36114775311017,803286
23,2026-07-18 21:24:57,"ntc1_C",1.29295315133231,808450
23,2026-07-18 21:24:57,"ntc2_C",1.30915980383156,805920
23,2026-07-18 21:24:57,"testSB_C",1.29389999335041,805218
24,2026-07-18 21:24:57,"ntc1_C",1.3179419714387,805927
24,2026-07-18 21:24:57,"ntc2_C",1.31393776030359,807348
24,2026-07-18 21:24:57,"testSB_C",1.33384624239108,803787
1,2026-07-19 00:24:57,"ntc1_C",-0.00399634734645815,847495
1,2026-07-19 00:24:57,"testSB_C",0.0057653530085986,849192
2,2026-07-19 00:24:57,"ntc1_C",0.00318642070590158,848570
2,2026-07-19 00:24:57,"ntc2_C",0.0084892554125986,848197
2,2026-07-19 00:24:57,"testSB_C",0.018317806339553,849991
3,2026-07-19 00:24:57,"ntc1_C",0.0147302600507828,849738
3,2026-07-19 00:24:57,"ntc2_C",0.0236280360908836,848471
3,2026-07-19 00:24:57,"testSB_C",0.0262337813907152,848220
4,2026-07-19 00:24:57,"ntc1_C",0.0309625351030718,848695
4,2026-07-19 00:24:57,"ntc2_C",0.0368235875004075,846584
4,2026-07-19 00:24:57,"testSB_C",0.0310050435849689,846941
5,2026-07-19 00:24:57,"ntc1_C",0.0360968929873593,846729
5,2026-07-19 00:24:57,"ntc2_C",0.046663504030164,847636
5,2026-07-19 00:24:57,"testSB_C",0.0516862862709218,848088
6,2026-07-19 00:24:57,"ntc1_C",0.0451684153450174,847139
6,2026-07-19 00:24:57,"ntc2_C",0.0545108273638562,847618
6,2026-07-19 00:24:57,"testSB_C",0.05385341015824,847927
7,2026-07-19 00:24:57,"ntc1_C",0.064821816847541,846206
7,2026-07-19 00:24:57,"ntc2_C",0.0708534472899487,847446
7,2026-07-19 00:24:57,"testSB_C",0.0680453253190194,847682
8,2026-07-19 00:24:57,"ntc1_C",0.0725118805304419,849083
8,2026-07-19 00:24:57,"ntc2_C",0.0742324842931339,845762
8,2026-07-19 00:24:57,"testSB_C",0.0862897654506014,843872
9,2026-07-19 00:24:57,"ntc1_C",0.0898085739805765,845063
9,2026-07-19 00:24:57,"ntc2_C",0.0919702154485549,847713
9,2026-07-19 00:24:57,"testSB_C",0.0898142323126763,846471
10,2026-07-19 00:24:57,"ntc1_C",0.0931187742414181,846864
10,2026-07-19 00:24:57,"ntc2_C",0.10700218726339,844211
10,2026-07-19 00:24:57,"testSB_C",0.101436085409148,844964
11,2026-07-19 00:24:57,"ntc1_C",0.107151666774314,846596
11,2026-07-19 00:24:57,"ntc2_C",0.117654398977038,845841
11,2026-07-19 00:24:57,"testSB_C",0.115713587051459,844794
12,2026-07-19 00:24:57,"ntc1_C",0.124185087164278,845294
12,2026-07-19 00:24:57,"ntc2_C",0.124457909243915,844799
12,2026-07-19 00:24:57,"testSB_C",0.126037374435384,844553
13,2026-07-19 00:24:57,"ntc1_C",0.12310720838542,847682
13,2026-07-19 00:24:57,"ntc2_C",0.140118633511577,842752
13,2026-07-19 00:24:57,"testSB_C",0.13899178183965,844185
14,2026-07-19 00:24:57,"ntc1_C",0.140955208124183,843383
14,2026-07-19 00:24:57,"ntc2_C",0.153173589486187,844989
14,2026-07-19 00:24:57,"testSB_C",0.147712583080761,845014
15,2026-07-19 00:24:57,"ntc1_C",0.156389956076453,842245
15,2026-07-19 00:24:57,"ntc2_C",0.161035588814627,844836
15,2026-07-19 00:24:57,"testSB_C",0.160766788344688,844999
16,2026-07-19 00:24:57,"ntc1_C",0.15921195921851,842874
16,2026-07-19 00:24:57,"ntc2_C",0.163058969477959,842199
16,2026-07-19 00:24:57,"testSB_C",0.166786283675719,842018
17,2026-07-19 00:24:57,"ntc1_C",0.167360899948505,842517
17,2026-07-19 00:24:57,"ntc2_C",0.173109507469917,842040
17,2026-07-19 00:24:57,"testSB_C",0.171400803429663,844609
18,2026-07-19 00:24:57,"ntc1_C",0.170596577010087,845059
18,2026-07-19 00:24:57,"ntc2_C",0.179338710328068,842758
18,2026-07-19 00:24:57,"testSB_C",0.17172199996287,842142
19,2026-07-19 00:24:57,"ntc1_C",0.174463949338985,844577
19,2026-07-19 00:24:57,"ntc2_C",0.174768285317839,843657
19,2026-07-19 00:24:57,"testSB_C",0.182772253262328,844545
20,2026-07-19 00:24:57,"ntc1_C",0.178663170554273,842886
20,2026-07-19 00:24:57,"ntc2_C",0.189882765690754,843927
20,2026-07-19 00:24:57,"testSB_C",0.19055036972793,841374
21,2026-07-19 00:24:57,"ntc1_C",0.183401879327619,841469
21,2026-07-19 00:24:57,"ntc2_C",0.192517997203538,842971
21,2026-07-19 00:24:57,"testSB_C",0.187117513883038,843240
22,2026-07-19 00:24:57,"ntc1_C",0.190305057466446,843342
22,2026-07-19 00:24:57,"ntc2_C",0.206883435005693,843822
22,2026-07-19 00:24:57,"testSB_C",0.202590149211005,841520
23,2026-07-19 00:24:57,"ntc1_C",0.207196200351746,844478
23,2026-07-19 00:24:57,"ntc2_C",0.219164264211486,841973
23,2026-07-19 00:24:57,"testSB_C",0.210607212165598,840979
24,2026-07-19 00:24:57,"ntc1_C",0.216989877239996,842368
24,2026-07-19 00:24:57,"ntc2_C",0.23017246361735,843260
24,2026-07-19 00:24:57,"testSB_C",0.228146986963736,840265
1,2026-07-19 03:24:57,"ntc1_C",-1.24094269432334,890793
1,2026-07-19 03:24:57,"testSB_C",-1.21937830498251,892129
2,2026-07-19 03:24:57,"ntc1_C",-1.21796428784506,891361
2,2026-07-19 03:24:57,"ntc2_C",-1.20207996069513,890583
2,2026-07-19 03:24:57,"testSB_C",-1.19230638839389,892425
3,2026-07-19 03:24:57,"ntc1_C",-1.21238766144955,892783
3,2026-07-19 03:24:57,"ntc2_C",-1.20003179453931,891346
3,2026-07-19 03:24:57,"testSB_C",-1.18620191372224,890652
4,2026-07-19 03:24:57,"ntc1_C",-1.18022623851658,891123
4,2026-07-19 03:24:57,"ntc2_C",-1.16838733000719,888677
4,2026-07-19 03:24:57,"testSB_C",-1.16860833367576,888850
5,2026-07-19 03:24:57,"ntc1_C",-1.16330610270768,888645
5,2026-07-19 03:24:57,"ntc2_C",-1.15265494398164,889567
5,2026-07-19 03:24:57,"testSB_C",-1.14429894329459,889930
6,2026-07-19 03:24:57,"ntc1_C",-1.15162968899,888948
6,2026-07-19 03:24:57,"ntc2_C",-1.13842420858521,889337
6,2026-07-19 03:24:57,"testSB_C",-1.13253931110387,889416
7,2026-07-19 03:24:57,"ntc1_C",-1.12635575153507,887794
7,2026-07-19 03:24:57,"ntc2_C",-1.122954783701,889188
7,2026-07-19 03:24:57,"testSB_C",-1.12096548462051,889244
8,2026-07-19 03:24:57,"ntc1_C",-1.1106578713472,890521
8,2026-07-19 03:24:57,"ntc2_C",-1.1029982358508,886808
8,2026-07-19 03:24:57,"testSB_C",-1.09147144226705,884843
9,2026-07-19 03:24:57,"ntc1_C",-1.09095236748595,886190
9,2026-07-19 03:24:57,"ntc2_C",-1.09038994924441,889060
9,2026-07-19 03:24:57,"testSB_C",-1.09131062039296,887703
10,2026-07-19 03:24:57,"ntc1_C",-1.07882221229397,887770
10,2026-07-19 03:24:57,"ntc2_C",-1.06029537619565,884827
10,2026-07-19 03:24:57,"testSB_C",-1.07044673937867,885792
11,2026-07-19 03:24:57,"ntc1_C",-1.06716353260083,887567
11,2026-07-19 03:24:57,"ntc2_C",-1.05416397263957,886694
11,2026-07-19 03:24:57,"testSB_C",-1.05082526754182,885400
12,2026-07-19 03:24:57,"ntc1_C",-1.0422840065882,885928
12,2026-07-19 03:24:57,"ntc2_C",-1.03706584134454,885234
12,2026-07-19 03:24:57,"testSB_C",-1.03600244567838,885002
13,2026-07-19 03:24:57,"ntc1_C",-1.03419625871038,888122
13,2026-07-19 03:24:57,"ntc2_C",-1.01882317722959,883019
13,2026-07-19 03:24:57,"testSB_C",-1.01843206814061,884465
14,2026-07-19 03:24:57,"ntc1_C",-1.01885965637177,883689
14,2026-07-19 03:24:57,"ntc2_C",-1.00597228472196,885350
14,2026-07-19 03:24:57,"testSB_C",-1.00981815491997,885327
15,2026-07-19 03:24:57,"ntc1_C",-1.00146728060486,882417
15,2026-07-19 03:24:57,"ntc2_C",-0.997060168079088,885166
15,2026-07-19 03:24:57,"testSB_C",-0.993153374919359,885192
16,2026-07-19 03:24:57,"ntc1_C",-0.99400923585813,882938
16,2026-07-19 03:24:57,"ntc2_C",-0.989865063903949,882226
16,2026-07-19 03:24:57,"testSB_C",-0.984295585430175,881973
17,2026-07-19 03:24:57,"ntc1_C",-0.983509716504045,882485
17,2026-07-19 03:24:57,"ntc2_C",-0.977430407998952,881960
17,2026-07-19 03:24:57,"testSB_C",-0.97959904235762,884678
18,2026-07-19 03:24:57,"ntc1_C",-0.978671785524909,885074
18,2026-07-19 03:24:57,"ntc2_C",-0.970263909843652,882653
18,2026-07-19 03:24:57,"testSB_C",-0.97482642870699,881946
19,2026-07-19 03:24:57,"ntc1_C",-0.969087718857679,884380
19,2026-07-19 03:24:57,"ntc2_C",-0.957379571233957,883015
19,2026-07-19 03:24:57,"testSB_C",-0.955358549174946,884157
20,2026-07-19 03:24:57,"ntc1_C",-0.955785481130647,882296
20,2026-07-19 03:24:57,"ntc2_C",-0.945969205209451,883433
20,2026-07-19 03:24:57,"testSB_C",-0.945112596387503,880739
21,2026-07-19 03:24:57,"ntc1_C",-0.959215384658478,881050
21,2026-07-19 03:24:57,"ntc2_C",-0.959376892289868,882990
21,2026-07-19 03:24:57,"testSB_C",-0.972439968107722,883547
22,2026-07-19 03:24:57,"ntc1_C",-0.9639747080397,883453
22,2026-07-19 03:24:57,"ntc2_C",-0.935409337110741,883501
22,2026-07-19 03:24:57,"testSB_C",-0.91960426679185,880395
23,2026-07-19 03:24:57,"ntc1_C",-0.910556914763561,883345
23,2026-07-19 03:24:57,"ntc2_C",-0.902853355312914,880872
23,2026-07-19 03:24:57,"testSB_C",-0.907072088003872,879643
24,2026-07-19 03:24:57,"ntc1_C",-0.894648334534395,880934
24,2026-07-19 03:24:57,"ntc2_C",-0.876465101058614,881677
24,2026-07-19 03:24:57,"testSB_C",-0.865562997654195,878074
1,2026-07-19 06:24:57,"ntc1_C",-4.59407353297837,1020267
1,2026-07-19 06:24:57,"testSB_C",-4.72471699660008,1028051
2,2026-07-19 06:24:57,"ntc1_C",-4.79830491872093,1030380
2,2026-07-19 06:24:57,"ntc2_C",-4.82218722770341,1031122
2,2026-07-19 06:24:57,"testSB_C",-4.75331102385587,1030628
3,2026-07-19 06:24:57,"ntc1_C",-2.91119057717873,956194
3,2026-07-19 06:24:57,"ntc2_C",-3.32650136430198,971357
3,2026-07-19 06:24:57,"testSB_C",-3.4398340515952,975559
4,2026-07-19 06:24:57,"ntc1_C",-2.91031432809655,955637
4,2026-07-19 06:24:57,"ntc2_C",-2.88194536208454,952354
4,2026-07-19 06:24:57,"testSB_C",-3.45852458356131,975018
5,2026-07-19 06:24:57,"ntc1_C",-3.56337547067471,979206
5,2026-07-19 06:24:57,"ntc2_C",-3.29100137301378,969832
5,2026-07-19 06:24:57,"testSB_C",-3.44469513655116,976630
6,2026-07-19 06:24:57,"ntc1_C",-3.46987499814321,976223
6,2026-07-19 06:24:57,"ntc2_C",-3.29790546192527,970444
6,2026-07-19 06:24:57,"testSB_C",-3.51784430578408,979421
7,2026-07-19 06:24:57,"ntc1_C",-3.30574371816795,969545
7,2026-07-19 06:24:57,"ntc2_C",-2.81874168591577,952239
7,2026-07-19 06:24:57,"testSB_C",-3.38753528310474,974520
8,2026-07-19 06:24:57,"ntc1_C",-3.46509140619082,979435
8,2026-07-19 06:24:57,"ntc2_C",-3.3736303781057,972013
8,2026-07-19 06:24:57,"testSB_C",-3.13628099996612,961029
9,2026-07-19 06:24:57,"ntc1_C",-3.36263008413448,971354
9,2026-07-19 06:24:57,"ntc2_C",-3.20733899482013,968480
9,2026-07-19 06:24:57,"testSB_C",-3.24022131777434,968235
10,2026-07-19 06:24:57,"ntc1_C",-3.31655886549032,971758
10,2026-07-19 06:24:57,"ntc2_C",-2.94040206388905,954628
10,2026-07-19 06:24:57,"testSB_C",-3.25011092603734,967348
11,2026-07-19 06:24:57,"ntc1_C",-3.30877890953479,971674
11,2026-07-19 06:24:57,"ntc2_C",-2.94141084869568,956913
11,2026-07-19 06:24:57,"testSB_C",-3.0164950328317,958539
12,2026-07-19 06:24:57,"ntc1_C",-2.64469507176187,945130
12,2026-07-19 06:24:57,"ntc2_C",-2.90916942621169,954748
12,2026-07-19 06:24:57,"testSB_C",-3.06177126418771,960466
13,2026-07-19 06:24:57,"ntc1_C",-3.04343280702642,963220
13,2026-07-19 06:24:57,"ntc2_C",-2.92633756418297,953762
13,2026-07-19 06:24:57,"testSB_C",-3.06038487375167,960532
14,2026-07-19 06:24:57,"ntc1_C",-2.99686869550453,957171
14,2026-07-19 06:24:57,"ntc2_C",-2.87584242487463,954787
14,2026-07-19 06:24:57,"testSB_C",-2.92783690482258,956640
15,2026-07-19 06:24:57,"ntc1_C",-3.02725842835616,957625
15,2026-07-19 06:24:57,"ntc2_C",-2.54793302943995,942374
15,2026-07-19 06:24:57,"testSB_C",-2.45547392381877,939037
16,2026-07-19 06:24:57,"ntc1_C",-2.89324929003487,953345
16,2026-07-19 06:24:57,"ntc2_C",-2.96640565435916,955573
16,2026-07-19 06:24:57,"testSB_C",-2.93660423012966,954366
17,2026-07-19 06:24:57,"ntc1_C",-2.91793117094829,954219
17,2026-07-19 06:24:57,"ntc2_C",-2.86856344760582,951957
17,2026-07-19 06:24:57,"testSB_C",-3.01627900456691,960551
18,2026-07-19 06:24:57,"ntc1_C",-2.90504146726232,956675
18,2026-07-19 06:24:57,"ntc2_C",-2.62164634199826,943472
18,2026-07-19 06:24:57,"testSB_C",-2.85673808380636,951626
19,2026-07-19 06:24:57,"ntc1_C",-2.87789540949086,955273
19,2026-07-19 06:24:57,"ntc2_C",-2.90417486120418,955273
19,2026-07-19 06:24:57,"testSB_C",-2.82031088208976,953346
20,2026-07-19 06:24:57,"ntc1_C",-2.820065635655,951324
20,2026-07-19 06:24:57,"ntc2_C",-2.42496042369226,937811
20,2026-07-19 06:24:57,"testSB_C",-2.67795222222446,944581
21,2026-07-19 06:24:57,"ntc1_C",-2.82140612830437,949811
21,2026-07-19 06:24:57,"ntc2_C",-2.32834784586265,933165
21,2026-07-19 06:24:57,"testSB_C",-2.87512653641187,954137
22,2026-07-19 06:24:57,"ntc1_C",-2.74476838314592,949322
22,2026-07-19 06:24:57,"ntc2_C",-2.57235998248501,943824
22,2026-07-19 06:24:57,"testSB_C",-2.84644144022064,951622
23,2026-07-19 06:24:57,"ntc1_C",-2.70545013922856,949743
23,2026-07-19 06:24:57,"ntc2_C",-2.7072359416851,947445
23,2026-07-19 06:24:57,"testSB_C",-2.97928764839247,956364
24,2026-07-19 06:24:57,"ntc1_C",-2.94814240252106,957139
24,2026-07-19 06:24:57,"ntc2_C",-2.62949963553609,946348
24,2026-07-19 06:24:57,"testSB_C",-2.60921900655478,942100
1,2026-07-19 09:24:57,"ntc1_C",-0.605170614640713,868254
1,2026-07-19 09:24:57,"testSB_C",-0.508894426905329,866957
2,2026-07-19 09:24:57,"ntc1_C",-0.581147073980219,868769
2,2026-07-19 09:24:57,"ntc2_C",-0.458643423431681,864295
2,2026-07-19 09:24:57,"testSB_C",-0.560860234284576,870020
3,2026-07-19 09:24:57,"ntc1_C",0.0166910056057077,849671
3,2026-07-19 09:24:57,"ntc2_C",-0.0463413624990494,850863
3,2026-07-19 09:24:57,"testSB_C",0.0793373241947961,846411
4,2026-07-19 09:24:57,"ntc1_C",0.0255730218480039,848879
4,2026-07-19 09:24:57,"ntc2_C",0.0445218371575606,846322
4,2026-07-19 09:24:57,"testSB_C",0.0745661658442032,845459
5,2026-07-19 09:24:57,"ntc1_C",0.0148231044725549,847454
5,2026-07-19 09:24:57,"ntc2_C",-0.038220843529416,850534
5,2026-07-19 09:24:57,"testSB_C",-0.0228789883693139,850635
6,2026-07-19 09:24:57,"ntc1_C",-0.0314968012821737,849754
6,2026-07-19 09:24:57,"ntc2_C",-0.118204698492093,853528
6,2026-07-19 09:24:57,"testSB_C",-0.0124810620768585,850192
7,2026-07-19 09:24:57,"ntc1_C",0.0520450351102681,846641
7,2026-07-19 09:24:57,"ntc2_C",-0.0774791491295446,852518
7,2026-07-19 09:24:57,"testSB_C",-0.0154634622904268,850533
8,2026-07-19 09:24:57,"ntc1_C",-0.0216494915168823,852305
8,2026-07-19 09:24:57,"ntc2_C",-0.00293265047690738,848390
8,2026-07-19 09:24:57,"testSB_C",-0.0537857276121372,848638
9,2026-07-19 09:24:57,"ntc1_C",-0.00427971135798089,848265
9,2026-07-19 09:24:57,"ntc2_C",-0.00668512476465821,851084
9,2026-07-19 09:24:57,"testSB_C",-0.0143627580307566,850025
10,2026-07-19 09:24:57,"ntc1_C",-0.0228612562492003,850822
10,2026-07-19 09:24:57,"ntc2_C",-0.11709787224936,851853
10,2026-07-19 09:24:57,"testSB_C",-0.0873322691123235,851404
11,2026-07-19 09:24:57,"ntc1_C",-0.109736987826352,854010
11,2026-07-19 09:24:57,"ntc2_C",-0.0860960713235386,852799
11,2026-07-19 09:24:57,"testSB_C",0.00136322996672789,848686
12,2026-07-19 09:24:57,"ntc1_C",-0.123105013832401,853741
12,2026-07-19 09:24:57,"ntc2_C",-0.0638023413519022,851218
12,2026-07-19 09:24:57,"testSB_C",-0.131033235060727,853330
13,2026-07-19 09:24:57,"ntc1_C",-0.0860695243073906,854845
13,2026-07-19 09:24:57,"ntc2_C",-0.118659781764904,851572
13,2026-07-19 09:24:57,"testSB_C",-0.0756772547701985,851507
14,2026-07-19 09:24:57,"ntc1_C",-0.0733253756447425,850681
14,2026-07-19 09:24:57,"ntc2_C",-0.156411989376863,855575
14,2026-07-19 09:24:57,"testSB_C",-0.0775033028226062,852703
15,2026-07-19 09:24:57,"ntc1_C",-0.169796812759728,853363
15,2026-07-19 09:24:57,"ntc2_C",-0.0654232115810487,852567
15,2026-07-19 09:24:57,"testSB_C",-0.072325384948158,852960
16,2026-07-19 09:24:57,"ntc1_C",-0.125574324265301,852586
16,2026-07-19 09:24:57,"ntc2_C",-0.165915194869683,853421
16,2026-07-19 09:24:57,"testSB_C",-0.141297587938368,852521
17,2026-07-19 09:24:57,"ntc1_C",-0.121824836575968,852377
17,2026-07-19 09:24:57,"ntc2_C",-0.142578114496871,852800
17,2026-07-19 09:24:57,"testSB_C",-0.181967704613555,856703
18,2026-07-19 09:24:57,"ntc1_C",-0.139663369761365,855670
18,2026-07-19 09:24:57,"ntc2_C",-0.227682346381641,856661
18,2026-07-19 09:24:57,"testSB_C",-0.148514297236886,853065
19,2026-07-19 09:24:57,"ntc1_C",-0.141788438905735,855392
19,2026-07-19 09:24:57,"ntc2_C",-0.281024472413833,859275
19,2026-07-19 09:24:57,"testSB_C",-0.229609961677966,858677
20,2026-07-19 09:24:57,"ntc1_C",-0.115343185892527,852918
20,2026-07-19 09:24:57,"ntc2_C",-0.220438438433575,857979
20,2026-07-19 09:24:57,"testSB_C",-0.0650540337947518,850069
21,2026-07-19 09:24:57,"ntc1_C",-0.139248729159021,852452
21,2026-07-19 09:24:57,"ntc2_C",-0.208048838497973,856666
21,2026-07-19 09:24:57,"testSB_C",-0.197584504881831,856393
22,2026-07-19 09:24:57,"ntc1_C",-0.133462618513306,854395
22,2026-07-19 09:24:57,"ntc2_C",-0.250067633375352,859464
22,2026-07-19 09:24:57,"testSB_C",-0.268822737998505,857625
23,2026-07-19 09:24:57,"ntc1_C",-0.334561802823657,863086
23,2026-07-19 09:24:57,"ntc2_C",-0.360278405349334,861830
23,2026-07-19 09:24:57,"testSB_C",-0.394631461519054,861688
24,2026-07-19 09:24:57,"ntc1_C",-0.315686788920686,860621
24,2026-07-19 09:24:57,"ntc2_C",-0.335506839450318,862672
24,2026-07-19 09:24:57,"testSB_C",-0.0426697120970516,849464
1,2026-07-19 12:24:57,"ntc1_C",2.28819094084184,773047
1,2026-07-19 12:24:57,"testSB_C",2.49604842634966,768523
2,2026-07-19 12:24:57,"ntc1_C",2.38892454247275,771120
2,2026-07-19 12:24:57,"ntc2_C",2.62077054309236,763842
2,2026-07-19 12:24:57,"testSB_C",2.35360855512977,774054
3,2026-07-19 12:24:57,"ntc1_C",3.45332251356587,740423
3,2026-07-19 12:24:57,"ntc2_C",3.38266903810984,741625
3,2026-07-19 12:24:57,"testSB_C",3.60180210894453,735100
4,2026-07-19 12:24:57,"ntc1_C",3.45770947428889,739847
4,2026-07-19 12:24:57,"ntc2_C",3.5203564773488,736377
4,2026-07-19 12:24:57,"testSB_C",3.62755036259131,733381
5,2026-07-19 12:24:57,"ntc1_C",3.52728555983634,736221
5,2026-07-19 12:24:57,"ntc2_C",3.39397831759698,741316
5,2026-07-19 12:24:57,"testSB_C",3.43546424854736,740613
6,2026-07-19 12:24:57,"ntc1_C",3.48378031853508,738202
6,2026-07-19 12:24:57,"ntc2_C",3.26194798433494,745405
6,2026-07-19 12:24:57,"testSB_C",3.47870303854847,739258
7,2026-07-19 12:24:57,"ntc1_C",3.62693608073903,733709
7,2026-07-19 12:24:57,"ntc2_C",3.31486288936117,744168
7,2026-07-19 12:24:57,"testSB_C",3.54403630231917,737567
8,2026-07-19 12:24:57,"ntc1_C",3.57282459925597,738032
8,2026-07-19 12:24:57,"ntc2_C",3.62043204047137,733854
8,2026-07-19 12:24:57,"testSB_C",3.50510947605204,735944
9,2026-07-19 12:24:57,"ntc1_C",3.6062166890593,734146
9,2026-07-19 12:24:57,"ntc2_C",3.52468246887707,738823
9,2026-07-19 12:24:57,"testSB_C",3.50827145326582,738186
10,2026-07-19 12:24:57,"ntc1_C",3.57914693655749,736576
10,2026-07-19 12:24:57,"ntc2_C",3.36119720570042,741079
10,2026-07-19 12:24:57,"testSB_C",3.44580373240655,739044
11,2026-07-19 12:24:57,"ntc1_C",3.48973124256577,739400
11,2026-07-19 12:24:57,"ntc2_C",3.43931380235131,740520
11,2026-07-19 12:24:57,"testSB_C",3.62846973416208,734015
12,2026-07-19 12:24:57,"ntc1_C",3.39005978165039,741687
12,2026-07-19 12:24:57,"ntc2_C",3.5514080334496,736506
12,2026-07-19 12:24:57,"testSB_C",3.42338487640194,740090
13,2026-07-19 12:24:57,"ntc1_C",3.52082608775913,739826
13,2026-07-19 12:24:57,"ntc2_C",3.48644672536943,737031
13,2026-07-19 12:24:57,"testSB_C",3.63840742539782,733790
14,2026-07-19 12:24:57,"ntc1_C",3.63673159422541,733253
14,2026-07-19 12:24:57,"ntc2_C",3.43467384232565,740945
14,2026-07-19 12:24:57,"testSB_C",3.68641954298613,733392
15,2026-07-19 12:24:57,"ntc1_C",3.48266064141757,737254
15,2026-07-19 12:24:57,"ntc2_C",3.66860449114029,734135
15,2026-07-19 12:24:57,"testSB_C",3.66058707926135,734489
16,2026-07-19 12:24:57,"ntc1_C",3.66520128252444,732472
16,2026-07-19 12:24:57,"ntc2_C",3.56379820730189,734952
16,2026-07-19 12:24:57,"testSB_C",3.59665449249877,733936
17,2026-07-19 12:24:57,"ntc1_C",3.64749925610494,732899
17,2026-07-19 12:24:57,"ntc2_C",3.62095076198074,733460
17,2026-07-19 12:24:57,"testSB_C",3.56806401543355,737173
18,2026-07-19 12:24:57,"ntc1_C",3.61929986168622,736070
18,2026-07-19 12:24:57,"ntc2_C",3.4044927072627,740696
18,2026-07-19 12:24:57,"testSB_C",3.6450549467429,732757
19,2026-07-19 12:24:57,"ntc1_C",3.65147175586571,734787
19,2026-07-19 12:24:57,"ntc2_C",3.36225572537035,742502
19,2026-07-19 12:24:57,"testSB_C",3.49936660610268,739469
20,2026-07-19 12:24:57,"ntc1_C",3.70309513489798,731904
20,2026-07-19 12:24:57,"ntc2_C",3.43755820347178,740949
20,2026-07-19 12:24:57,"testSB_C",3.77210676724644,728982
21,2026-07-19 12:24:57,"ntc1_C",3.66715706494512,732000
21,2026-07-19 12:24:57,"ntc2_C",3.45577132343539,739684
21,2026-07-19 12:24:57,"testSB_C",3.57975596906203,736111
22,2026-07-19 12:24:57,"ntc1_C",3.66841967441405,733735
22,2026-07-19 12:24:57,"ntc2_C",3.42308513920256,741928
22,2026-07-19 12:24:57,"testSB_C",3.46803083369804,738413
23,2026-07-19 12:24:57,"ntc1_C",3.35601599101403,744412
23,2026-07-19 12:24:57,"ntc2_C",3.26535296861499,745266
23,2026-07-19 12:24:57,"testSB_C",3.24605360761512,744796
24,2026-07-19 12:24:57,"ntc1_C",3.38217053560965,742037
24,2026-07-19 12:24:57,"ntc2_C",3.31640455920933,745197
24,2026-07-19 12:24:57,"testSB_C",3.74149654807172,730053
1,2026-07-19 15:24:57,"ntc1_C",3.1952001438284,745540
1,2026-07-19 15:24:57,"testSB_C",3.21988701069426,746637
2,2026-07-19 15:24:57,"ntc1_C",3.20006897852431,746530
2,2026-07-19 15:24:57,"ntc2_C",3.57794385658434,735209
2,2026-07-19 15:24:57,"testSB_C",3.35002074377883,743881
3,2026-07-19 15:24:57,"ntc1_C",4.27882890869137,716477
3,2026-07-19 15:24:57,"ntc2_C",4.3125735970533,714649
3,2026-07-19 15:24:57,"testSB_C",4.7052464751859,703528
4,2026-07-19 15:24:57,"ntc1_C",4.30058951026166,715421
4,2026-07-19 15:24:57,"ntc2_C",4.29334290043073,714061
4,2026-07-19 15:24:57,"testSB_C",4.64926066688162,704169
5,2026-07-19 15:24:57,"ntc1_C",4.44193601783235,709886
5,2026-07-19 15:24:57,"ntc2_C",4.21407361595226,717499
5,2026-07-19 15:24:57,"testSB_C",4.43527397321276,711711
6,2026-07-19 15:24:57,"ntc1_C",4.2347279449562,716460
6,2026-07-19 15:24:57,"ntc2_C",3.979996895162,724374
6,2026-07-19 15:24:57,"testSB_C",4.34617655105853,714158
7,2026-07-19 15:24:57,"ntc1_C",4.37834622234163,712082
7,2026-07-19 15:24:57,"ntc2_C",3.90055190572053,726996
7,2026-07-19 15:24:57,"testSB_C",4.22300323671374,717897
8,2026-07-19 15:24:57,"ntc1_C",4.16145900408941,720931
8,2026-07-19 15:24:57,"ntc2_C",4.27467287513809,714994
8,2026-07-19 15:24:57,"testSB_C",3.80717496775145,727143
9,2026-07-19 15:24:57,"ntc1_C",4.13261016826715,718927
9,2026-07-19 15:24:57,"ntc2_C",4.09964495578168,722093
9,2026-07-19 15:24:57,"testSB_C",4.24344991802252,716890
10,2026-07-19 15:24:57,"ntc1_C",4.17004759462691,719452
10,2026-07-19 15:24:57,"ntc2_C",3.81524791955638,727793
10,2026-07-19 15:24:57,"testSB_C",4.04838349699031,721513
11,2026-07-19 15:24:57,"ntc1_C",4.10531488249666,721499
11,2026-07-19 15:24:57,"ntc2_C",4.11546787185142,720847
11,2026-07-19 15:24:57,"testSB_C",4.31088186826759,714352
12,2026-07-19 15:24:57,"ntc1_C",3.82429101251097,728965
12,2026-07-19 15:24:57,"ntc2_C",4.02579888262358,722722
12,2026-07-19 15:24:57,"testSB_C",3.98557550663133,723698
13,2026-07-19 15:24:57,"ntc1_C",3.96334885526767,726892
13,2026-07-19 15:24:57,"ntc2_C",3.99697173135883,722186
13,2026-07-19 15:24:57,"testSB_C",4.08870543351765,720742
14,2026-07-19 15:24:57,"ntc1_C",4.19043074499189,717264
14,2026-07-19 15:24:57,"ntc2_C",3.90744910863924,727117
14,2026-07-19 15:24:57,"testSB_C",4.05409434667865,722730
15,2026-07-19 15:24:57,"ntc1_C",3.96149237629083,723327
15,2026-07-19 15:24:57,"ntc2_C",3.98086978004352,725058
15,2026-07-19 15:24:57,"testSB_C",3.8866936489847,727900
16,2026-07-19 15:24:57,"ntc1_C",3.98316126710927,723251
16,2026-07-19 15:24:57,"ntc2_C",4.00091300986952,722260
16,2026-07-19 15:24:57,"testSB_C",3.97740459955133,722883
17,2026-07-19 15:24:57,"ntc1_C",4.05779799422817,721013
17,2026-07-19 15:24:57,"ntc2_C",3.96245364470258,723547
17,2026-07-19 15:24:57,"testSB_C",3.98353000114679,725066
18,2026-07-19 15:24:57,"ntc1_C",3.98797141611408,725337
18,2026-07-19 15:24:57,"ntc2_C",3.69426436696017,732193
18,2026-07-19 15:24:57,"testSB_C",3.8780269990001,725983
19,2026-07-19 15:24:57,"ntc1_C",3.9074251303075,727329
19,2026-07-19 15:24:57,"ntc2_C",3.63114582790342,734580
19,2026-07-19 15:24:57,"testSB_C",3.70629324994366,733392
20,2026-07-19 15:24:57,"ntc1_C",3.8777654733596,726825
20,2026-07-19 15:24:57,"ntc2_C",3.52932581533435,738241
20,2026-07-19 15:24:57,"testSB_C",3.97300992123576,723171
21,2026-07-19 15:24:57,"ntc1_C",3.90456741401334,725114
21,2026-07-19 15:24:57,"ntc2_C",3.59443146288538,735605
21,2026-07-19 15:24:57,"testSB_C",3.8823750897518,727286
22,2026-07-19 15:24:57,"ntc1_C",4.04459099757952,722825
22,2026-07-19 15:24:57,"ntc2_C",3.65381218792174,735141
22,2026-07-19 15:24:57,"testSB_C",3.52539166481114,736727
23,2026-07-19 15:24:57,"ntc1_C",3.27916541409513,746698
23,2026-07-19 15:24:57,"ntc2_C",3.32313885241382,743550
23,2026-07-19 15:24:57,"testSB_C",3.35685400661328,741515
24,2026-07-19 15:24:57,"ntc1_C",3.52087380147589,737942
24,2026-07-19 15:24:57,"ntc2_C",3.30816599219054,745442
24,2026-07-19 15:24:57,"testSB_C",3.54215040613337,735875
1,2026-07-19 18:24:57,"ntc1_C",0.710198886711339,823514
1,2026-07-19 18:24:57,"testSB_C",0.820909762444046,821839
2,2026-07-19 18:24:57,"ntc1_C",0.71874348745979,824509
2,2026-07-19 18:24:57,"ntc2_C",0.834735823013943,820495
2,2026-07-19 18:24:57,"testSB_C",0.819855152890852,823073
3,2026-07-19 18:24:57,"ntc1_C",0.972476437112448,817667
3,2026-07-19 18:24:57,"ntc2_C",1.00944702590914,815515
3,2026-07-19 18:24:57,"testSB_C",1.26052825127528,807211
4,2026-07-19 18:24:57,"ntc1_C",1.19956758249117,809778
4,2026-07-19 18:24:57,"ntc2_C",1.16926384979888,808950
4,2026-07-19 18:24:57,"testSB_C",1.18142461652855,808709
5,2026-07-19 18:24:57,"ntc1_C",0.980575981107563,815194
5,2026-07-19 18:24:57,"ntc2_C",0.984270564965755,816312
5,2026-07-19 18:24:57,"testSB_C",0.958284105280882,817758
6,2026-07-19 18:24:57,"ntc1_C",1.05058525925233,813622
6,2026-07-19 18:24:57,"ntc2_C",0.919811184431751,818654
6,2026-07-19 18:24:57,"testSB_C",1.09386974004553,813238
7,2026-07-19 18:24:57,"ntc1_C",1.13138122563652,810715
7,2026-07-19 18:24:57,"ntc2_C",0.928878943221264,818727
7,2026-07-19 18:24:57,"testSB_C",0.940010870970752,818510
8,2026-07-19 18:24:57,"ntc1_C",0.840456938270677,823282
8,2026-07-19 18:24:57,"ntc2_C",1.0388310263661,813629
8,2026-07-19 18:24:57,"testSB_C",0.999725041430111,813480
9,2026-07-19 18:24:57,"ntc1_C",1.1441551170962,810045
9,2026-07-19 18:24:57,"ntc2_C",1.00863156400084,817059
9,2026-07-19 18:24:57,"testSB_C",1.0431118062109,814671
10,2026-07-19 18:24:57,"ntc1_C",0.959897502112199,817894
10,2026-07-19 18:24:57,"ntc2_C",1.03248227580775,813412
10,2026-07-19 18:24:57,"testSB_C",0.908623890154217,818002
11,2026-07-19 18:24:57,"ntc1_C",0.998575597983233,816832
11,2026-07-19 18:24:57,"ntc2_C",0.973804740041714,817254
11,2026-07-19 18:24:57,"testSB_C",1.06435549750643,813226
12,2026-07-19 18:24:57,"ntc1_C",1.00127834260695,816040
12,2026-07-19 18:24:57,"ntc2_C",1.06457843738644,813502
12,2026-07-19 18:24:57,"testSB_C",1.00939918672975,815114
13,2026-07-19 18:24:57,"ntc1_C",0.938188782497718,820370
13,2026-07-19 18:24:57,"ntc2_C",0.978371371929654,814839
13,2026-07-19 18:24:57,"testSB_C",1.06190678058425,813456
14,2026-07-19 18:24:57,"ntc1_C",1.05858599610838,812871
14,2026-07-19 18:24:57,"ntc2_C",0.897380552781613,820104
14,2026-07-19 18:24:57,"testSB_C",1.00954917239414,816261
15,2026-07-19 18:24:57,"ntc1_C",0.982684025820618,814761
15,2026-07-19 18:24:57,"ntc2_C",1.11705503886259,813007
15,2026-07-19 18:24:57,"testSB_C",1.04466850612931,815517
16,2026-07-19 18:24:57,"ntc1_C",0.945651663287777,816657
16,2026-07-19 18:24:57,"ntc2_C",0.865786674357139,818747
16,2026-07-19 18:24:57,"testSB_C",1.08107051535347,811647
17,2026-07-19 18:24:57,"ntc1_C",1.04544484517407,813310
17,2026-07-19 18:24:57,"ntc2_C",0.991602524041241,814805
17,2026-07-19 18:24:57,"testSB_C",0.990036962702277,817279
18,2026-07-19 18:24:57,"ntc1_C",1.03167014101444,816332
18,2026-07-19 18:24:57,"ntc2_C",1.03286483114641,814372
18,2026-07-19 18:24:57,"testSB_C",0.950773770004787,816182
19,2026-07-19 18:24:57,"ntc1_C",1.02105604598052,816331
19,2026-07-19 18:24:57,"ntc2_C",0.828168679678697,821789
19,2026-07-19 18:24:57,"testSB_C",0.897319153280876,820637
20,2026-07-19 18:24:57,"ntc1_C",0.99691264755819,815617
20,2026-07-19 18:24:57,"ntc2_C",0.91092070963947,819820
20,2026-07-19 18:24:57,"testSB_C",0.959863755215849,815767
21,2026-07-19 18:24:57,"ntc1_C",1.01646583160289,813798
21,2026-07-19 18:24:57,"ntc2_C",0.809130735918586,822340
21,2026-07-19 18:24:57,"testSB_C",0.789827777944254,823061
22,2026-07-19 18:24:57,"ntc1_C",1.03594131165011,815181
22,2026-07-19 18:24:57,"ntc2_C",0.878819338015205,821366
22,2026-07-19 18:24:57,"testSB_C",0.991152069193447,815292
23,2026-07-19 18:24:57,"ntc1_C",0.995908507013496,818142
23,2026-07-19 18:24:57,"ntc2_C",0.92692585108864,818373
23,2026-07-19 18:24:57,"testSB_C",0.91072927817612,817679
24,2026-07-19 18:24:57,"ntc1_C",0.982280595235068,816857
24,2026-07-19 18:24:57,"ntc2_C",0.938643572796138,819597
24,2026-07-19 18:24:57,"testSB_C",1.09466627175016,811533
1,2026-07-19 21:24:57,"ntc1_C",0.552877868450878,828734
1,2026-07-19 21:24:57,"testSB_C",0.602563776113016,829073
2,2026-07-19 21:24:57,"ntc1_C",0.604996593168607,828285
2,2026-07-19 21:24:57,"ntc2_C",0.629090928551193,827299
2,2026-07-19 21:24:57,"testSB_C",0.697529225566825,827122
3,2026-07-19 21:24:57,"ntc1_C",0.912903224543129,819624
3,2026-07-19 21:24:57,"ntc2_C",0.825771817384577,821551
3,2026-07-19 21:24:57,"testSB_C",0.865324212572261,820108
4,2026-07-19 21:24:57,"ntc1_C",0.906158560377094,819368
4,2026-07-19 21:24:57,"ntc2_C",0.903071283674819,817634
4,2026-07-19 21:24:57,"testSB_C",0.813754392932481,820725
5,2026-07-19 21:24:57,"ntc1_C",0.845035728785604,819642
5,2026-07-19 21:24:57,"ntc2_C",0.78367281201082,822909
5,2026-07-19 21:24:57,"testSB_C",0.852651480980853,821232
6,2026-07-19 21:24:57,"ntc1_C",0.781845257321265,822441
6,2026-07-19 21:24:57,"ntc2_C",0.861302759769899,820579
6,2026-07-19 21:24:57,"testSB_C",0.878138573676438,820308
7,2026-07-19 21:24:57,"ntc1_C",0.834494386121321,820433
7,2026-07-19 21:24:57,"ntc2_C",0.875901373151805,820470
7,2026-07-19 21:24:57,"testSB_C",0.867131114754727,820907
8,2026-07-19 21:24:57,"ntc1_C",0.845479961340857,823116
8,2026-07-19 21:24:57,"ntc2_C",1.00630961203757,814691
8,2026-07-19 21:24:57,"testSB_C",0.85258988075816,818296
9,2026-07-19 21:24:57,"ntc1_C",0.886101729587267,818471
9,2026-07-19 21:24:57,"ntc2_C",0.84974310286151,822287
9,2026-07-19 21:24:57,"testSB_C",0.86508430365393,820512
10,2026-07-19 21:24:57,"ntc1_C",0.872769025909065,820758
10,2026-07-19 21:24:57,"ntc2_C",0.852955303856618,819292
10,2026-07-19 21:24:57,"testSB_C",0.8712511367807,819230
11,2026-07-19 21:24:57,"ntc1_C",0.730484773658134,825665
11,2026-07-19 21:24:57,"ntc2_C",0.812217499631231,822570
11,2026-07-19 21:24:57,"testSB_C",0.914298434719058,818135
12,2026-07-19 21:24:57,"ntc1_C",0.886301637763779,819813
12,2026-07-19 21:24:57,"ntc2_C",0.822914332025618,821428
12,2026-07-19 21:24:57,"testSB_C",0.761595095983637,823261
13,2026-07-19 21:24:57,"ntc1_C",0.918458973783515,821020
13,2026-07-19 21:24:57,"ntc2_C",0.898437394685118,817458
13,2026-07-19 21:24:57,"testSB_C",0.871723588888187,819690
14,2026-07-19 21:24:57,"ntc1_C",0.890205711705164,818381
14,2026-07-19 21:24:57,"ntc2_C",0.86716803572125,821099
14,2026-07-19 21:24:57,"testSB_C",0.835684840368231,821977
15,2026-07-19 21:24:57,"ntc1_C",0.86188479073968,818719
15,2026-07-19 21:24:57,"ntc2_C",0.928486825855373,819183
15,2026-07-19 21:24:57,"testSB_C",0.858128808685592,821647
16,2026-07-19 21:24:57,"ntc1_C",0.87687291509161,818915
16,2026-07-19 21:24:57,"ntc2_C",0.868646042303681,818653
16,2026-07-19 21:24:57,"testSB_C",0.888774526602333,817937
17,2026-07-19 21:24:57,"ntc1_C",0.909250285112648,817769
17,2026-07-19 21:24:57,"ntc2_C",0.857426340085567,819205
17,2026-07-19 21:24:57,"testSB_C",0.845211668361571,822045
18,2026-07-19 21:24:57,"ntc1_C",0.855656521976812,822119
18,2026-07-19 21:24:57,"ntc2_C",0.869461619875437,819727
18,2026-07-19 21:24:57,"testSB_C",0.891197495244342,818137
19,2026-07-19 21:24:57,"ntc1_C",0.922141964939726,819579
19,2026-07-19 21:24:57,"ntc2_C",0.772486046341157,823629
19,2026-07-19 21:24:57,"testSB_C",0.7745263286576,824694
20,2026-07-19 21:24:57,"ntc1_C",0.962372728421371,816749
20,2026-07-19 21:24:57,"ntc2_C",0.848344407670311,821883
20,2026-07-19 21:24:57,"testSB_C",0.862520725965965,818961
21,2026-07-19 21:24:57,"ntc1_C",0.75544216664747,822363
21,2026-07-19 21:24:57,"ntc2_C",0.855691255216357,820804
21,2026-07-19 21:24:57,"testSB_C",0.862641570411768,820658
22,2026-07-19 21:24:57,"ntc1_C",0.846133047302885,821414
22,2026-07-19 21:24:57,"ntc2_C",1.03325180418295,816295
22,2026-07-19 21:24:57,"testSB_C",0.698475084631127,824924
23,2026-07-19 21:24:57,"ntc1_C",0.896801535676047,821403
23,2026-07-19 21:24:57,"ntc2_C",0.936000473144531,818075
23,2026-07-19 21:24:57,"testSB_C",0.891125834058755,818322
24,2026-07-19 21:24:57,"ntc1_C",0.897604787761111,819639
24,2026-07-19 21:24:57,"ntc2_C",0.866625375393028,821970
24,2026-07-19 21:24:57,"testSB_C",0.933381035281229,816801
1,2026-07-20 00:24:57,"ntc1_C",-1.34022468703404,894368
1,2026-07-20 00:24:57,"testSB_C",-1.31324975956846,895512
2,2026-07-20 00:24:57,"ntc1_C",-1.35494637729187,896301
2,2026-07-20 00:24:57,"ntc2_C",-1.33134133198075,895239
2,2026-07-20 00:24:57,"testSB_C",-1.30585524924811,896518
3,2026-07-20 00:24:57,"ntc1_C",-1.39137572242754,899251
3,2026-07-20 00:24:57,"ntc2_C",-1.38996789427495,898203
3,2026-07-20 00:24:57,"testSB_C",-1.42914160145233,899420
4,2026-07-20 00:24:57,"ntc1_C",-1.35031882313541,897258
4,2026-07-20 00:24:57,"ntc2_C",-1.36708861966036,895826
4,2026-07-20 00:24:57,"testSB_C",-1.38141513908437,896510
5,2026-07-20 00:24:57,"ntc1_C",-1.39063141782032,896833
5,2026-07-20 00:24:57,"ntc2_C",-1.40177704086273,898548
5,2026-07-20 00:24:57,"testSB_C",-1.38811790814157,898724
6,2026-07-20 00:24:57,"ntc1_C",-1.38533447111286,897363
6,2026-07-20 00:24:57,"ntc2_C",-1.3718636356798,897751
6,2026-07-20 00:24:57,"testSB_C",-1.38666751517974,898578
7,2026-07-20 00:24:57,"ntc1_C",-1.37912640323128,896893
7,2026-07-20 00:24:57,"ntc2_C",-1.39362155737433,898950
7,2026-07-20 00:24:57,"testSB_C",-1.38959144488268,898928
8,2026-07-20 00:24:57,"ntc1_C",-1.34945558835096,899140
8,2026-07-20 00:24:57,"ntc2_C",-1.37161384379317,896465
8,2026-07-20 00:24:57,"testSB_C",-1.36102674154426,894512
9,2026-07-20 00:24:57,"ntc1_C",-1.26250786900926,892339
9,2026-07-20 00:24:57,"ntc2_C",-1.36226673447993,898865
9,2026-07-20 00:24:57,"testSB_C",-1.36731070392881,897640
10,2026-07-20 00:24:57,"ntc1_C",-1.3906639869013,899002
10,2026-07-20 00:24:57,"ntc2_C",-1.34115925158312,894904
10,2026-07-20 00:24:57,"testSB_C",-1.4010099076641,897681
11,2026-07-20 00:24:57,"ntc1_C",-1.40452505349998,899720
11,2026-07-20 00:24:57,"ntc2_C",-1.36471735968297,897866
11,2026-07-20 00:24:57,"testSB_C",-1.38259899744929,897321
12,2026-07-20 00:24:57,"ntc1_C",-1.33434901665487,896421
12,2026-07-20 00:24:57,"ntc2_C",-1.38139512765696,897609
12,2026-07-20 00:24:57,"testSB_C",-1.33788763916283,895841
13,2026-07-20 00:24:57,"ntc1_C",-1.33755683261069,899055
13,2026-07-20 00:24:57,"ntc2_C",-1.32241861770365,893899
13,2026-07-20 00:24:57,"testSB_C",-1.38753298008896,897732
14,2026-07-20 00:24:57,"ntc1_C",-1.31812250597085,894415
14,2026-07-20 00:24:57,"ntc2_C",-1.32134364052342,896679
14,2026-07-20 00:24:57,"testSB_C",-1.30314152127482,895861
15,2026-07-20 00:24:57,"ntc1_C",-1.31932958307863,893795
15,2026-07-20 00:24:57,"ntc2_C",-1.34866242622741,897808
15,2026-07-20 00:24:57,"testSB_C",-1.25865963948235,894722
16,2026-07-20 00:24:57,"ntc1_C",-1.36020877875143,896076
16,2026-07-20 00:24:57,"ntc2_C",-1.32753149730542,894325
16,2026-07-20 00:24:57,"testSB_C",-1.34531187370897,894912
17,2026-07-20 00:24:57,"ntc1_C",-1.40041616371553,897452
17,2026-07-20 00:24:57,"ntc2_C",-1.30212864977045,893583
17,2026-07-20 00:24:57,"testSB_C",-1.29030470605346,895834
18,2026-07-20 00:24:57,"ntc1_C",-1.29744809214014,896523
18,2026-07-20 00:24:57,"ntc2_C",-1.32147101871556,895234
18,2026-07-20 00:24:57,"testSB_C",-1.3019103190872,893661
19,2026-07-20 00:24:57,"ntc1_C",-1.36663664168765,898676
19,2026-07-20 00:24:57,"ntc2_C",-1.38960973574905,898547
19,2026-07-20 00:24:57,"testSB_C",-1.38819044759458,899731
20,2026-07-20 00:24:57,"ntc1_C",-1.31354050951859,895123
20,2026-07-20 00:24:57,"ntc2_C",-1.32882256717136,897184
20,2026-07-20 00:24:57,"testSB_C",-1.29098890846967,893110
21,2026-07-20 00:24:57,"ntc1_C",-1.27909546570851,892479
21,2026-07-20 00:24:57,"ntc2_C",-1.25988388368927,893756
21,2026-07-20 00:24:57,"testSB_C",-1.32641274423708,896252
22,2026-07-20 00:24:57,"ntc1_C",-1.36338917559959,897797
22,2026-07-20 00:24:57,"ntc2_C",-1.27707129902615,895748
22,2026-07-20 00:24:57,"testSB_C",-1.32056965940103,894741
23,2026-07-20 00:24:57,"ntc1_C",-1.33283227711962,898515
23,2026-07-20 00:24:57,"ntc2_C",-1.34353316935164,896664
23,2026-07-20 00:24:57,"testSB_C",-1.23035816293526,891173
24,2026-07-20 00:24:57,"ntc1_C",-1.24298062680697,893398
24,2026-07-20 00:24:57,"ntc2_C",-1.26636201310964,895648
24,2026-07-20 00:24:57,"testSB_C",-1.28247522705624,892955
1,2026-07-20 03:24:57,"ntc1_C",-2.40556099519102,933693
1,2026-07-20 03:24:57,"testSB_C",-2.40213606076679,935755
2,2026-07-20 03:24:57,"ntc1_C",-2.38089666714228,934227
2,2026-07-20 03:24:57,"ntc2_C",-2.35110163162011,932880
2,2026-07-20 03:24:57,"testSB_C",-2.30817365066855,933515
3,2026-07-20 03:24:57,"ntc1_C",-2.36963408742793,935482
3,2026-07-20 03:24:57,"ntc2_C",-2.36389240844767,934244
3,2026-07-20 03:24:57,"testSB_C",-2.43600365794475,936737
4,2026-07-20 03:24:57,"ntc1_C",-2.28229470791149,931670
4,2026-07-20 03:24:57,"ntc2_C",-2.30611482964713,930438
4,2026-07-20 03:24:57,"testSB_C",-2.32123343588046,931178
5,2026-07-20 03:24:57,"ntc1_C",-2.32338781436044,931269
5,2026-07-20 03:24:57,"ntc2_C",-2.3049430734012,931915
5,2026-07-20 03:24:57,"testSB_C",-2.27330171921295,931426
6,2026-07-20 03:24:57,"ntc1_C",-2.28767063233749,930647
6,2026-07-20 03:24:57,"ntc2_C",-2.30562849324104,932253
6,2026-07-20 03:24:57,"testSB_C",-2.27782811553357,931498
7,2026-07-20 03:24:57,"ntc1_C",-2.2436127140831,928760
7,2026-07-20 03:24:57,"ntc2_C",-2.29102361373702,932130
7,2026-07-20 03:24:57,"testSB_C",-2.27849157715951,931771
8,2026-07-20 03:24:57,"ntc1_C",-2.22438738042115,931476
8,2026-07-20 03:24:57,"ntc2_C",-2.24283621701937,928555
8,2026-07-20 03:24:57,"testSB_C",-2.26141617805081,927623
9,2026-07-20 03:24:57,"ntc1_C",-2.15915440806918,925216
9,2026-07-20 03:24:57,"ntc2_C",-2.21928871285434,930524
9,2026-07-20 03:24:57,"testSB_C",-2.16772045168739,927125
10,2026-07-20 03:24:57,"ntc1_C",-2.20440806346318,929021
10,2026-07-20 03:24:57,"ntc2_C",-2.1767505376136,925604
10,2026-07-20 03:24:57,"testSB_C",-2.29398998499784,930644
11,2026-07-20 03:24:57,"ntc1_C",-2.20634860354568,929312
11,2026-07-20 03:24:57,"ntc2_C",-2.2101112646659,929035
11,2026-07-20 03:24:57,"testSB_C",-2.16058803880622,925942
12,2026-07-20 03:24:57,"ntc1_C",-2.15161699040868,926483
12,2026-07-20 03:24:57,"ntc2_C",-2.20536655469175,927966
12,2026-07-20 03:24:57,"testSB_C",-2.20085608758376,927602
13,2026-07-20 03:24:57,"ntc1_C",-2.1190565685236,927876
13,2026-07-20 03:24:57,"ntc2_C",-2.10107847682872,922453
13,2026-07-20 03:24:57,"testSB_C",-2.10662397235916,924183
14,2026-07-20 03:24:57,"ntc1_C",-2.07758756745858,922254
14,2026-07-20 03:24:57,"ntc2_C",-2.09465878180993,925108
14,2026-07-20 03:24:57,"testSB_C",-2.10009061035618,925152
15,2026-07-20 03:24:57,"ntc1_C",-2.09718786975043,922294
15,2026-07-20 03:24:57,"ntc2_C",-2.13882539504908,926916
15,2026-07-20 03:24:57,"testSB_C",-2.0984941637015,925583
16,2026-07-20 03:24:57,"ntc1_C",-2.12614971305226,924224
16,2026-07-20 03:24:57,"ntc2_C",-2.13108390290944,923824
16,2026-07-20 03:24:57,"testSB_C",-2.1968984107807,926230
17,2026-07-20 03:24:57,"ntc1_C",-2.2290506687475,927997
17,2026-07-20 03:24:57,"ntc2_C",-2.13860841597858,924273
17,2026-07-20 03:24:57,"testSB_C",-2.12289935327794,926463
18,2026-07-20 03:24:57,"ntc1_C",-2.13173571054591,927229
18,2026-07-20 03:24:57,"ntc2_C",-2.13086671969921,924951
18,2026-07-20 03:24:57,"testSB_C",-2.12549784309095,923889
19,2026-07-20 03:24:57,"ntc1_C",-2.14237130935749,927275
19,2026-07-20 03:24:57,"ntc2_C",-2.17562753828912,927532
19,2026-07-20 03:24:57,"testSB_C",-2.16508305738165,928412
20,2026-07-20 03:24:57,"ntc1_C",-2.11770833848226,924676
20,2026-07-20 03:24:57,"ntc2_C",-2.15608034730224,927670
20,2026-07-20 03:24:57,"testSB_C",-2.10834817875576,923076
21,2026-07-20 03:24:57,"ntc1_C",-2.097609001781,922439
21,2026-07-20 03:24:57,"ntc2_C",-2.11310746788712,925082
21,2026-07-20 03:24:57,"testSB_C",-2.09180925144915,924385
22,2026-07-20 03:24:57,"ntc1_C",-2.09010461139138,924527
22,2026-07-20 03:24:57,"ntc2_C",-2.09028009839722,925622
22,2026-07-20 03:24:57,"testSB_C",-2.07611311945226,922446
23,2026-07-20 03:24:57,"ntc1_C",-2.07273278906513,925759
23,2026-07-20 03:24:57,"ntc2_C",-2.09252221394019,924191
23,2026-07-20 03:24:57,"testSB_C",-2.05739198224626,921399
24,2026-07-20 03:24:57,"ntc1_C",-2.06053350178871,923385
24,2026-07-20 03:24:57,"ntc2_C",-2.07437544945532,925347
24,2026-07-20 03:24:57,"testSB_C",-2.05789569473274,921342
1,2026-07-20 06:24:57,"ntc1_C",-3.09569190340818,960133
1,2026-07-20 06:24:57,"testSB_C",-3.1736218572309,965413
2,2026-07-20 06:24:57,"ntc1_C",-3.32412535222647,970580
2,2026-07-20 06:24:57,"ntc2_C",-3.39500090115075,973134
2,2026-07-20 06:24:57,"testSB_C",-3.28906598785346,971273
3,2026-07-20 06:24:57,"ntc1_C",-2.29230340443286,932563
3,2026-07-20 06:24:57,"ntc2_C",-2.61408024100615,943745
3,2026-07-20 06:24:57,"testSB_C",-2.85917562807697,952902
4,2026-07-20 06:24:57,"ntc1_C",-2.16596324022532,927300
4,2026-07-20 06:24:57,"ntc2_C",-2.10433864397368,922884
4,2026-07-20 06:24:57,"testSB_C",-2.8297066135168,950518
5,2026-07-20 06:24:57,"ntc1_C",-2.77907942790006,948594
5,2026-07-20 06:24:57,"ntc2_C",-2.54016987539796,940817
5,2026-07-20 06:24:57,"testSB_C",-2.84069577989669,953042
6,2026-07-20 06:24:57,"ntc1_C",-2.75201289095736,948277
6,2026-07-20 06:24:57,"ntc2_C",-2.4483811827767,937649
6,2026-07-20 06:24:57,"testSB_C",-2.88172385234787,954523
7,2026-07-20 06:24:57,"ntc1_C",-2.70910470520329,946409
7,2026-07-20 06:24:57,"ntc2_C",-2.12884874576883,926040
7,2026-07-20 06:24:57,"testSB_C",-2.87654144747847,954574
8,2026-07-20 06:24:57,"ntc1_C",-2.8131091728601,953919
8,2026-07-20 06:24:57,"ntc2_C",-2.79949141430689,949688
8,2026-07-20 06:24:57,"testSB_C",-2.35012126323193,930954
9,2026-07-20 06:24:57,"ntc1_C",-2.78065474549658,948749
9,2026-07-20 06:24:57,"ntc2_C",-2.57518356125325,944013
9,2026-07-20 06:24:57,"testSB_C",-2.74199266353907,948905
10,2026-07-20 06:24:57,"ntc1_C",-2.77952384032881,950870
10,2026-07-20 06:24:57,"ntc2_C",-2.26331360951423,928847
10,2026-07-20 06:24:57,"testSB_C",-2.74467252212833,947760
11,2026-07-20 06:24:57,"ntc1_C",-2.88529287300906,955167
11,2026-07-20 06:24:57,"ntc2_C",-2.48623899183377,939460
11,2026-07-20 06:24:57,"testSB_C",-2.63117784478754,943718
12,2026-07-20 06:24:57,"ntc1_C",-2.06110095919468,923102
12,2026-07-20 06:24:57,"ntc2_C",-2.41034691589545,935684
12,2026-07-20 06:24:57,"testSB_C",-2.56388217187128,941314
13,2026-07-20 06:24:57,"ntc1_C",-2.458380990021,940690
13,2026-07-20 06:24:57,"ntc2_C",-2.4560743378334,935787
13,2026-07-20 06:24:57,"testSB_C",-2.70366564560089,946765
14,2026-07-20 06:24:57,"ntc1_C",-2.63723159112891,943349
14,2026-07-20 06:24:57,"ntc2_C",-2.36830426820194,935393
14,2026-07-20 06:24:57,"testSB_C",-2.5378451872399,941667
15,2026-07-20 06:24:57,"ntc1_C",-2.55878128169638,939655
15,2026-07-20 06:24:57,"ntc2_C",-2.23471063261047,930515
15,2026-07-20 06:24:57,"testSB_C",-2.09795945945154,925563
16,2026-07-20 06:24:57,"ntc1_C",-2.60580555178393,942322
16,2026-07-20 06:24:57,"ntc2_C",-2.63339152973612,942781
16,2026-07-20 06:24:57,"testSB_C",-2.57952977369229,940674
17,2026-07-20 06:24:57,"ntc1_C",-2.5937780417737,941785
17,2026-07-20 06:24:57,"ntc2_C",-2.55475985886693,939951
17,2026-07-20 06:24:57,"testSB_C",-2.75411579964475,950414
18,2026-07-20 06:24:57,"ntc1_C",-2.67464381800272,947801
18,2026-07-20 06:24:57,"ntc2_C",-2.37974219945852,934295
18,2026-07-20 06:24:57,"testSB_C",-2.58494224511355,941216
19,2026-07-20 06:24:57,"ntc1_C",-2.61809674112067,945284
19,2026-07-20 06:24:57,"ntc2_C",-2.59122713164072,943252
19,2026-07-20 06:24:57,"testSB_C",-2.56198408684463,943433
20,2026-07-20 06:24:57,"ntc1_C",-2.5813779608502,942179
20,2026-07-20 06:24:57,"ntc2_C",-2.04309478169068,923443
20,2026-07-20 06:24:57,"testSB_C",-2.44993329852764,935910
21,2026-07-20 06:24:57,"ntc1_C",-2.64514759028066,943068
21,2026-07-20 06:24:57,"ntc2_C",-2.04755813345901,922635
21,2026-07-20 06:24:57,"testSB_C",-2.74591267816572,949161
22,2026-07-20 06:24:57,"ntc1_C",-2.60158175496912,943840
22,2026-07-20 06:24:57,"ntc2_C",-2.19786646627642,929652
22,2026-07-20 06:24:57,"testSB_C",-2.58552453719983,941633
23,2026-07-20 06:24:57,"ntc1_C",-2.38004758316822,937328
23,2026-07-20 06:24:57,"ntc2_C",-2.30236006327146,932061
23,2026-07-20 06:24:57,"testSB_C",-2.67078150963442,944511
24,2026-07-20 06:24:57,"ntc1_C",-2.62885818261674,944851
24,2026-07-20 06:24:57,"ntc2_C",-2.29005918889209,933448
24,2026-07-20 06:24:57,"testSB_C",-2.53033145222446,939100
1,2026-07-20 09:24:57,"ntc1_C",0.129172648553322,842968
1,2026-07-20 09:24:57,"testSB_C",0.0261013310964131,848498
2,2026-07-20 09:24:57,"ntc1_C",-0.0461175308194584,850255
2,2026-07-20 09:24:57,"ntc2_C",-0.0929615685054159,851666
2,2026-07-20 09:24:57,"testSB_C",0.0801998213369188,847880
3,2026-07-20 09:24:57,"ntc1_C",1.80976838201065,790680
3,2026-07-20 09:24:57,"ntc2_C",1.15196236787892,810864
3,2026-07-20 09:24:57,"testSB_C",0.829676946023937,821282
4,2026-07-20 09:24:57,"ntc1_C",1.60409408671768,796751
4,2026-07-20 09:24:57,"ntc2_C",1.70995570556909,791611
4,2026-07-20 09:24:57,"testSB_C",0.709123184231885,824179
5,2026-07-20 09:24:57,"ntc1_C",0.745827596861034,822914
5,2026-07-20 09:24:57,"ntc2_C",1.02329944765404,815035
5,2026-07-20 09:24:57,"testSB_C",0.748367454961681,824677
6,2026-07-20 09:24:57,"ntc1_C",0.62565671384192,827613
6,2026-07-20 09:24:57,"ntc2_C",1.03534026809496,814867
6,2026-07-20 09:24:57,"testSB_C",0.555781390055927,830994
7,2026-07-20 09:24:57,"ntc1_C",0.747679423886723,823298
7,2026-07-20 09:24:57,"ntc2_C",1.44606997263236,801916
7,2026-07-20 09:24:57,"testSB_C",0.672076250845635,827359
8,2026-07-20 09:24:57,"ntc1_C",0.587073450989919,831702
8,2026-07-20 09:24:57,"ntc2_C",0.6241925585893,827280
8,2026-07-20 09:24:57,"testSB_C",1.38831255219992,800905
9,2026-07-20 09:24:57,"ntc1_C",0.595538519878801,828070
9,2026-07-20 09:24:57,"ntc2_C",0.999911635758792,817345
9,2026-07-20 09:24:57,"testSB_C",0.659514074478182,827312
10,2026-07-20 09:24:57,"ntc1_C",0.648198534081132,828189
10,2026-07-20 09:24:57,"ntc2_C",1.28655103470561,805167
10,2026-07-20 09:24:57,"testSB_C",0.668625960452744,825922
11,2026-07-20 09:24:57,"ntc1_C",0.473445267166483,834229
11,2026-07-20 09:24:57,"ntc2_C",1.11443867276631,812657
11,2026-07-20 09:24:57,"testSB_C",0.784579349843114,822404
12,2026-07-20 09:24:57,"ntc1_C",1.54757884652065,798363
12,2026-07-20 09:24:57,"ntc2_C",1.14473510464461,810891
12,2026-07-20 09:24:57,"testSB_C",0.85211599991004,820275
13,2026-07-20 09:24:57,"ntc1_C",0.997447253716189,818421
13,2026-07-20 09:24:57,"ntc2_C",1.29041122731564,804700
13,2026-07-20 09:24:57,"testSB_C",0.787709170389405,822460
14,2026-07-20 09:24:57,"ntc1_C",0.874011935322471,818913
14,2026-07-20 09:24:57,"ntc2_C",1.30756376856647,806721
14,2026-07-20 09:24:57,"testSB_C",0.925528588218583,819018
15,2026-07-20 09:24:57,"ntc1_C",0.815172246227917,820255
15,2026-07-20 09:24:57,"ntc2_C",1.39070745374249,804132
15,2026-07-20 09:24:57,"testSB_C",1.54255017448338,799392
16,2026-07-20 09:24:57,"ntc1_C",0.744906111154705,823266
16,2026-07-20 09:24:57,"ntc2_C",0.880665275894501,818258
16,2026-07-20 09:24:57,"testSB_C",0.80898694899372,820562
17,2026-07-20 09:24:57,"ntc1_C",0.848205442817289,819776
17,2026-07-20 09:24:57,"ntc2_C",0.89747707902859,817889
17,2026-07-20 09:24:57,"testSB_C",0.60296114424284,830083
18,2026-07-20 09:24:57,"ntc1_C",0.750863806437565,825585
18,2026-07-20 09:24:57,"ntc2_C",1.04202208548446,814073
18,2026-07-20 09:24:57,"testSB_C",0.788975167801993,821503
19,2026-07-20 09:24:57,"ntc1_C",0.708260841334152,826649
19,2026-07-20 09:24:57,"ntc2_C",0.792262492346367,822975
19,2026-07-20 09:24:57,"testSB_C",0.871933194089991,821474
20,2026-07-20 09:24:57,"ntc1_C",0.738970791486508,824111
20,2026-07-20 09:24:57,"ntc2_C",1.47320550046419,801527
20,2026-07-20 09:24:57,"testSB_C",1.04730964475146,812909
21,2026-07-20 09:24:57,"ntc1_C",0.721976531197754,823468
21,2026-07-20 09:24:57,"ntc2_C",1.46550323483086,800965
21,2026-07-20 09:24:57,"testSB_C",0.576537214601103,830143
22,2026-07-20 09:24:57,"ntc1_C",0.755048439824066,824423
22,2026-07-20 09:24:57,"ntc2_C",1.44924451566641,802800
22,2026-07-20 09:24:57,"testSB_C",0.686761429599414,825312
23,2026-07-20 09:24:57,"ntc1_C",0.98488612492838,818504
23,2026-07-20 09:24:57,"ntc2_C",1.34905095045946,804632
23,2026-07-20 09:24:57,"testSB_C",0.837034498686364,820099
24,2026-07-20 09:24:57,"ntc1_C",0.833070305796298,821766
24,2026-07-20 09:24:57,"ntc2_C",1.24177861176241,809688
24,2026-07-20 09:24:57,"testSB_C",0.931977559927475,816847
1,2026-07-20 12:24:57,"ntc1_C",1.35954039379919,802335
1,2026-07-20 12:24:57,"testSB_C",1.40935311348306,802675
2,2026-07-20 12:24:57,"ntc1_C",1.26542541685365,806614
2,2026-07-20 12:24:57,"ntc2_C",1.26971348538899,806298
2,2026-07-20 12:24:57,"testSB_C",1.54398130659729,799531
3,2026-07-20 12:24:57,"ntc1_C",3.23342531336874,746945
3,2026-07-20 12:24:57,"ntc2_C",2.70930328816019,761837
3,2026-07-20 12:24:57,"testSB_C",2.34651404989859,772868
4,2026-07-20 12:24:57,"ntc1_C",2.73160231746675,761604
4,2026-07-20 12:24:57,"ntc2_C",2.7993298959978,757866
4,2026-07-20 12:24:57,"testSB_C",2.25465365742531,774691
5,2026-07-20 12:24:57,"ntc1_C",2.12078906674708,778775
5,2026-07-20 12:24:57,"ntc2_C",2.40046254492864,771307
5,2026-07-20 12:24:57,"testSB_C",2.46101913454538,769992
6,2026-07-20 12:24:57,"ntc1_C",2.11929733428684,779532
6,2026-07-20 12:24:57,"ntc2_C",2.55746003994926,766674
6,2026-07-20 12:24:57,"testSB_C",2.22265511871285,777285
7,2026-07-20 12:24:57,"ntc1_C",2.36776951722345,771540
7,2026-07-20 12:24:57,"ntc2_C",2.79089533888447,759898
7,2026-07-20 12:24:57,"testSB_C",2.49820046528441,769001
8,2026-07-20 12:24:57,"ntc1_C",2.27895204523378,777165
8,2026-07-20 12:24:57,"ntc2_C",2.28519152020277,774018
8,2026-07-20 12:24:57,"testSB_C",2.92235264026073,753247
9,2026-07-20 12:24:57,"ntc1_C",2.19214956221828,776762
9,2026-07-20 12:24:57,"ntc2_C",2.63915886190972,765406
9,2026-07-20 12:24:57,"testSB_C",2.24590601237855,776348
10,2026-07-20 12:24:57,"ntc1_C",2.25309492154304,776611
10,2026-07-20 12:24:57,"ntc2_C",2.72466552860624,760143
10,2026-07-20 12:24:57,"testSB_C",2.30368844993188,773533
11,2026-07-20 12:24:57,"ntc1_C",2.12105172775239,780924
11,2026-07-20 12:24:57,"ntc2_C",2.66252735233383,763832
11,2026-07-20 12:24:57,"testSB_C",2.31812596048104,773413
12,2026-07-20 12:24:57,"ntc1_C",2.8276178603835,758519
12,2026-07-20 12:24:57,"ntc2_C",2.6078281903998,764765
12,2026-07-20 12:24:57,"testSB_C",2.34126391833712,772769
13,2026-07-20 12:24:57,"ntc1_C",2.411073562578,773354
13,2026-07-20 12:24:57,"ntc2_C",2.88086255043766,755064
13,2026-07-20 12:24:57,"testSB_C",2.53183179825788,766938
14,2026-07-20 12:24:57,"ntc1_C",2.50343380666897,767178
14,2026-07-20 12:24:57,"ntc2_C",2.87597652785337,757649
14,2026-07-20 12:24:57,"testSB_C",2.50679165951925,768749
15,2026-07-20 12:24:57,"ntc1_C",2.40273636447677,769726
15,2026-07-20 12:24:57,"ntc2_C",2.71578835126928,762590
15,2026-07-20 12:24:57,"testSB_C",2.76447207165819,761236
16,2026-07-20 12:24:57,"ntc1_C",2.21848686467644,776041
16,2026-07-20 12:24:57,"ntc2_C",2.53355994414937,765818
16,2026-07-20 12:24:57,"testSB_C",2.33862618569003,771758
17,2026-07-20 12:24:57,"ntc1_C",2.46723978823297,768271
17,2026-07-20 12:24:57,"ntc2_C",2.45904413978872,768287
17,2026-07-20 12:24:57,"testSB_C",2.20709786236074,778366
18,2026-07-20 12:24:57,"ntc1_C",2.40840110554251,772531
18,2026-07-20 12:24:57,"ntc2_C",2.41167064674471,770637
18,2026-07-20 12:24:57,"testSB_C",2.29947636374646,773225
19,2026-07-20 12:24:57,"ntc1_C",2.31252778188377,775154
19,2026-07-20 12:24:57,"ntc2_C",2.34246393819546,773385
19,2026-07-20 12:24:57,"testSB_C",2.47620749816099,770317
20,2026-07-20 12:24:57,"ntc1_C",2.36185406152271,772189
20,2026-07-20 12:24:57,"ntc2_C",2.74266295703603,761802
20,2026-07-20 12:24:57,"testSB_C",2.67722370647664,761540
21,2026-07-20 12:24:57,"ntc1_C",2.33044060383378,772097
21,2026-07-20 12:24:57,"ntc2_C",2.65826116674111,763618
21,2026-07-20 12:24:57,"testSB_C",2.15466602625679,779234
22,2026-07-20 12:24:57,"ntc1_C",2.24526764841539,776630
22,2026-07-20 12:24:57,"ntc2_C",2.83671042255207,759480
22,2026-07-20 12:24:57,"testSB_C",2.09669457313839,779973
23,2026-07-20 12:24:57,"ntc1_C",2.26154513292545,777684
23,2026-07-20 12:24:57,"ntc2_C",2.70618512713207,762091
23,2026-07-20 12:24:57,"testSB_C",2.28895054516732,773792
24,2026-07-20 12:24:57,"ntc1_C",2.33433107276767,773767
24,2026-07-20 12:24:57,"ntc2_C",2.45570192510979,771263
24,2026-07-20 12:24:57,"testSB_C",2.23714602755814,775234
1,2026-07-20 15:24:57,"ntc1_C",2.46447943219141,767617
1,2026-07-20 15:24:57,"testSB_C",2.41545121669128,771002
2,2026-07-20 15:24:57,"ntc1_C",2.31043007268312,773545
2,2026-07-20 15:24:57,"ntc2_C",2.47028042626471,768451
2,2026-07-20 15:24:57,"testSB_C",2.40170405131749,772568
3,2026-07-20 15:24:57,"ntc1_C",4.03678802873861,723411
3,2026-07-20 15:24:57,"ntc2_C",3.61249891481106,734858
3,2026-07-20 15:24:57,"testSB_C",3.60217766709502,735089
4,2026-07-20 15:24:57,"ntc1_C",3.76874961536748,730731
4,2026-07-20 15:24:57,"ntc2_C",3.83063174003149,727331
4,2026-07-20 15:24:57,"testSB_C",3.4703340501523,737990
5,2026-07-20 15:24:57,"ntc1_C",3.45239870092456,738423
5,2026-07-20 15:24:57,"ntc2_C",3.45975070565788,739375
5,2026-07-20 15:24:57,"testSB_C",3.5180061724696,738180
6,2026-07-20 15:24:57,"ntc1_C",3.30275638419926,743548
6,2026-07-20 15:24:57,"ntc2_C",3.43897800188284,740160
6,2026-07-20 15:24:57,"testSB_C",3.33882045338521,743393
7,2026-07-20 15:24:57,"ntc1_C",3.48899578540414,737755
7,2026-07-20 15:24:57,"ntc2_C",3.61270133235672,735382
7,2026-07-20 15:24:57,"testSB_C",3.36119477524295,742962
8,2026-07-20 15:24:57,"ntc1_C",3.27766302527021,746770
8,2026-07-20 15:24:57,"ntc2_C",3.38285649413757,740834
8,2026-07-20 15:24:57,"testSB_C",3.67308024140999,731036
9,2026-07-20 15:24:57,"ntc1_C",3.31856683266511,742608
9,2026-07-20 15:24:57,"ntc2_C",3.55134757166275,738038
9,2026-07-20 15:24:57,"testSB_C",3.35822854632363,742615
10,2026-07-20 15:24:57,"ntc1_C",3.35831948300233,743087
10,2026-07-20 15:24:57,"ntc2_C",3.52736112394763,736187
10,2026-07-20 15:24:57,"testSB_C",3.33067525112881,742445
11,2026-07-20 15:24:57,"ntc1_C",3.23617414451104,746911
11,2026-07-20 15:24:57,"ntc2_C",3.54804613020679,737318
11,2026-07-20 15:24:57,"testSB_C",3.45836854372158,739006
12,2026-07-20 15:24:57,"ntc1_C",3.67032339420058,733449
12,2026-07-20 15:24:57,"ntc2_C",3.5555990895167,736383
12,2026-07-20 15:24:57,"testSB_C",3.41813266657823,740245
13,2026-07-20 15:24:57,"ntc1_C",3.50913570391361,740171
13,2026-07-20 15:24:57,"ntc2_C",3.72332177279407,730103
13,2026-07-20 15:24:57,"testSB_C",3.53901170729819,736704
14,2026-07-20 15:24:57,"ntc1_C",3.61948853420199,733757
14,2026-07-20 15:24:57,"ntc2_C",3.63683476506452,734998
14,2026-07-20 15:24:57,"testSB_C",3.51066211741966,738548
15,2026-07-20 15:24:57,"ntc1_C",3.43163192984531,738755
15,2026-07-20 15:24:57,"ntc2_C",3.68754450751624,733581
15,2026-07-20 15:24:57,"testSB_C",3.68785542957039,733691
16,2026-07-20 15:24:57,"ntc1_C",3.40288173191993,740174
16,2026-07-20 15:24:57,"ntc2_C",3.51699631090247,736325
16,2026-07-20 15:24:57,"testSB_C",3.48651132371759,737167
17,2026-07-20 15:24:57,"ntc1_C",3.57039215808373,735156
17,2026-07-20 15:24:57,"ntc2_C",3.53328674284558,736028
17,2026-07-20 15:24:57,"testSB_C",3.39894202697252,742163
18,2026-07-20 15:24:57,"ntc1_C",3.55211952939533,738044
18,2026-07-20 15:24:57,"ntc2_C",3.47627012856577,738580
18,2026-07-20 15:24:57,"testSB_C",3.51574482562302,736546
19,2026-07-20 15:24:57,"ntc1_C",3.55211639575373,737704
19,2026-07-20 15:24:57,"ntc2_C",3.45270720803325,739827
19,2026-07-20 15:24:57,"testSB_C",3.56407128382818,737563
20,2026-07-20 15:24:57,"ntc1_C",3.68302555111728,732490
20,2026-07-20 15:24:57,"ntc2_C",3.81631935879597,729840
20,2026-07-20 15:24:57,"testSB_C",3.92164392443448,724652
21,2026-07-20 15:24:57,"ntc1_C",3.63805132310728,732849
21,2026-07-20 15:24:57,"ntc2_C",3.76566180851688,730601
21,2026-07-20 15:24:57,"testSB_C",3.3760127344155,742117
22,2026-07-20 15:24:57,"ntc1_C",3.62358623195598,735047
22,2026-07-20 15:24:57,"ntc2_C",3.8069863098321,730672
22,2026-07-20 15:24:57,"testSB_C",3.41036930533875,740112
23,2026-07-20 15:24:57,"ntc1_C",3.52047682407783,739545
23,2026-07-20 15:24:57,"ntc2_C",3.70732700437577,732248
23,2026-07-20 15:24:57,"testSB_C",3.38974560376778,740544
24,2026-07-20 15:24:57,"ntc1_C",3.50599894533929,738380
24,2026-07-20 15:24:57,"ntc2_C",3.52989724237159,738878
24,2026-07-20 15:24:57,"testSB_C",3.38583411931728,740475
1,2026-07-20 18:24:57,"ntc1_C",1.23418742969449,806378
1,2026-07-20 18:24:57,"testSB_C",1.19140581981884,809717
2,2026-07-20 18:24:57,"ntc1_C",1.23598879982126,807567
2,2026-07-20 18:24:57,"ntc2_C",1.51254430330988,798486
2,2026-07-20 18:24:57,"testSB_C",1.33527548887679,806242
3,2026-07-20 18:24:57,"ntc1_C",2.45342894017358,770578
3,2026-07-20 18:24:57,"ntc2_C",2.47412213335957,769034
3,2026-07-20 18:24:57,"testSB_C",2.58557007923639,765519
4,2026-07-20 18:24:57,"ntc1_C",2.39744644350088,771845
4,2026-07-20 18:24:57,"ntc2_C",2.45250586653509,768440
4,2026-07-20 18:24:57,"testSB_C",2.52425578158415,766387
5,2026-07-20 18:24:57,"ntc1_C",2.44644621865905,768694
5,2026-07-20 18:24:57,"ntc2_C",2.3402094175346,773167
5,2026-07-20 18:24:57,"testSB_C",2.4986389635456,768835
6,2026-07-20 18:24:57,"ntc1_C",2.35681237961222,772164
6,2026-07-20 18:24:57,"ntc2_C",2.34563605505133,773195
6,2026-07-20 18:24:57,"testSB_C",2.44842471588254,770299
7,2026-07-20 18:24:57,"ntc1_C",2.54103774482707,766213
7,2026-07-20 18:24:57,"ntc2_C",2.32118189126038,774301
7,2026-07-20 18:24:57,"testSB_C",2.46860725558366,769911
8,2026-07-20 18:24:57,"ntc1_C",2.42169699833295,772741
8,2026-07-20 18:24:57,"ntc2_C",2.53868494235326,766216
8,2026-07-20 18:24:57,"testSB_C",2.42770809069333,768275
9,2026-07-20 18:24:57,"ntc1_C",2.46580680008611,768313
9,2026-07-20 18:24:57,"ntc2_C",2.48043048923171,770278
9,2026-07-20 18:24:57,"testSB_C",2.40355974299285,771469
10,2026-07-20 18:24:57,"ntc1_C",2.41541504080175,771588
10,2026-07-20 18:24:57,"ntc2_C",2.33086218018599,772199
10,2026-07-20 18:24:57,"testSB_C",2.30249255105133,773570
11,2026-07-20 18:24:57,"ntc1_C",2.32364134318726,774624
11,2026-07-20 18:24:57,"ntc2_C",2.36478777946274,772974
11,2026-07-20 18:24:57,"testSB_C",2.38664098713485,771298
12,2026-07-20 18:24:57,"ntc1_C",2.25376961264845,776113
12,2026-07-20 18:24:57,"ntc2_C",2.37928944271277,771782
12,2026-07-20 18:24:57,"testSB_C",2.27811386352414,774723
13,2026-07-20 18:24:57,"ntc1_C",2.26388584346148,777921
13,2026-07-20 18:24:57,"ntc2_C",2.43797262391422,768550
13,2026-07-20 18:24:57,"testSB_C",2.40730437909133,770767
14,2026-07-20 18:24:57,"ntc1_C",2.52594755475354,766488
14,2026-07-20 18:24:57,"ntc2_C",2.35229317024005,773671
14,2026-07-20 18:24:57,"testSB_C",2.36431345615154,773141
15,2026-07-20 18:24:57,"ntc1_C",2.34358808320906,771548
15,2026-07-20 18:24:57,"ntc2_C",2.38179362718921,772841
15,2026-07-20 18:24:57,"testSB_C",2.26294564906658,776657
16,2026-07-20 18:24:57,"ntc1_C",2.30501406959735,773359
16,2026-07-20 18:24:57,"ntc2_C",2.39115664605498,770192
16,2026-07-20 18:24:57,"testSB_C",2.3421565242046,771649
17,2026-07-20 18:24:57,"ntc1_C",2.42165927215808,769673
17,2026-07-20 18:24:57,"ntc2_C",2.36600266816993,771151
17,2026-07-20 18:24:57,"testSB_C",2.33875574031481,774276
18,2026-07-20 18:24:57,"ntc1_C",2.41076422112974,772458
18,2026-07-20 18:24:57,"ntc2_C",2.17139924933537,778075
18,2026-07-20 18:24:57,"testSB_C",2.28012735935204,773824
19,2026-07-20 18:24:57,"ntc1_C",2.36071397873729,773661
19,2026-07-20 18:24:57,"ntc2_C",2.2224318029194,777109
19,2026-07-20 18:24:57,"testSB_C",2.31062066013783,775437
20,2026-07-20 18:24:57,"ntc1_C",2.48033437302308,768537
20,2026-07-20 18:24:57,"ntc2_C",2.24635112661576,777078
20,2026-07-20 18:24:57,"testSB_C",2.56646323122112,764919
21,2026-07-20 18:24:57,"ntc1_C",2.46137089833962,768068
21,2026-07-20 18:24:57,"ntc2_C",2.21336921748355,777327
21,2026-07-20 18:24:57,"testSB_C",2.26203706865442,775893
22,2026-07-20 18:24:57,"ntc1_C",2.45782209215054,770057
22,2026-07-20 18:24:57,"ntc2_C",2.37895975874056,773490
22,2026-07-20 18:24:57,"testSB_C",2.24659226005559,775311
23,2026-07-20 18:24:57,"ntc1_C",2.21521247079892,779127
23,2026-07-20 18:24:57,"ntc2_C",2.31454875972719,774116
23,2026-07-20 18:24:57,"testSB_C",2.190604836239,776839
24,2026-07-20 18:24:57,"ntc1_C",2.38431652992051,772221
24,2026-07-20 18:24:57,"ntc2_C",2.24416088195801,777817
24,2026-07-20 18:24:57,"testSB_C",2.28602636711958,773720
1,2026-07-20 21:24:57,"ntc1_C",-1.40434755143662,896685
1,2026-07-20 21:24:57,"testSB_C",-1.53038149373049,903389
2,2026-07-20 21:24:57,"ntc1_C",-1.30196723627546,894387
2,2026-07-20 21:24:57,"ntc2_C",-1.03178931784259,884488
2,2026-07-20 21:24:57,"testSB_C",-1.3243076025588,897185
3,2026-07-20 21:24:57,"ntc1_C",0.143049342759809,845365
3,2026-07-20 21:24:57,"ntc2_C",0.16012761323492,843825
3,2026-07-20 21:24:57,"testSB_C",0.338911061197052,837627
4,2026-07-20 21:24:57,"ntc1_C",0.189832908243659,843290
4,2026-07-20 21:24:57,"ntc2_C",0.214612668628263,840555
4,2026-07-20 21:24:57,"testSB_C",0.320212812924467,837153
5,2026-07-20 21:24:57,"ntc1_C",0.247056440649146,839575
5,2026-07-20 21:24:57,"ntc2_C",0.17869807921744,843149
5,2026-07-20 21:24:57,"testSB_C",0.236199618559738,841820
6,2026-07-20 21:24:57,"ntc1_C",0.193489019022479,842104
6,2026-07-20 21:24:57,"ntc2_C",0.130573917167567,845029
6,2026-07-20 21:24:57,"testSB_C",0.147213603605621,844750
7,2026-07-20 21:24:57,"ntc1_C",0.381545619892449,835498
7,2026-07-20 21:24:57,"ntc2_C",0.10188399928785,846389
7,2026-07-20 21:24:57,"testSB_C",0.187716981780284,843614
8,2026-07-20 21:24:57,"ntc1_C",0.20324315565756,844631
8,2026-07-20 21:24:57,"ntc2_C",0.329340603399999,837135
8,2026-07-20 21:24:57,"testSB_C",0.14984247955806,841719
9,2026-07-20 21:24:57,"ntc1_C",0.238346394280825,840034
9,2026-07-20 21:24:57,"ntc2_C",0.217828130014141,843433
9,2026-07-20 21:24:57,"testSB_C",0.16670379140777,843858
10,2026-07-20 21:24:57,"ntc1_C",0.20276668927994,843140
10,2026-07-20 21:24:57,"ntc2_C",0.106383430310245,844232
10,2026-07-20 21:24:57,"testSB_C",0.0144554618701136,847925
11,2026-07-20 21:24:57,"ntc1_C",0.100775075872946,846813
11,2026-07-20 21:24:57,"ntc2_C",0.122095747714241,845690
11,2026-07-20 21:24:57,"testSB_C",0.135425520842489,844125
12,2026-07-20 21:24:57,"ntc1_C",-0.0313661983885254,850597
12,2026-07-20 21:24:57,"ntc2_C",0.167193747948772,843349
12,2026-07-20 21:24:57,"testSB_C",0.00217443380978466,848770
13,2026-07-20 21:24:57,"ntc1_C",0.00522219642761002,851711
13,2026-07-20 21:24:57,"ntc2_C",0.125991451902166,843231
13,2026-07-20 21:24:57,"testSB_C",0.172591589357864,843045
14,2026-07-20 21:24:57,"ntc1_C",0.234849706580917,840206
14,2026-07-20 21:24:57,"ntc2_C",0.0544693332456063,848349
14,2026-07-20 21:24:57,"testSB_C",0.0790320058213183,847351
15,2026-07-20 21:24:57,"ntc1_C",0.0993528439980196,844178
15,2026-07-20 21:24:57,"ntc2_C",0.16633425927165,844656
15,2026-07-20 21:24:57,"testSB_C",-0.00986510349861192,850819
16,2026-07-20 21:24:57,"ntc1_C",0.110585070449019,844524
16,2026-07-20 21:24:57,"ntc2_C",0.108537709440668,844048
16,2026-07-20 21:24:57,"testSB_C",0.0176523405897342,847085
17,2026-07-20 21:24:57,"ntc1_C",0.0635082830731335,846044
17,2026-07-20 21:24:57,"ntc2_C",0.0583154688376908,845936
17,2026-07-20 21:24:57,"testSB_C",0.0303704096488104,849414
18,2026-07-20 21:24:57,"ntc1_C",0.0665460577705517,848602
18,2026-07-20 21:24:57,"ntc2_C",-0.0631214400261797,851011
18,2026-07-20 21:24:57,"testSB_C",-0.055236205832216,849868
19,2026-07-20 21:24:57,"ntc1_C",0.0121956399714236,850108
19,2026-07-20 21:24:57,"ntc2_C",-0.114242261367679,853525
19,2026-07-20 21:24:57,"testSB_C",-0.0331620291220815,851914
20,2026-07-20 21:24:57,"ntc1_C",0.0280652882030381,848009
20,2026-07-20 21:24:57,"ntc2_C",-0.113525677816483,854294
20,2026-07-20 21:24:57,"testSB_C",0.0449313558327162,846316
21,2026-07-20 21:24:57,"ntc1_C",0.0353498099710237,846490
21,2026-07-20 21:24:57,"ntc2_C",-0.136712737718824,854210
21,2026-07-20 21:24:57,"testSB_C",-0.121395971745471,853771
22,2026-07-20 21:24:57,"ntc1_C",0.0368729902104974,848561
22,2026-07-20 21:24:57,"ntc2_C",-0.00478792686243423,851030
22,2026-07-20 21:24:57,"testSB_C",-0.0606117706876717,850472
23,2026-07-20 21:24:57,"ntc1_C",-0.109189398515923,855293
23,2026-07-20 21:24:57,"ntc2_C",-0.0994763550497737,852832
23,2026-07-20 21:24:57,"testSB_C",-0.192893398536796,854726
24,2026-07-20 21:24:57,"ntc1_C",-0.0375885109818341,851040
24,2026-07-20 21:24:57,"ntc2_C",-0.0800241110175648,853847
24,2026-07-20 21:24:57,"testSB_C",-0.0850452699453967,850913
1,2026-07-21 00:24:57,"ntc1_C",-3.45044783030312,974028
1,2026-07-21 00:24:57,"testSB_C",-3.4587613603104,976622
2,2026-07-21 00:24:57,"ntc1_C",-3.44992443375645,975539
2,2026-07-21 00:24:57,"ntc2_C",-3.44958158798806,975288
2,2026-07-21 00:24:57,"testSB_C",-3.43187669556312,976902
3,2026-07-21 00:24:57,"ntc1_C",-3.41313080082068,975819
3,2026-07-21 00:24:57,"ntc2_C",-3.41420331539678,974814
3,2026-07-21 00:24:57,"testSB_C",-3.41186828396212,974455
4,2026-07-21 00:24:57,"ntc1_C",-3.39357433156437,974518
4,2026-07-21 00:24:57,"ntc2_C",-3.3873113502645,972033
4,2026-07-21 00:24:57,"testSB_C",-3.40324521594619,972838
5,2026-07-21 00:24:57,"ntc1_C",-3.39923191817383,972715
5,2026-07-21 00:24:57,"ntc2_C",-3.38470084505133,973518
5,2026-07-21 00:24:57,"testSB_C",-3.39420360633278,974635
6,2026-07-21 00:24:57,"ntc1_C",-3.39493896205295,973266
6,2026-07-21 00:24:57,"ntc2_C",-3.38762927182853,973977
6,2026-07-21 00:24:57,"testSB_C",-3.39754532655166,974661
7,2026-07-21 00:24:57,"ntc1_C",-3.3810528348036,972507
7,2026-07-21 00:24:57,"ntc2_C",-3.361650665333,973401
7,2026-07-21 00:24:57,"testSB_C",-3.37858710890634,974167
8,2026-07-21 00:24:57,"ntc1_C",-3.37944843437293,976043
8,2026-07-21 00:24:57,"ntc2_C",-3.38109898359534,972307
8,2026-07-21 00:24:57,"testSB_C",-3.35648387814888,969634
9,2026-07-21 00:24:57,"ntc1_C",-3.3642321875443,971417
9,2026-07-21 00:24:57,"ntc2_C",-3.36432082071366,974658
9,2026-07-21 00:24:57,"testSB_C",-3.36841824154953,973275
10,2026-07-21 00:24:57,"ntc1_C",-3.36810632893861,973788
10,2026-07-21 00:24:57,"ntc2_C",-3.34367627864117,970338
10,2026-07-21 00:24:57,"testSB_C",-3.36364881388835,971806
11,2026-07-21 00:24:57,"ntc1_C",-3.3631802453242,973816
11,2026-07-21 00:24:57,"ntc2_C",-3.34663046503681,972736
11,2026-07-21 00:24:57,"testSB_C",-3.35199348836034,971642
12,2026-07-21 00:24:57,"ntc1_C",-3.33406376316992,971861
12,2026-07-21 00:24:57,"ntc2_C",-3.34639833091393,971792
12,2026-07-21 00:24:57,"testSB_C",-3.35038432712685,971754
13,2026-07-21 00:24:57,"ntc1_C",-3.34959428282775,975234
13,2026-07-21 00:24:57,"ntc2_C",-3.33979926973785,969864
13,2026-07-21 00:24:57,"testSB_C",-3.34558111578951,971689
14,2026-07-21 00:24:57,"ntc1_C",-3.34351338406179,970694
14,2026-07-21 00:24:57,"ntc2_C",-3.33245047206327,972594
14,2026-07-21 00:24:57,"testSB_C",-3.3404594713449,972753
15,2026-07-21 00:24:57,"ntc1_C",-3.33521408838692,969633
15,2026-07-21 00:24:57,"ntc2_C",-3.32021435918591,972294
15,2026-07-21 00:24:57,"testSB_C",-3.32088633547068,972509
16,2026-07-21 00:24:57,"ntc1_C",-3.33052700795076,970373
16,2026-07-21 00:24:57,"ntc2_C",-3.3327991880372,969857
16,2026-07-21 00:24:57,"testSB_C",-3.3259984144787,969535
17,2026-07-21 00:24:57,"ntc1_C",-3.32721911981781,970164
17,2026-07-21 00:24:57,"ntc2_C",-3.32373290565346,969657
17,2026-07-21 00:24:57,"testSB_C",-3.33352583366542,972969
18,2026-07-21 00:24:57,"ntc1_C",-3.33068536489264,973298
18,2026-07-21 00:24:57,"ntc2_C",-3.31565749735194,970327
18,2026-07-21 00:24:57,"testSB_C",-3.32841210810028,969978
19,2026-07-21 00:24:57,"ntc1_C",-3.32805397222432,972843
19,2026-07-21 00:24:57,"ntc2_C",-3.31825141261493,971425
19,2026-07-21 00:24:57,"testSB_C",-3.31992146172803,972828
20,2026-07-21 00:24:57,"ntc1_C",-3.3220570259046,970861
20,2026-07-21 00:24:57,"ntc2_C",-3.30193624128322,971700
20,2026-07-21 00:24:57,"testSB_C",-3.30678525322548,968932
21,2026-07-21 00:24:57,"ntc1_C",-3.32337479394573,969292
21,2026-07-21 00:24:57,"ntc2_C",-3.29989675867876,970580
21,2026-07-21 00:24:57,"testSB_C",-3.32476552634296,971666
22,2026-07-21 00:24:57,"ntc1_C",-3.31829753697673,971616
22,2026-07-21 00:24:57,"ntc2_C",-3.30142719245504,972067
22,2026-07-21 00:24:57,"testSB_C",-3.311670189452,969709
23,2026-07-21 00:24:57,"ntc1_C",-3.30623029959423,973118
23,2026-07-21 00:24:57,"ntc2_C",-3.2985518528958,970392
23,2026-07-21 00:24:57,"testSB_C",-3.31935484638404,969610
24,2026-07-21 00:24:57,"ntc1_C",-3.31016522666891,971274
24,2026-07-21 00:24:57,"ntc2_C",-3.29069746538437,972014
24,2026-07-21 00:24:57,"testSB_C",-3.29983012772823,968795
1,2026-07-21 03:24:57,"ntc1_C",-2.92727011538983,953609
1,2026-07-21 03:24:57,"testSB_C",-2.92944053443057,955921
2,2026-07-21 03:24:57,"ntc1_C",-2.92269775428673,954931
2,2026-07-21 03:24:57,"ntc2_C",-2.92487194702449,954785
2,2026-07-21 03:24:57,"testSB_C",-2.90706549754702,956382
3,2026-07-21 03:24:57,"ntc1_C",-2.91126812645132,956197
3,2026-07-21 03:24:57,"ntc2_C",-2.91767311257053,955410
3,2026-07-21 03:24:57,"testSB_C",-2.91442651750833,955034
4,2026-07-21 03:24:57,"ntc1_C",-2.90113282800655,955282
4,2026-07-21 03:24:57,"ntc2_C",-2.89964131420112,953036
4,2026-07-21 03:24:57,"testSB_C",-2.92069759067203,954023
5,2026-07-21 03:24:57,"ntc1_C",-2.91309250860678,953753
5,2026-07-21 03:24:57,"ntc2_C",-2.89924318480269,954578
5,2026-07-21 03:24:57,"testSB_C",-2.90017013803924,955338
6,2026-07-21 03:24:57,"ntc1_C",-2.90764761266109,954264
6,2026-07-21 03:24:57,"ntc2_C",-2.89944497609054,954915
6,2026-07-21 03:24:57,"testSB_C",-2.9091314350934,955582
7,2026-07-21 03:24:57,"ntc1_C",-2.89642625094058,953610
7,2026-07-21 03:24:57,"ntc2_C",-2.88402408865284,954758
7,2026-07-21 03:24:57,"testSB_C",-2.89844073232615,955420
8,2026-07-21 03:24:57,"ntc1_C",-2.91333994433228,957796
8,2026-07-21 03:24:57,"ntc2_C",-2.89647089896943,953421
8,2026-07-21 03:24:57,"testSB_C",-2.88445414732297,951286
9,2026-07-21 03:24:57,"ntc1_C",-2.8874623307247,952856
9,2026-07-21 03:24:57,"ntc2_C",-2.88116610350488,955774
9,2026-07-21 03:24:57,"testSB_C",-2.8960877584683,954840
10,2026-07-21 03:24:57,"ntc1_C",-2.88918984407513,955097
10,2026-07-21 03:24:57,"ntc2_C",-2.87239438799259,952005
10,2026-07-21 03:24:57,"testSB_C",-2.90683656309932,953999
11,2026-07-21 03:24:57,"ntc1_C",-2.88648360008364,955213
11,2026-07-21 03:24:57,"ntc2_C",-2.87596977236609,954383
11,2026-07-21 03:24:57,"testSB_C",-2.88660948508112,953516
12,2026-07-21 03:24:57,"ntc1_C",-2.87609404547874,954016
12,2026-07-21 03:24:57,"ntc2_C",-2.88090489260372,953657
12,2026-07-21 03:24:57,"testSB_C",-2.89564988131508,954031
13,2026-07-21 03:24:57,"ntc1_C",-2.88015212645143,956876
13,2026-07-21 03:24:57,"ntc2_C",-2.86707390122604,951477
13,2026-07-21 03:24:57,"testSB_C",-2.87462531025403,953337
14,2026-07-21 03:24:57,"ntc1_C",-2.87410100467798,952429
14,2026-07-21 03:24:57,"ntc2_C",-2.86299698720876,954291
14,2026-07-21 03:24:57,"testSB_C",-2.87699522816644,954674
15,2026-07-21 03:24:57,"ntc1_C",-2.86838634393837,951491
15,2026-07-21 03:24:57,"ntc2_C",-2.86298638502234,954462
15,2026-07-21 03:24:57,"testSB_C",-2.8660138214787,954763
16,2026-07-21 03:24:57,"ntc1_C",-2.88542051401782,953043
16,2026-07-21 03:24:57,"ntc2_C",-2.8718108719396,951921
16,2026-07-21 03:24:57,"testSB_C",-2.87165230296068,951860
17,2026-07-21 03:24:57,"ntc1_C",-2.87498910931919,952562
17,2026-07-21 03:24:57,"ntc2_C",-2.86487618133009,951815
17,2026-07-21 03:24:57,"testSB_C",-2.87256139169671,954980
18,2026-07-21 03:24:57,"ntc1_C",-2.87117043954692,955365
18,2026-07-21 03:24:57,"ntc2_C",-2.86195874579386,952682
18,2026-07-21 03:24:57,"testSB_C",-2.87293129697173,952250
19,2026-07-21 03:24:57,"ntc1_C",-2.88438691941849,955524
19,2026-07-21 03:24:57,"ntc2_C",-2.86283729636455,953676
19,2026-07-21 03:24:57,"testSB_C",-2.86836492339967,955202
20,2026-07-21 03:24:57,"ntc1_C",-2.87306089949374,953367
20,2026-07-21 03:24:57,"ntc2_C",-2.85890823129154,954423
20,2026-07-21 03:24:57,"testSB_C",-2.86222927561721,951650
21,2026-07-21 03:24:57,"ntc1_C",-2.87481070087983,951864
21,2026-07-21 03:24:57,"ntc2_C",-2.86182106783684,953519
21,2026-07-21 03:24:57,"testSB_C",-2.87577394178669,954162
22,2026-07-21 03:24:57,"ntc1_C",-2.87720259889255,954422
22,2026-07-21 03:24:57,"ntc2_C",-2.86067819896903,954889
22,2026-07-21 03:24:57,"testSB_C",-2.87025001757769,952539
23,2026-07-21 03:24:57,"ntc1_C",-2.86970620185895,956075
23,2026-07-21 03:24:57,"ntc2_C",-2.86177858410235,953387
23,2026-07-21 03:24:57,"testSB_C",-2.87373025984209,952291
24,2026-07-21 03:24:57,"ntc1_C",-2.8687246457776,954067
24,2026-07-21 03:24:57,"ntc2_C",-2.85694476489493,955096
24,2026-07-21 03:24:57,"testSB_C",-2.86057935673819,951726
1,2026-07-21 06:24:57,"ntc1_C",-1.4708317908208,899094
1,2026-07-21 06:24:57,"testSB_C",-1.43354391865211,899867
2,2026-07-21 06:24:57,"ntc1_C",-1.45011426977283,899750
2,2026-07-21 06:24:57,"ntc2_C",-1.42765859858105,898725
2,2026-07-21 06:24:57,"testSB_C",-1.44261784314705,901474
3,2026-07-21 06:24:57,"ntc1_C",-1.36497828119786,898294
3,2026-07-21 06:24:57,"ntc2_C",-1.36755554646879,897391
3,2026-07-21 06:24:57,"testSB_C",-1.34779412195581,896474
4,2026-07-21 06:24:57,"ntc1_C",-1.34109021788146,896924
4,2026-07-21 06:24:57,"ntc2_C",-1.34260905405944,894942
4,2026-07-21 06:24:57,"testSB_C",-1.33936740737676,894991
5,2026-07-21 06:24:57,"ntc1_C",-1.35103242325533,895401
5,2026-07-21 06:24:57,"ntc2_C",-1.34882241354455,896631
5,2026-07-21 06:24:57,"testSB_C",-1.34355738782887,897110
6,2026-07-21 06:24:57,"ntc1_C",-1.34791432663616,896010
6,2026-07-21 06:24:57,"ntc2_C",-1.37144952442179,897736
6,2026-07-21 06:24:57,"testSB_C",-1.35212933082795,897327
7,2026-07-21 06:24:57,"ntc1_C",-1.32900478023862,895081
7,2026-07-21 06:24:57,"ntc2_C",-1.34886395032976,897328
7,2026-07-21 06:24:57,"testSB_C",-1.34108056881854,897171
8,2026-07-21 06:24:57,"ntc1_C",-1.34438289932501,898956
8,2026-07-21 06:24:57,"ntc2_C",-1.33734885878886,895227
8,2026-07-21 06:24:57,"testSB_C",-1.33384611674296,893532
9,2026-07-21 06:24:57,"ntc1_C",-1.32982257614026,894764
9,2026-07-21 06:24:57,"ntc2_C",-1.33338441419659,897818
9,2026-07-21 06:24:57,"testSB_C",-1.33647462624253,896524
10,2026-07-21 06:24:57,"ntc1_C",-1.33494011627124,896984
10,2026-07-21 06:24:57,"ntc2_C",-1.33633787208674,894730
10,2026-07-21 06:24:57,"testSB_C",-1.3401895497027,895481
11,2026-07-21 06:24:57,"ntc1_C",-1.32556619411082,896860
11,2026-07-21 06:24:57,"ntc2_C",-1.32444780743054,896409
11,2026-07-21 06:24:57,"testSB_C",-1.30888921073074,894658
12,2026-07-21 06:24:57,"ntc1_C",-1.32502489420699,896084
12,2026-07-21 06:24:57,"ntc2_C",-1.31539589441167,895223
12,2026-07-21 06:24:57,"testSB_C",-1.33448348073085,895718
13,2026-07-21 06:24:57,"ntc1_C",-1.3161531405882,898279
13,2026-07-21 06:24:57,"ntc2_C",-1.31016097624342,893457
13,2026-07-21 06:24:57,"testSB_C",-1.30443568868179,894727
14,2026-07-21 06:24:57,"ntc1_C",-1.30353495815092,893889
14,2026-07-21 06:24:57,"ntc2_C",-1.3115803822098,896326
14,2026-07-21 06:24:57,"testSB_C",-1.29777237505652,895667
15,2026-07-21 06:24:57,"ntc1_C",-1.31452849561276,893622
15,2026-07-21 06:24:57,"ntc2_C",-1.2952399212059,895875
15,2026-07-21 06:24:57,"testSB_C",-1.29663856144697,896094
16,2026-07-21 06:24:57,"ntc1_C",-1.31009476169152,894266
16,2026-07-21 06:24:57,"ntc2_C",-1.31347855508398,893818
16,2026-07-21 06:24:57,"testSB_C",-1.30413048954438,893426
17,2026-07-21 06:24:57,"ntc1_C",-1.30227869306043,893905
17,2026-07-21 06:24:57,"ntc2_C",-1.30198992706397,893578
17,2026-07-21 06:24:57,"testSB_C",-1.30833758341322,896486
18,2026-07-21 06:24:57,"ntc1_C",-1.30756798914837,896889
18,2026-07-21 06:24:57,"ntc2_C",-1.32130476430336,895228
18,2026-07-21 06:24:57,"testSB_C",-1.30318573714442,893707
19,2026-07-21 06:24:57,"ntc1_C",-1.30901663749779,896589
19,2026-07-21 06:24:57,"ntc2_C",-1.32892220009671,896349
19,2026-07-21 06:24:57,"testSB_C",-1.31822191436777,897194
20,2026-07-21 06:24:57,"ntc1_C",-1.30108112643046,894673
20,2026-07-21 06:24:57,"ntc2_C",-1.31920988535012,896836
20,2026-07-21 06:24:57,"testSB_C",-1.28910152947566,893042
21,2026-07-21 06:24:57,"ntc1_C",-1.31134864199561,893640
21,2026-07-21 06:24:57,"ntc2_C",-1.32303608187459,896036
21,2026-07-21 06:24:57,"testSB_C",-1.31482341057915,895833
22,2026-07-21 06:24:57,"ntc1_C",-1.31515921697547,896052
22,2026-07-21 06:24:57,"ntc2_C",-1.33297909252212,897769
22,2026-07-21 06:24:57,"testSB_C",-1.32899290291658,895045
23,2026-07-21 06:24:57,"ntc1_C",-1.34066611047712,898799
23,2026-07-21 06:24:57,"ntc2_C",-1.3460211751061,896754
23,2026-07-21 06:24:57,"testSB_C",-1.35484002592074,895655
24,2026-07-21 06:24:57,"ntc1_C",-1.33794277836427,896828
24,2026-07-21 06:24:57,"ntc2_C",-1.33810504238909,898244
24,2026-07-21 06:24:57,"testSB_C",-1.27894816400129,892828
1,2026-07-21 09:24:57,"ntc1_C",0.294006713702913,837400
1,2026-07-21 09:24:57,"testSB_C",0.279011498816033,839917
2,2026-07-21 09:24:57,"ntc1_C",0.273332895359829,839400
2,2026-07-21 09:24:57,"ntc2_C",0.344107011308836,836827
2,2026-07-21 09:24:57,"testSB_C",0.32293147037916,839653
3,2026-07-21 09:24:57,"ntc1_C",0.626288754800328,829109
3,2026-07-21 09:24:57,"ntc2_C",0.555169256396823,830530
3,2026-07-21 09:24:57,"testSB_C",0.589214753777753,829248
4,2026-07-21 09:24:57,"ntc1_C",0.745289617188632,824677
4,2026-07-21 09:24:57,"ntc2_C",0.641035277080107,826279
4,2026-07-21 09:24:57,"testSB_C",0.672940961589973,825377
5,2026-07-21 09:24:57,"ntc1_C",0.566968547908857,828848
5,2026-07-21 09:24:57,"ntc2_C",0.643751567329559,827544
5,2026-07-21 09:24:57,"testSB_C",0.674875177122715,827114
6,2026-07-21 09:24:57,"ntc1_C",0.63098480736636,827436
6,2026-07-21 09:24:57,"ntc2_C",0.464158614130383,833773
6,2026-07-21 09:24:57,"testSB_C",0.58123161827001,830145
7,2026-07-21 09:24:57,"ntc1_C",0.645850423555146,826672
7,2026-07-21 09:24:57,"ntc2_C",0.659220863991266,827640
7,2026-07-21 09:24:57,"testSB_C",0.599330940495065,829779
8,2026-07-21 09:24:57,"ntc1_C",0.495900121168802,834754
8,2026-07-21 09:24:57,"ntc2_C",0.616335786673062,827541
8,2026-07-21 09:24:57,"testSB_C",0.458497291503079,831345
9,2026-07-21 09:24:57,"ntc1_C",0.480120639129154,831916
9,2026-07-21 09:24:57,"ntc2_C",0.524370055677707,833104
9,2026-07-21 09:24:57,"testSB_C",0.637371686259996,828048
10,2026-07-21 09:24:57,"ntc1_C",0.539721477771195,831804
10,2026-07-21 09:24:57,"ntc2_C",0.565831671893477,828790
10,2026-07-21 09:24:57,"testSB_C",0.484269011026072,832061
11,2026-07-21 09:24:57,"ntc1_C",0.582292906578573,830591
11,2026-07-21 09:24:57,"ntc2_C",0.628278543372971,828666
11,2026-07-21 09:24:57,"testSB_C",0.668233277034801,826253
12,2026-07-21 09:24:57,"ntc1_C",0.576366934874841,830076
12,2026-07-21 09:24:57,"ntc2_C",0.585811073151262,829284
12,2026-07-21 09:24:57,"testSB_C",0.474763140675748,832799
13,2026-07-21 09:24:57,"ntc1_C",0.611419728153919,831206
13,2026-07-21 09:24:57,"ntc2_C",0.653588884341275,825536
13,2026-07-21 09:24:57,"testSB_C",0.652311835021919,826945
14,2026-07-21 09:24:57,"ntc1_C",0.70760781252585,824401
14,2026-07-21 09:24:57,"ntc2_C",0.653211424128017,828182
14,2026-07-21 09:24:57,"testSB_C",0.689765769882342,826807
15,2026-07-21 09:24:57,"ntc1_C",0.635303607560331,826198
15,2026-07-21 09:24:57,"ntc2_C",0.738824969300254,825445
15,2026-07-21 09:24:57,"testSB_C",0.731832512947904,825825
16,2026-07-21 09:24:57,"ntc1_C",0.621707818835205,827350
16,2026-07-21 09:24:57,"ntc2_C",0.620902596644441,826840
16,2026-07-21 09:24:57,"testSB_C",0.642746570990937,826060
17,2026-07-21 09:24:57,"ntc1_C",0.677563082806728,825414
17,2026-07-21 09:24:57,"ntc2_C",0.64134015251193,826344
17,2026-07-21 09:24:57,"testSB_C",0.65615207305018,828311
18,2026-07-21 09:24:57,"ntc1_C",0.674573862740317,828118
18,2026-07-21 09:24:57,"ntc2_C",0.649212852794165,827004
18,2026-07-21 09:24:57,"testSB_C",0.67280767397915,825346
19,2026-07-21 09:24:57,"ntc1_C",0.61164043104435,829864
19,2026-07-21 09:24:57,"ntc2_C",0.528498086347781,831743
19,2026-07-21 09:24:57,"testSB_C",0.591186703252049,830791
20,2026-07-21 09:24:57,"ntc1_C",0.682832701164159,825972
20,2026-07-21 09:24:57,"ntc2_C",0.589921606459484,830461
20,2026-07-21 09:24:57,"testSB_C",0.751801838533311,822610
21,2026-07-21 09:24:57,"ntc1_C",0.71931343964792,823556
21,2026-07-21 09:24:57,"ntc2_C",0.687858286994924,826355
21,2026-07-21 09:24:57,"testSB_C",0.728793355821381,825081
22,2026-07-21 09:24:57,"ntc1_C",0.822639455751869,822189
22,2026-07-21 09:24:57,"ntc2_C",0.677254268713796,828035
22,2026-07-21 09:24:57,"testSB_C",0.583223178325966,828750
23,2026-07-21 09:24:57,"ntc1_C",0.513118068334165,834158
23,2026-07-21 09:24:57,"ntc2_C",0.477962271995807,833261
23,2026-07-21 09:24:57,"testSB_C",0.518134537361504,830659
24,2026-07-21 09:24:57,"ntc1_C",0.598967558160211,829531
24,2026-07-21 09:24:57,"ntc2_C",0.571399622951731,831774
24,2026-07-21 09:24:57,"testSB_C",0.661125025453714,825776
1,2026-07-21 12:24:57,"ntc1_C",1.52332253568267,797085
1,2026-07-21 12:24:57,"testSB_C",1.54625328759238,798285
2,2026-07-21 12:24:57,"ntc1_C",1.49538871162918,799210
2,2026-07-21 12:24:57,"ntc2_C",1.60405333321785,795563
2,2026-07-21 12:24:57,"testSB_C",1.56754622218625,798777
3,2026-07-21 12:24:57,"ntc1_C",2.1125589129494,781155
3,2026-07-21 12:24:57,"ntc2_C",2.03756821482119,782586
3,2026-07-21 12:24:57,"testSB_C",2.16475060781511,778506
4,2026-07-21 12:24:57,"ntc1_C",2.12971811518514,780156
4,2026-07-21 12:24:57,"ntc2_C",2.12771141732969,778485
4,2026-07-21 12:24:57,"testSB_C",2.13721958708265,778338
5,2026-07-21 12:24:57,"ntc1_C",2.0707960556428,780335
5,2026-07-21 12:24:57,"ntc2_C",2.02217954731378,783064
5,2026-07-21 12:24:57,"testSB_C",2.07333142495787,782024
6,2026-07-21 12:24:57,"ntc1_C",2.00338114111463,783155
6,2026-07-21 12:24:57,"ntc2_C",1.95252521972202,785454
6,2026-07-21 12:24:57,"testSB_C",2.06021801775955,782353
7,2026-07-21 12:24:57,"ntc1_C",2.14114587903606,778567
7,2026-07-21 12:24:57,"ntc2_C",2.10306050392518,781088
7,2026-07-21 12:24:57,"testSB_C",2.13145230390307,780360
8,2026-07-21 12:24:57,"ntc1_C",2.03067819908773,784924
8,2026-07-21 12:24:57,"ntc2_C",2.0636495270245,780906
8,2026-07-21 12:24:57,"testSB_C",1.9608661152256,782752
9,2026-07-21 12:24:57,"ntc1_C",2.10443690021344,779491
9,2026-07-21 12:24:57,"ntc2_C",2.10143947269262,782045
9,2026-07-21 12:24:57,"testSB_C",2.15026122915879,779324
10,2026-07-21 12:24:57,"ntc1_C",2.08411888364697,781877
10,2026-07-21 12:24:57,"ntc2_C",1.97372012431731,783309
10,2026-07-21 12:24:57,"testSB_C",2.03786073886039,781804
11,2026-07-21 12:24:57,"ntc1_C",2.06454262920397,782691
11,2026-07-21 12:24:57,"ntc2_C",2.09779956502166,781271
11,2026-07-21 12:24:57,"testSB_C",2.18741822700287,777465
12,2026-07-21 12:24:57,"ntc1_C",2.07101699927415,781807
12,2026-07-21 12:24:57,"ntc2_C",2.06103739338505,781668
12,2026-07-21 12:24:57,"testSB_C",2.00699470936439,783172
13,2026-07-21 12:24:57,"ntc1_C",2.01130982614359,785825
13,2026-07-21 12:24:57,"ntc2_C",2.0429812760791,780794
13,2026-07-21 12:24:57,"testSB_C",2.05935709934744,781574
14,2026-07-21 12:24:57,"ntc1_C",2.16192581927896,777726
14,2026-07-21 12:24:57,"ntc2_C",2.0352771158411,783545
14,2026-07-21 12:24:57,"testSB_C",2.10785476725141,781114
15,2026-07-21 12:24:57,"ntc1_C",2.05114829482864,780624
15,2026-07-21 12:24:57,"ntc2_C",2.16908148043365,779446
15,2026-07-21 12:24:57,"testSB_C",2.16683529036675,779650
16,2026-07-21 12:24:57,"ntc1_C",2.11277780893056,779331
16,2026-07-21 12:24:57,"ntc2_C",2.07363300126127,780041
16,2026-07-21 12:24:57,"testSB_C",2.11458379305276,778709
17,2026-07-21 12:24:57,"ntc1_C",2.15705002437193,777866
17,2026-07-21 12:24:57,"ntc2_C",2.11061018329576,779071
17,2026-07-21 12:24:57,"testSB_C",2.10258762710328,781629
18,2026-07-21 12:24:57,"ntc1_C",2.13536717625715,781015
18,2026-07-21 12:24:57,"ntc2_C",2.06842751609412,781286
18,2026-07-21 12:24:57,"testSB_C",2.11862615446898,778843
19,2026-07-21 12:24:57,"ntc1_C",2.13676041863067,780626
19,2026-07-21 12:24:57,"ntc2_C",1.97661859161616,784795
19,2026-07-21 12:24:57,"testSB_C",2.00895177519692,784858
20,2026-07-21 12:24:57,"ntc1_C",2.15090499878693,778737
20,2026-07-21 12:24:57,"ntc2_C",2.01684018418956,784252
20,2026-07-21 12:24:57,"testSB_C",2.29707944713965,773204
21,2026-07-21 12:24:57,"ntc1_C",2.26658915135192,774070
21,2026-07-21 12:24:57,"ntc2_C",2.24280231251691,776412
21,2026-07-21 12:24:57,"testSB_C",2.35259551474797,773087
22,2026-07-21 12:24:57,"ntc1_C",2.53914131215652,767558
22,2026-07-21 12:24:57,"ntc2_C",2.22219914457258,778351
22,2026-07-21 12:24:57,"testSB_C",1.99343076225307,783202
23,2026-07-21 12:24:57,"ntc1_C",1.88788009430658,789403
23,2026-07-21 12:24:57,"ntc2_C",1.92263411875018,786352
23,2026-07-21 12:24:57,"testSB_C",1.90393360304176,785794
24,2026-07-21 12:24:57,"ntc1_C",2.02215759201613,783497
24,2026-07-21 12:24:57,"ntc2_C",1.97318822957158,786299
24,2026-07-21 12:24:57,"testSB_C",2.08790740739937,779876
1,2026-07-21 15:24:57,"ntc1_C",2.03866462756389,780803
1,2026-07-21 15:24:57,"testSB_C",2.07880887188088,781449
2,2026-07-21 15:24:57,"ntc1_C",1.99216471662254,783461
2,2026-07-21 15:24:57,"ntc2_C",2.18023240638615,777418
2,2026-07-21 15:24:57,"testSB_C",2.16560492846457,779892
3,2026-07-21 15:24:57,"ntc1_C",2.99008040966038,754234
3,2026-07-21 15:24:57,"ntc2_C",2.98886925339878,753375
3,2026-07-21 15:24:57,"testSB_C",3.13990236550546,748763
4,2026-07-21 15:24:57,"ntc1_C",3.16462574138234,748548
4,2026-07-21 15:24:57,"ntc2_C",3.17588732288186,746561
4,2026-07-21 15:24:57,"testSB_C",3.15651011865845,747283
5,2026-07-21 15:24:57,"ntc1_C",3.10073436345567,748858
5,2026-07-21 15:24:57,"ntc2_C",3.03887187346237,751890
5,2026-07-21 15:24:57,"testSB_C",3.05989375824413,751792
6,2026-07-21 15:24:57,"ntc1_C",2.98993368009201,752884
6,2026-07-21 15:24:57,"ntc2_C",2.94997319504694,754745
6,2026-07-21 15:24:57,"testSB_C",3.07430087771098,751280
7,2026-07-21 15:24:57,"ntc1_C",3.14969634143557,747809
7,2026-07-21 15:24:57,"ntc2_C",3.05055019534552,752059
7,2026-07-21 15:24:57,"testSB_C",3.06354461475513,751835
8,2026-07-21 15:24:57,"ntc1_C",2.95330602010284,756500
8,2026-07-21 15:24:57,"ntc2_C",2.98508887858492,752680
8,2026-07-21 15:24:57,"testSB_C",2.82475853483112,756187
9,2026-07-21 15:24:57,"ntc1_C",3.07278641188248,749921
9,2026-07-21 15:24:57,"ntc2_C",3.07475803037664,752204
9,2026-07-21 15:24:57,"testSB_C",3.07710438921532,750990
10,2026-07-21 15:24:57,"ntc1_C",2.9403063208386,755581
10,2026-07-21 15:24:57,"ntc2_C",2.76356722438516,758963
10,2026-07-21 15:24:57,"testSB_C",2.84577442030917,756954
11,2026-07-21 15:24:57,"ntc1_C",2.8984861288161,757041
11,2026-07-21 15:24:57,"ntc2_C",3.00915525400831,753334
11,2026-07-21 15:24:57,"testSB_C",3.03434868594343,751606
12,2026-07-21 15:24:57,"ntc1_C",2.84823010828495,757895
12,2026-07-21 15:24:57,"ntc2_C",2.7820970047843,759460
12,2026-07-21 15:24:57,"testSB_C",2.74295907431815,760462
13,2026-07-21 15:24:57,"ntc1_C",2.63749895489678,766384
13,2026-07-21 15:24:57,"ntc2_C",2.6824898932378,761073
13,2026-07-21 15:24:57,"testSB_C",2.75995684909469,759976
14,2026-07-21 15:24:57,"ntc1_C",2.91872390243651,754556
14,2026-07-21 15:24:57,"ntc2_C",2.75380300605894,761355
14,2026-07-21 15:24:57,"testSB_C",2.82601199577073,759005
15,2026-07-21 15:24:57,"ntc1_C",2.77960708470243,758224
15,2026-07-21 15:24:57,"ntc2_C",2.9185363303219,756438
15,2026-07-21 15:24:57,"testSB_C",2.83571521101584,759072
16,2026-07-21 15:24:57,"ntc1_C",2.83746130219885,757071
16,2026-07-21 15:24:57,"ntc2_C",2.73183160585808,759772
16,2026-07-21 15:24:57,"testSB_C",2.84208424455102,756378
17,2026-07-21 15:24:57,"ntc1_C",2.89418278569474,755270
17,2026-07-21 15:24:57,"ntc2_C",2.86449271234147,755938
17,2026-07-21 15:24:57,"testSB_C",2.87397957807963,757883
18,2026-07-21 15:24:57,"ntc1_C",2.91874079836009,756935
18,2026-07-21 15:24:57,"ntc2_C",2.8208438769704,758144
18,2026-07-21 15:24:57,"testSB_C",2.87953671317132,755495
19,2026-07-21 15:24:57,"ntc1_C",2.9220942917604,756491
19,2026-07-21 15:24:57,"ntc2_C",2.64672847738291,764030
19,2026-07-21 15:24:57,"testSB_C",2.80075531768193,760386
20,2026-07-21 15:24:57,"ntc1_C",2.98619876499248,753150
20,2026-07-21 15:24:57,"ntc2_C",2.82117196139689,759415
20,2026-07-21 15:24:57,"testSB_C",3.40580260931864,739706
21,2026-07-21 15:24:57,"ntc1_C",3.45930735933104,738086
21,2026-07-21 15:24:57,"ntc2_C",3.37240592622004,742148
21,2026-07-21 15:24:57,"testSB_C",3.78270592185851,730180
22,2026-07-21 15:24:57,"ntc1_C",4.01655849253422,723632
22,2026-07-21 15:24:57,"ntc2_C",3.3781696585225,743257
22,2026-07-21 15:24:57,"testSB_C",3.00856088754728,752068
23,2026-07-21 15:24:57,"ntc1_C",2.88913046515557,758416
23,2026-07-21 15:24:57,"ntc2_C",3.03612118238158,752115
23,2026-07-21 15:24:57,"testSB_C",2.96244861138103,753265
24,2026-07-21 15:24:57,"ntc1_C",3.22428040873814,746728
24,2026-07-21 15:24:57,"ntc2_C",3.02447866769751,753931
24,2026-07-21 15:24:57,"testSB_C",3.05734512291144,750242
1,2026-07-21 18:24:57,"ntc1_C",-0.124423294550581,851611
1,2026-07-21 18:24:57,"testSB_C",-0.0788179151330723,852085
2,2026-07-21 18:24:57,"ntc1_C",-0.120798003894663,852814
2,2026-07-21 18:24:57,"ntc2_C",-0.0278540617915723,849438
2,2026-07-21 18:24:57,"testSB_C",-0.146045643917944,855625
3,2026-07-21 18:24:57,"ntc1_C",0.0635633743622179,848071
3,2026-07-21 18:24:57,"ntc2_C",0.0524132852799539,847489
3,2026-07-21 18:24:57,"testSB_C",0.179440919155809,843012
4,2026-07-21 18:24:57,"ntc1_C",0.0922965718305022,846604
4,2026-07-21 18:24:57,"ntc2_C",0.0491067246155126,846166
4,2026-07-21 18:24:57,"testSB_C",0.126875453008722,843683
5,2026-07-21 18:24:57,"ntc1_C",0.0722330617259672,845499
5,2026-07-21 18:24:57,"ntc2_C",-0.0016450748923944,849284
5,2026-07-21 18:24:57,"testSB_C",0.0295291579819832,848844
6,2026-07-21 18:24:57,"ntc1_C",0.0302262306767602,847648
6,2026-07-21 18:24:57,"ntc2_C",-0.0711624622382487,851914
6,2026-07-21 18:24:57,"testSB_C",0.0485456303627529,848108
7,2026-07-21 18:24:57,"ntc1_C",0.0577129573075581,846448
7,2026-07-21 18:24:57,"ntc2_C",-0.117501757853745,853892
7,2026-07-21 18:24:57,"testSB_C",-0.0292018380914101,851003
8,2026-07-21 18:24:57,"ntc1_C",-0.036840102675626,852826
8,2026-07-21 18:24:57,"ntc2_C",-0.00134961253883148,848336
8,2026-07-21 18:24:57,"testSB_C",-0.0985768771851099,850168
9,2026-07-21 18:24:57,"ntc1_C",-0.0188499648899665,848762
9,2026-07-21 18:24:57,"ntc2_C",-0.080806045201939,853626
9,2026-07-21 18:24:57,"testSB_C",-0.026965145122233,850456
10,2026-07-21 18:24:57,"ntc1_C",-0.0361866159585134,851278
10,2026-07-21 18:24:57,"ntc2_C",-0.163311415273483,853438
10,2026-07-21 18:24:57,"testSB_C",-0.107905415124321,852109
11,2026-07-21 18:24:57,"ntc1_C",-0.0560084335247666,852167
11,2026-07-21 18:24:57,"ntc2_C",-0.130197536091714,854313
11,2026-07-21 18:24:57,"testSB_C",-0.0509839490079571,850474
12,2026-07-21 18:24:57,"ntc1_C",-0.18476327720515,855861
12,2026-07-21 18:24:57,"ntc2_C",-0.119763570123951,853136
12,2026-07-21 18:24:57,"testSB_C",-0.127246075474147,853200
13,2026-07-21 18:24:57,"ntc1_C",-0.124675964360392,856174
13,2026-07-21 18:24:57,"ntc2_C",-0.107831814192593,851201
13,2026-07-21 18:24:57,"testSB_C",-0.0553556817030199,850811
14,2026-07-21 18:24:57,"ntc1_C",-0.0102246053346562,848525
14,2026-07-21 18:24:57,"ntc2_C",-0.109967947189716,853978
14,2026-07-21 18:24:57,"testSB_C",-0.0115005546472275,850442
15,2026-07-21 18:24:57,"ntc1_C",-0.0461679094038914,849131
15,2026-07-21 18:24:57,"ntc2_C",-0.0366911711140574,851582
15,2026-07-21 18:24:57,"testSB_C",-0.0346239882456985,851667
16,2026-07-21 18:24:57,"ntc1_C",0.0185872632821997,847655
16,2026-07-21 18:24:57,"ntc2_C",-0.0555002175343589,849637
16,2026-07-21 18:24:57,"testSB_C",0.058939569710617,845679
17,2026-07-21 18:24:57,"ntc1_C",0.0624799997040668,846079
17,2026-07-21 18:24:57,"ntc2_C",0.0216029845698813,847186
17,2026-07-21 18:24:57,"testSB_C",0.0410538411045422,849049
18,2026-07-21 18:24:57,"ntc1_C",-0.00472845770730146,851038
18,2026-07-21 18:24:57,"ntc2_C",-0.0934987275725803,852051
18,2026-07-21 18:24:57,"testSB_C",0.0060023372702176,847776
19,2026-07-21 18:24:57,"ntc1_C",-0.00335335244676571,850640
19,2026-07-21 18:24:57,"ntc2_C",-0.101401873897885,853084
19,2026-07-21 18:24:57,"testSB_C",-0.0410071885956427,852183
20,2026-07-21 18:24:57,"ntc1_C",0.030409609994706,847929
20,2026-07-21 18:24:57,"ntc2_C",-0.121084988160476,854554
20,2026-07-21 18:24:57,"testSB_C",0.0697071828912499,845473
21,2026-07-21 18:24:57,"ntc1_C",0.0321754652055688,846598
21,2026-07-21 18:24:57,"ntc2_C",-0.134036333881511,854118
21,2026-07-21 18:24:57,"testSB_C",-0.0298883297111274,850633
22,2026-07-21 18:24:57,"ntc1_C",-0.00315019349778822,849928
22,2026-07-21 18:24:57,"ntc2_C",-0.0851328738722827,853783
22,2026-07-21 18:24:57,"testSB_C",-0.0838440789861465,851267
23,2026-07-21 18:24:57,"ntc1_C",-0.126734295832932,855897
23,2026-07-21 18:24:57,"ntc2_C",-0.210695219959632,856657
23,2026-07-21 18:24:57,"testSB_C",-0.204647508790117,855130
24,2026-07-21 18:24:57,"ntc1_C",-0.144938540738792,854725
24,2026-07-21 18:24:57,"ntc2_C",-0.193328607273827,857749
24,2026-07-21 18:24:57,"testSB_C",-0.0235186640501297,848810
1,2026-07-21 21:24:57,"ntc1_C",-1.99047413981538,918159
1,2026-07-21 21:24:57,"testSB_C",-1.99150037372209,920360
2,2026-07-21 21:24:57,"ntc1_C",-1.98071477920945,919237
2,2026-07-21 21:24:57,"ntc2_C",-1.88106927631156,915328
2,2026-07-21 21:24:57,"testSB_C",-2.02604800115347,922942
3,2026-07-21 21:24:57,"ntc1_C",-1.86811286711463,916720
3,2026-07-21 21:24:57,"ntc2_C",-1.85063276228914,915065
3,2026-07-21 21:24:57,"testSB_C",-1.74329652067445,910893
4,2026-07-21 21:24:57,"ntc1_C",-1.81722605239577,914328
4,2026-07-21 21:24:57,"ntc2_C",-1.83573939855648,912928
4,2026-07-21 21:24:57,"testSB_C",-1.74861243076793,909891
5,2026-07-21 21:24:57,"ntc1_C",-1.78110175610982,911083
5,2026-07-21 21:24:57,"ntc2_C",-1.82305561729072,913953
5,2026-07-21 21:24:57,"testSB_C",-1.77944928830669,913030
6,2026-07-21 21:24:57,"ntc1_C",-1.77137302340043,911447
6,2026-07-21 21:24:57,"ntc2_C",-1.8993700391772,917074
6,2026-07-21 21:24:57,"testSB_C",-1.74419136466292,911636
7,2026-07-21 21:24:57,"ntc1_C",-1.71504128867326,909137
7,2026-07-21 21:24:57,"ntc2_C",-1.89030688317325,917158
7,2026-07-21 21:24:57,"testSB_C",-1.78416434141531,913354
8,2026-07-21 21:24:57,"ntc1_C",-1.73935796551831,913402
8,2026-07-21 21:24:57,"ntc2_C",-1.72182475980918,909222
8,2026-07-21 21:24:57,"testSB_C",-1.8468635267551,912221
9,2026-07-21 21:24:57,"ntc1_C",-1.72732225592648,909226
9,2026-07-21 21:24:57,"ntc2_C",-1.81814329235107,915562
9,2026-07-21 21:24:57,"testSB_C",-1.75069710532648,911638
10,2026-07-21 21:24:57,"ntc1_C",-1.74339047944301,911887
10,2026-07-21 21:24:57,"ntc2_C",-1.88283140403337,914681
10,2026-07-21 21:24:57,"testSB_C",-1.79875247691695,912209
11,2026-07-21 21:24:57,"ntc1_C",-1.78593833458706,913671
11,2026-07-21 21:24:57,"ntc2_C",-1.8364358789168,915120
11,2026-07-21 21:24:57,"testSB_C",-1.77068400651518,911480
12,2026-07-21 21:24:57,"ntc1_C",-1.93143001766168,918281
12,2026-07-21 21:24:57,"ntc2_C",-1.82674488848579,913885
12,2026-07-21 21:24:57,"testSB_C",-1.85312456869218,914664
13,2026-07-21 21:24:57,"ntc1_C",-1.84523625227922,917669
13,2026-07-21 21:24:57,"ntc2_C",-1.87602356194168,914103
13,2026-07-21 21:24:57,"testSB_C",-1.83175616708667,913977
14,2026-07-21 21:24:57,"ntc1_C",-1.80736815368078,912246
14,2026-07-21 21:24:57,"ntc2_C",-1.93066152565649,919001
14,2026-07-21 21:24:57,"testSB_C",-1.81619243585175,914604
15,2026-07-21 21:24:57,"ntc1_C",-1.87081273026149,913903
15,2026-07-21 21:24:57,"ntc2_C",-1.87320233596819,917022
15,2026-07-21 21:24:57,"testSB_C",-1.91575069355633,918774
16,2026-07-21 21:24:57,"ntc1_C",-1.8413810270697,913652
16,2026-07-21 21:24:57,"ntc2_C",-1.89936383218821,915214
16,2026-07-21 21:24:57,"testSB_C",-1.86041115362389,913720
17,2026-07-21 21:24:57,"ntc1_C",-1.8908324748682,915400
17,2026-07-21 21:24:57,"ntc2_C",-1.92240146482254,916236
17,2026-07-21 21:24:57,"testSB_C",-1.91043364925406,918544
18,2026-07-21 21:24:57,"ntc1_C",-1.88433488266094,918010
18,2026-07-21 21:24:57,"ntc2_C",-2.00578932146942,920292
18,2026-07-21 21:24:57,"testSB_C",-1.91841859814662,916189
19,2026-07-21 21:24:57,"ntc1_C",-1.91656479717722,918853
19,2026-07-21 21:24:57,"ntc2_C",-2.00401405243844,921121
19,2026-07-21 21:24:57,"testSB_C",-2.0128690533578,922718
20,2026-07-21 21:24:57,"ntc1_C",-1.89223394403524,916288
20,2026-07-21 21:24:57,"ntc2_C",-2.04783676306226,923620
20,2026-07-21 21:24:57,"testSB_C",-1.9117985788464,915775
21,2026-07-21 21:24:57,"ntc1_C",-1.92853537281229,916165
21,2026-07-21 21:24:57,"ntc2_C",-2.06782901471274,923391
21,2026-07-21 21:24:57,"testSB_C",-1.94408745952171,918884
22,2026-07-21 21:24:57,"ntc1_C",-1.92802985350528,918494
22,2026-07-21 21:24:57,"ntc2_C",-2.04381041674003,923887
22,2026-07-21 21:24:57,"testSB_C",-1.99085405970442,919275
23,2026-07-21 21:24:57,"ntc1_C",-1.96349992158054,921683
23,2026-07-21 21:24:57,"ntc2_C",-2.05781418913796,922896
23,2026-07-21 21:24:57,"testSB_C",-2.02095807378271,920045
24,2026-07-21 21:24:57,"ntc1_C",-1.96962506816618,919999
24,2026-07-21 21:24:57,"ntc2_C",-2.0026131952124,922668
24,2026-07-21 21:24:57,"testSB_C",-1.80366535998604,911932
1,2026-07-22 00:24:57,"ntc1_C",-2.32429048198537,930630
1,2026-07-22 00:24:57,"testSB_C",-2.32803376078698,932957
2,2026-07-22 00:24:57,"ntc1_C",-2.3360113301714,932533
2,2026-07-22 00:24:57,"ntc2_C",-2.35118117480891,932883
2,2026-07-22 00:24:57,"testSB_C",-2.34257787273742,934813
3,2026-07-22 00:24:57,"ntc1_C",-2.34086665762538,934395
3,2026-07-22 00:24:57,"ntc2_C",-2.34861269494934,933667
3,2026-07-22 00:24:57,"testSB_C",-2.36402138059947,934016
4,2026-07-22 00:24:57,"ntc1_C",-2.36264600552499,934701
4,2026-07-22 00:24:57,"ntc2_C",-2.36678514039437,932722
4,2026-07-22 00:24:57,"testSB_C",-2.39401999972171,933921
5,2026-07-22 00:24:57,"ntc1_C",-2.39747461021926,934063
5,2026-07-22 00:24:57,"ntc2_C",-2.3869120929653,935007
5,2026-07-22 00:24:57,"testSB_C",-2.40129776136575,936257
6,2026-07-22 00:24:57,"ntc1_C",-2.41399516862685,935409
6,2026-07-22 00:24:57,"ntc2_C",-2.40505933668504,936008
6,2026-07-22 00:24:57,"testSB_C",-2.42454644647233,937038
7,2026-07-22 00:24:57,"ntc1_C",-2.41807635720778,935334
7,2026-07-22 00:24:57,"ntc2_C",-2.40129800435363,936295
7,2026-07-22 00:24:57,"testSB_C",-2.41845438363015,937056
8,2026-07-22 00:24:57,"ntc1_C",-2.42400209419571,939023
8,2026-07-22 00:24:57,"ntc2_C",-2.43962398379102,935969
8,2026-07-22 00:24:57,"testSB_C",-2.417326418664,933486
9,2026-07-22 00:24:57,"ntc1_C",-2.4381103374073,935702
9,2026-07-22 00:24:57,"ntc2_C",-2.43029726233715,938497
9,2026-07-22 00:24:57,"testSB_C",-2.45357156025028,937900
10,2026-07-22 00:24:57,"ntc1_C",-2.44633072887586,938147
10,2026-07-22 00:24:57,"ntc2_C",-2.43647145578007,935370
10,2026-07-22 00:24:57,"testSB_C",-2.45324795797296,936655
11,2026-07-22 00:24:57,"ntc1_C",-2.46412434949121,939041
11,2026-07-22 00:24:57,"ntc2_C",-2.44689139324237,937967
11,2026-07-22 00:24:57,"testSB_C",-2.46322324360381,937333
12,2026-07-22 00:24:57,"ntc1_C",-2.44927238099365,937693
12,2026-07-22 00:24:57,"ntc2_C",-2.45781872849341,937481
12,2026-07-22 00:24:57,"testSB_C",-2.4718805335371,937819
13,2026-07-22 00:24:57,"ntc1_C",-2.47811771104068,941441
13,2026-07-22 00:24:57,"ntc2_C",-2.46716989864478,936207
13,2026-07-22 00:24:57,"testSB_C",-2.48257368023212,938336
14,2026-07-22 00:24:57,"ntc1_C",-2.48802675321349,937676
14,2026-07-22 00:24:57,"ntc2_C",-2.47169339765225,939310
14,2026-07-22 00:24:57,"testSB_C",-2.48831495500082,939783
15,2026-07-22 00:24:57,"ntc1_C",-2.48853402809465,936991
15,2026-07-22 00:24:57,"ntc2_C",-2.48482549950927,939972
15,2026-07-22 00:24:57,"testSB_C",-2.48863132025895,940297
16,2026-07-22 00:24:57,"ntc1_C",-2.50858521760063,938624
16,2026-07-22 00:24:57,"ntc2_C",-2.50114872085555,937751
16,2026-07-22 00:24:57,"testSB_C",-2.49761330292699,937562
17,2026-07-22 00:24:57,"ntc1_C",-2.50420294187558,938379
17,2026-07-22 00:24:57,"ntc2_C",-2.5028431558257,937980
17,2026-07-22 00:24:57,"testSB_C",-2.51261921746232,941175
18,2026-07-22 00:24:57,"ntc1_C",-2.50941393194154,941490
18,2026-07-22 00:24:57,"ntc2_C",-2.49951416365462,938827
18,2026-07-22 00:24:57,"testSB_C",-2.51280144618079,938473
19,2026-07-22 00:24:57,"ntc1_C",-2.5098682240984,941155
19,2026-07-22 00:24:57,"ntc2_C",-2.50061504816142,939801
19,2026-07-22 00:24:57,"testSB_C",-2.51062412660025,941475
20,2026-07-22 00:24:57,"ntc1_C",-2.51865136341496,939791
20,2026-07-22 00:24:57,"ntc2_C",-2.49800705190421,940586
20,2026-07-22 00:24:57,"testSB_C",-2.51007708195016,938189
21,2026-07-22 00:24:57,"ntc1_C",-2.52918416216113,938659
21,2026-07-22 00:24:57,"ntc2_C",-2.50618054079928,939899
21,2026-07-22 00:24:57,"testSB_C",-2.53053286087993,940927
22,2026-07-22 00:24:57,"ntc1_C",-2.53898866727002,941454
22,2026-07-22 00:24:57,"ntc2_C",-2.51048685977975,941467
22,2026-07-22 00:24:57,"testSB_C",-2.53972599655145,939891
23,2026-07-22 00:24:57,"ntc1_C",-2.53666351445924,943282
23,2026-07-22 00:24:57,"ntc2_C",-2.5163215772015,940158
23,2026-07-22 00:24:57,"testSB_C",-2.5414541925843,939588
24,2026-07-22 00:24:57,"ntc1_C",-2.53888095089127,941418
24,2026-07-22 00:24:57,"ntc2_C",-2.52167071857184,942230
24,2026-07-22 00:24:57,"testSB_C",-2.51510214097209,938522
1,2026-07-22 03:24:57,"ntc1_C",-3.40750740492194,972335
1,2026-07-22 03:24:57,"testSB_C",-3.42753825136867,975388
2,2026-07-22 03:24:57,"ntc1_C",-3.39975098138717,973558
2,2026-07-22 03:24:57,"ntc2_C",-3.39971896762103,973320
2,2026-07-22 03:24:57,"testSB_C",-3.3759358352159,974693
3,2026-07-22 03:24:57,"ntc1_C",-3.35951994381895,973703
3,2026-07-22 03:24:57,"ntc2_C",-3.35368134655704,972427
3,2026-07-22 03:24:57,"testSB_C",-3.37628071960626,973052
4,2026-07-22 03:24:57,"ntc1_C",-3.36959491397727,973572
4,2026-07-22 03:24:57,"ntc2_C",-3.36738301541965,971249
4,2026-07-22 03:24:57,"testSB_C",-3.3900402155947,972318
5,2026-07-22 03:24:57,"ntc1_C",-3.38529649839126,972166
5,2026-07-22 03:24:57,"ntc2_C",-3.37325616419207,973067
5,2026-07-22 03:24:57,"testSB_C",-3.37932666421415,974048
6,2026-07-22 03:24:57,"ntc1_C",-3.39316215176905,973196
6,2026-07-22 03:24:57,"ntc2_C",-3.37733581404029,973571
6,2026-07-22 03:24:57,"testSB_C",-3.40646234372696,975013
7,2026-07-22 03:24:57,"ntc1_C",-3.38158590656411,972528
7,2026-07-22 03:24:57,"ntc2_C",-3.37141324778673,973786
7,2026-07-22 03:24:57,"testSB_C",-3.39746810253575,974912
8,2026-07-22 03:24:57,"ntc1_C",-3.37550219820713,975887
8,2026-07-22 03:24:57,"ntc2_C",-3.39679060967956,972925
8,2026-07-22 03:24:57,"testSB_C",-3.3757323323706,970390
9,2026-07-22 03:24:57,"ntc1_C",-3.38573563950399,972263
9,2026-07-22 03:24:57,"ntc2_C",-3.38123228715693,975326
9,2026-07-22 03:24:57,"testSB_C",-3.397648371385,974428
10,2026-07-22 03:24:57,"ntc1_C",-3.39277380840707,974761
10,2026-07-22 03:24:57,"ntc2_C",-3.3748855359014,971565
10,2026-07-22 03:24:57,"testSB_C",-3.40444317687508,973413
11,2026-07-22 03:24:57,"ntc1_C",-3.40077153499038,975299
11,2026-07-22 03:24:57,"ntc2_C",-3.38172070174363,974119
11,2026-07-22 03:24:57,"testSB_C",-3.40821521952836,973856
12,2026-07-22 03:24:57,"ntc1_C",-3.37337658783179,973409
12,2026-07-22 03:24:57,"ntc2_C",-3.38378317826954,973264
12,2026-07-22 03:24:57,"testSB_C",-3.40901511712281,974064
13,2026-07-22 03:24:57,"ntc1_C",-3.40652042750628,977485
13,2026-07-22 03:24:57,"ntc2_C",-3.38092349536538,971481
13,2026-07-22 03:24:57,"testSB_C",-3.39532984609866,973649
14,2026-07-22 03:24:57,"ntc1_C",-3.39915129987617,972883
14,2026-07-22 03:24:57,"ntc2_C",-3.39238612044466,974957
14,2026-07-22 03:24:57,"testSB_C",-3.41664731272641,975759
15,2026-07-22 03:24:57,"ntc1_C",-3.39715075794601,972067
15,2026-07-22 03:24:57,"ntc2_C",-3.39306095219985,975167
15,2026-07-22 03:24:57,"testSB_C",-3.40191167642666,975706
16,2026-07-22 03:24:57,"ntc1_C",-3.41786769111343,973812
16,2026-07-22 03:24:57,"ntc2_C",-3.40264066560565,972605
16,2026-07-22 03:24:57,"testSB_C",-3.40674744631366,972712
17,2026-07-22 03:24:57,"ntc1_C",-3.40579940921015,973257
17,2026-07-22 03:24:57,"ntc2_C",-3.39877642656239,972608
17,2026-07-22 03:24:57,"testSB_C",-3.41593357557355,976222
18,2026-07-22 03:24:57,"ntc1_C",-3.41739205083746,976721
18,2026-07-22 03:24:57,"ntc2_C",-3.41619490640556,974283
18,2026-07-22 03:24:57,"testSB_C",-3.42957623232246,973962
19,2026-07-22 03:24:57,"ntc1_C",-3.41408376143164,976239
19,2026-07-22 03:24:57,"ntc2_C",-3.4182191348267,975367
19,2026-07-22 03:24:57,"testSB_C",-3.41585053411274,976616
20,2026-07-22 03:24:57,"ntc1_C",-3.432392690771,975211
20,2026-07-22 03:24:57,"ntc2_C",-3.41924072246803,976329
20,2026-07-22 03:24:57,"testSB_C",-3.43031169172986,973792
21,2026-07-22 03:24:57,"ntc1_C",-3.43539301426745,973696
21,2026-07-22 03:24:57,"ntc2_C",-3.42460932212452,975495
21,2026-07-22 03:24:57,"testSB_C",-3.44942301867951,976585
22,2026-07-22 03:24:57,"ntc1_C",-3.44144835560837,976474
22,2026-07-22 03:24:57,"ntc2_C",-3.42434412204915,976915
22,2026-07-22 03:24:57,"testSB_C",-3.45886188283055,975506
23,2026-07-22 03:24:57,"ntc1_C",-3.45445758238645,978977
23,2026-07-22 03:24:57,"ntc2_C",-3.43396114361025,975728
23,2026-07-22 03:24:57,"testSB_C",-3.46214935231865,975229
24,2026-07-22 03:24:57,"ntc1_C",-3.46803563772426,977506
24,2026-07-22 03:24:57,"ntc2_C",-3.47308685034272,979221
24,2026-07-22 03:24:57,"testSB_C",-3.54129445794348,978314
1,2026-07-22 06:24:57,"ntc1_C",-5.23498737692705,1047173
1,2026-07-22 06:24:57,"testSB_C",-5.34299632556241,1054184
2,2026-07-22 06:24:57,"ntc1_C",-5.38564127357625,1055260
2,2026-07-22 06:24:57,"ntc2_C",-5.44373182151872,1057487
2,2026-07-22 06:24:57,"testSB_C",-5.35389717159069,1056052
3,2026-07-22 06:24:57,"ntc1_C",-4.73089201902553,1029364
3,2026-07-22 06:24:57,"ntc2_C",-4.88530959949259,1034750
3,2026-07-22 06:24:57,"testSB_C",-4.97476643086685,1038195
4,2026-07-22 06:24:57,"ntc1_C",-4.50920583615783,1019606
4,2026-07-22 06:24:57,"ntc2_C",-4.46745292822669,1015529
4,2026-07-22 06:24:57,"testSB_C",-4.94742382729117,1035689
5,2026-07-22 06:24:57,"ntc1_C",-4.94719020633659,1035754
5,2026-07-22 06:24:57,"ntc2_C",-4.79447134665162,1030773
5,2026-07-22 06:24:57,"testSB_C",-4.94899423765929,1038060
6,2026-07-22 06:24:57,"ntc1_C",-4.91569788175775,1035144
6,2026-07-22 06:24:57,"ntc2_C",-4.7857325391189,1030794
6,2026-07-22 06:24:57,"testSB_C",-5.01111339222581,1040562
7,2026-07-22 06:24:57,"ntc1_C",-4.88440544022757,1033650
7,2026-07-22 06:24:57,"ntc2_C",-4.54874099986188,1021399
7,2026-07-22 06:24:57,"testSB_C",-5.01237189635106,1040880
8,2026-07-22 06:24:57,"ntc1_C",-5.00370172666931,1042510
8,2026-07-22 06:24:57,"ntc2_C",-4.93185888680193,1035406
8,2026-07-22 06:24:57,"testSB_C",-4.65637387269612,1022095
9,2026-07-22 06:24:57,"ntc1_C",-4.98744935534779,1037488
9,2026-07-22 06:24:57,"ntc2_C",-4.83595709620926,1034611
9,2026-07-22 06:24:57,"testSB_C",-4.91697457939085,1036362
10,2026-07-22 06:24:57,"ntc1_C",-4.90913937818777,1036561
10,2026-07-22 06:24:57,"ntc2_C",-4.58700223939155,1020493
10,2026-07-22 06:24:57,"testSB_C",-4.89909099482344,1034241
11,2026-07-22 06:24:57,"ntc1_C",-4.98226687153374,1039870
11,2026-07-22 06:24:57,"ntc2_C",-4.751751203249,1029749
11,2026-07-22 06:24:57,"testSB_C",-4.84395106216044,1032213
12,2026-07-22 06:24:57,"ntc1_C",-4.53479789922699,1020320
12,2026-07-22 06:24:57,"ntc2_C",-4.72165674887844,1027500
12,2026-07-22 06:24:57,"testSB_C",-4.77705145638811,1029619
13,2026-07-22 06:24:57,"ntc1_C",-4.70640300723409,1030384
13,2026-07-22 06:24:57,"ntc2_C",-4.70347056961549,1025009
13,2026-07-22 06:24:57,"testSB_C",-4.82632470519997,1031825
14,2026-07-22 06:24:57,"ntc1_C",-4.78220830092556,1028982
14,2026-07-22 06:24:57,"ntc2_C",-4.671701820961,1026846
14,2026-07-22 06:24:57,"testSB_C",-4.74931702064288,1029933
15,2026-07-22 06:24:57,"ntc1_C",-4.8074332506713,1029245
15,2026-07-22 06:24:57,"ntc2_C",-4.47682913075789,1018970
15,2026-07-22 06:24:57,"testSB_C",-4.38472664444873,1015368
16,2026-07-22 06:24:57,"ntc1_C",-4.7279612598436,1026947
16,2026-07-22 06:24:57,"ntc2_C",-4.79086662809129,1028942
16,2026-07-22 06:24:57,"testSB_C",-4.76473076460644,1027796
17,2026-07-22 06:24:57,"ntc1_C",-4.75104496515615,1027829
17,2026-07-22 06:24:57,"ntc2_C",-4.74686086052941,1027242
17,2026-07-22 06:24:57,"testSB_C",-4.88535025624628,1036165
18,2026-07-22 06:24:57,"ntc1_C",-4.81995259413617,1033865
18,2026-07-22 06:24:57,"ntc2_C",-4.57129044472481,1020958
18,2026-07-22 06:24:57,"testSB_C",-4.77311694944916,1028518
19,2026-07-22 06:24:57,"ntc1_C",-4.83363828366134,1034092
19,2026-07-22 06:24:57,"ntc2_C",-4.74999616003527,1029500
19,2026-07-22 06:24:57,"testSB_C",-4.74335226666921,1030641
20,2026-07-22 06:24:57,"ntc1_C",-4.73693577917339,1028208
20,2026-07-22 06:24:57,"ntc2_C",-4.37470958261321,1014899
20,2026-07-22 06:24:57,"testSB_C",-4.63478863317164,1022533
21,2026-07-22 06:24:57,"ntc1_C",-4.76629248145395,1027644
21,2026-07-22 06:24:57,"ntc2_C",-4.37737145121099,1013910
21,2026-07-22 06:24:57,"testSB_C",-4.82831305279603,1032758
22,2026-07-22 06:24:57,"ntc1_C",-4.74782494141482,1029593
22,2026-07-22 06:24:57,"ntc2_C",-4.50236170264503,1020529
22,2026-07-22 06:24:57,"testSB_C",-4.68675293058521,1025296
23,2026-07-22 06:24:57,"ntc1_C",-4.53883681317541,1022972
23,2026-07-22 06:24:57,"ntc2_C",-4.55768771129266,1021207
23,2026-07-22 06:24:57,"testSB_C",-4.77169885560363,1028370
24,2026-07-22 06:24:57,"ntc1_C",-4.72426945824566,1028604
24,2026-07-22 06:24:57,"ntc2_C",-4.49293437327486,1020558
24,2026-07-22 06:24:57,"testSB_C",-4.6205155916885,1022065
1,2026-07-22 09:24:57,"ntc1_C",-0.041483804669042,848774
1,2026-07-22 09:24:57,"testSB_C",-0.245338151793248,857811
2,2026-07-22 09:24:57,"ntc1_C",-0.191233504358706,855235
2,2026-07-22 09:24:57,"ntc2_C",-0.200542571449546,855361
2,2026-07-22 09:24:57,"testSB_C",-0.140695808918565,855441
3,2026-07-22 09:24:57,"ntc1_C",1.46086140434562,801809
3,2026-07-22 09:24:57,"ntc2_C",0.920290594132553,818439
3,2026-07-22 09:24:57,"testSB_C",0.677283871127315,826321
4,2026-07-22 09:24:57,"ntc1_C",1.37831850902899,803994
4,2026-07-22 09:24:57,"ntc2_C",1.47180207740053,799199
4,2026-07-22 09:24:57,"testSB_C",0.587268304823567,828221
5,2026-07-22 09:24:57,"ntc1_C",0.475863371802632,831888
5,2026-07-22 09:24:57,"ntc2_C",0.814303833128577,821898
5,2026-07-22 09:24:57,"testSB_C",0.594379220734368,829792
6,2026-07-22 09:24:57,"ntc1_C",0.519557263345575,831146
6,2026-07-22 09:24:57,"ntc2_C",0.823024470121027,821841
6,2026-07-22 09:24:57,"testSB_C",0.337219499060836,838323
7,2026-07-22 09:24:57,"ntc1_C",0.698701754890408,824919
7,2026-07-22 09:24:57,"ntc2_C",1.2603859059534,807909
7,2026-07-22 09:24:57,"testSB_C",0.474864508737426,833937
8,2026-07-22 09:24:57,"ntc1_C",0.392430233645314,838232
8,2026-07-22 09:24:57,"ntc2_C",0.52282854393377,830654
8,2026-07-22 09:24:57,"testSB_C",1.08283405962885,810773
9,2026-07-22 09:24:57,"ntc1_C",0.501984272608979,831186
9,2026-07-22 09:24:57,"ntc2_C",0.773175864620725,824819
9,2026-07-22 09:24:57,"testSB_C",0.530144605857799,831622
10,2026-07-22 09:24:57,"ntc1_C",0.495992311062935,833266
10,2026-07-22 09:24:57,"ntc2_C",0.975666902897331,815268
10,2026-07-22 09:24:57,"testSB_C",0.425264992456675,834036
11,2026-07-22 09:24:57,"ntc1_C",0.319118275053938,839416
11,2026-07-22 09:24:57,"ntc2_C",0.767367414793455,824052
11,2026-07-22 09:24:57,"testSB_C",0.524452670869152,831036
12,2026-07-22 09:24:57,"ntc1_C",0.999628797975618,816094
12,2026-07-22 09:24:57,"ntc2_C",0.832653518771508,821107
12,2026-07-22 09:24:57,"testSB_C",0.486961347234171,832391
13,2026-07-22 09:24:57,"ntc1_C",0.63937727857666,830273
13,2026-07-22 09:24:57,"ntc2_C",0.86810988805405,818454
13,2026-07-22 09:24:57,"testSB_C",0.60681125967875,828458
14,2026-07-22 09:24:57,"ntc1_C",0.634782938525916,826815
14,2026-07-22 09:24:57,"ntc2_C",0.897866699364783,820088
14,2026-07-22 09:24:57,"testSB_C",0.594216831803465,829986
15,2026-07-22 09:24:57,"ntc1_C",0.557704451706968,828776
15,2026-07-22 09:24:57,"ntc2_C",1.09955741579398,813578
15,2026-07-22 09:24:57,"testSB_C",1.13193307898069,812666
16,2026-07-22 09:24:57,"ntc1_C",0.500019664457795,831405
16,2026-07-22 09:24:57,"ntc2_C",0.633367986272447,826426
16,2026-07-22 09:24:57,"testSB_C",0.557453341983262,828896
17,2026-07-22 09:24:57,"ntc1_C",0.535861007170354,830127
17,2026-07-22 09:24:57,"ntc2_C",0.716876318855498,823841
17,2026-07-22 09:24:57,"testSB_C",0.43850758233657,835587
18,2026-07-22 09:24:57,"ntc1_C",0.489055322233071,834312
18,2026-07-22 09:24:57,"ntc2_C",0.831329904290214,820982
18,2026-07-22 09:24:57,"testSB_C",0.56237293518177,829017
19,2026-07-22 09:24:57,"ntc1_C",0.547037816055536,832021
19,2026-07-22 09:24:57,"ntc2_C",0.55447828522432,830875
19,2026-07-22 09:24:57,"testSB_C",0.596758722528818,830605
20,2026-07-22 09:24:57,"ntc1_C",0.608410011440014,828446
20,2026-07-22 09:24:57,"ntc2_C",1.14301923115363,812216
20,2026-07-22 09:24:57,"testSB_C",0.84728833738501,819462
21,2026-07-22 09:24:57,"ntc1_C",0.589701377005554,827851
21,2026-07-22 09:24:57,"ntc2_C",1.01473902176372,815580
21,2026-07-22 09:24:57,"testSB_C",0.4165044383235,835499
22,2026-07-22 09:24:57,"ntc1_C",0.60318047951364,829466
22,2026-07-22 09:24:57,"ntc2_C",0.956868006152376,818799
22,2026-07-22 09:24:57,"testSB_C",0.4675471533767,832609
23,2026-07-22 09:24:57,"ntc1_C",0.609240373574437,830943
23,2026-07-22 09:24:57,"ntc2_C",0.832702297332958,821474
23,2026-07-22 09:24:57,"testSB_C",0.459836785100208,832605
24,2026-07-22 09:24:57,"ntc1_C",0.46003379883075,834176
24,2026-07-22 09:24:57,"ntc2_C",0.754832562195702,825668
24,2026-07-22 09:24:57,"testSB_C",0.5709688972442,828771
1,2026-07-22 12:24:57,"ntc1_C",2.0233409547576,781282
1,2026-07-22 12:24:57,"testSB_C",2.02113120628218,783254
2,2026-07-22 12:24:57,"ntc1_C",1.83754948948308,788327
2,2026-07-22 12:24:57,"ntc2_C",1.95990489405614,784304
2,2026-07-22 12:24:57,"testSB_C",1.8989138009664,788254
3,2026-07-22 12:24:57,"ntc1_C",3.32741008422403,744150
3,2026-07-22 12:24:57,"ntc2_C",2.93306706501141,755056
3,2026-07-22 12:24:57,"testSB_C",2.84033471190412,757769
4,2026-07-22 12:24:57,"ntc1_C",3.05758455249651,751753
4,2026-07-22 12:24:57,"ntc2_C",3.11110499640881,748493
4,2026-07-22 12:24:57,"testSB_C",2.72376608350447,760303
5,2026-07-22 12:24:57,"ntc1_C",2.71451620041813,760500
5,2026-07-22 12:24:57,"ntc2_C",2.7066990449195,761927
5,2026-07-22 12:24:57,"testSB_C",2.77803317016759,760300
6,2026-07-22 12:24:57,"ntc1_C",2.53294719067242,766748
6,2026-07-22 12:24:57,"ntc2_C",2.75735463808491,760574
6,2026-07-22 12:24:57,"testSB_C",2.52476341368509,767952
7,2026-07-22 12:24:57,"ntc1_C",2.74735582375348,759921
7,2026-07-22 12:24:57,"ntc2_C",2.93426279374404,755559
7,2026-07-22 12:24:57,"testSB_C",2.68422126210004,763307
8,2026-07-22 12:24:57,"ntc1_C",2.58753444858274,767635
8,2026-07-22 12:24:57,"ntc2_C",2.65198628065968,762756
8,2026-07-22 12:24:57,"testSB_C",2.9792372566933,751539
9,2026-07-22 12:24:57,"ntc1_C",2.60156456839542,764158
9,2026-07-22 12:24:57,"ntc2_C",2.83873006111412,759327
9,2026-07-22 12:24:57,"testSB_C",2.63914740693809,764239
10,2026-07-22 12:24:57,"ntc1_C",2.64865286854058,764431
10,2026-07-22 12:24:57,"ntc2_C",2.84672961294302,756447
10,2026-07-22 12:24:57,"testSB_C",2.62961780592127,763519
11,2026-07-22 12:24:57,"ntc1_C",2.52900416431203,768293
11,2026-07-22 12:24:57,"ntc2_C",2.84342414228746,758334
11,2026-07-22 12:24:57,"testSB_C",2.72158428512336,761047
12,2026-07-22 12:24:57,"ntc1_C",2.99122926422859,753581
12,2026-07-22 12:24:57,"ntc2_C",2.85385499852066,757287
12,2026-07-22 12:24:57,"testSB_C",2.68252909973063,762300
13,2026-07-22 12:24:57,"ntc1_C",2.82315171174145,760719
13,2026-07-22 12:24:57,"ntc2_C",3.00858120674354,751222
13,2026-07-22 12:24:57,"testSB_C",2.78763168971182,759136
14,2026-07-22 12:24:57,"ntc1_C",2.84074652836836,756909
14,2026-07-22 12:24:57,"ntc2_C",2.9255411042397,756151
14,2026-07-22 12:24:57,"testSB_C",2.76582664441094,760832
15,2026-07-22 12:24:57,"ntc1_C",2.68651537528638,761048
15,2026-07-22 12:24:57,"ntc2_C",2.94963703580243,755499
15,2026-07-22 12:24:57,"testSB_C",2.91875338566041,756558
16,2026-07-22 12:24:57,"ntc1_C",2.61720692796138,763764
16,2026-07-22 12:24:57,"ntc2_C",2.72152591188842,760085
16,2026-07-22 12:24:57,"testSB_C",2.68764132633498,761061
17,2026-07-22 12:24:57,"ntc1_C",2.75152056114194,759588
17,2026-07-22 12:24:57,"ntc2_C",2.71672499619194,760414
17,2026-07-22 12:24:57,"testSB_C",2.55043348116703,767748
18,2026-07-22 12:24:57,"ntc1_C",2.65989558689807,764803
18,2026-07-22 12:24:57,"ntc2_C",2.64917442694542,763359
18,2026-07-22 12:24:57,"testSB_C",2.651759569425,762405
19,2026-07-22 12:24:57,"ntc1_C",2.64064270594895,765048
19,2026-07-22 12:24:57,"ntc2_C",2.57697388444586,766164
19,2026-07-22 12:24:57,"testSB_C",2.6483314953486,765033
20,2026-07-22 12:24:57,"ntc1_C",2.71979327868604,761212
20,2026-07-22 12:24:57,"ntc2_C",2.88385154908161,757515
20,2026-07-22 12:24:57,"testSB_C",2.9007227536888,754770
21,2026-07-22 12:24:57,"ntc1_C",2.63597080327486,762730
21,2026-07-22 12:24:57,"ntc2_C",2.77129891998908,760176
21,2026-07-22 12:24:57,"testSB_C",2.40182934064984,771566
22,2026-07-22 12:24:57,"ntc1_C",2.61031091026121,765378
22,2026-07-22 12:24:57,"ntc2_C",2.83809620632945,759438
22,2026-07-22 12:24:57,"testSB_C",2.42522706075954,769794
23,2026-07-22 12:24:57,"ntc1_C",2.51894683166125,769719
23,2026-07-22 12:24:57,"ntc2_C",2.72599700535102,761488
23,2026-07-22 12:24:57,"testSB_C",2.42447418442583,769614
24,2026-07-22 12:24:57,"ntc1_C",2.51954409853539,768055
24,2026-07-22 12:24:57,"ntc2_C",2.53650769841954,768775
24,2026-07-22 12:24:57,"testSB_C",2.44886416323249,768699
1,2026-07-22 15:24:57,"ntc1_C",0.947381339608228,815710
1,2026-07-22 15:24:57,"testSB_C",0.897937768733527,819303
2,2026-07-22 15:24:57,"ntc1_C",0.797659024773338,821900
2,2026-07-22 15:24:57,"ntc2_C",0.993948976593231,815268
2,2026-07-22 15:24:57,"testSB_C",0.92020801233798,819767
3,2026-07-22 15:24:57,"ntc1_C",1.18222563548505,810816
3,2026-07-22 15:24:57,"ntc2_C",1.06489800791411,813702
3,2026-07-22 15:24:57,"testSB_C",0.808144744305537,821992
4,2026-07-22 15:24:57,"ntc1_C",1.36622294891976,804384
4,2026-07-22 15:24:57,"ntc2_C",1.38988051139899,801827
4,2026-07-22 15:24:57,"testSB_C",1.3260721633203,804033
5,2026-07-22 15:24:57,"ntc1_C",1.35820312901541,802936
5,2026-07-22 15:24:57,"ntc2_C",1.31864320710872,805440
5,2026-07-22 15:24:57,"testSB_C",1.40919577451911,803103
6,2026-07-22 15:24:57,"ntc1_C",1.24928387853896,807166
6,2026-07-22 15:24:57,"ntc2_C",1.32702975314078,805388
6,2026-07-22 15:24:57,"testSB_C",1.40991296913137,802997
7,2026-07-22 15:24:57,"ntc1_C",1.48537923425198,799287
7,2026-07-22 15:24:57,"ntc2_C",1.31581647138216,806115
7,2026-07-22 15:24:57,"testSB_C",1.24334126549752,808613
8,2026-07-22 15:24:57,"ntc1_C",1.31244095059441,807838
8,2026-07-22 15:24:57,"ntc2_C",1.29818935945252,805212
8,2026-07-22 15:24:57,"testSB_C",1.2546487574578,805207
9,2026-07-22 15:24:57,"ntc1_C",1.42725782643186,800907
9,2026-07-22 15:24:57,"ntc2_C",1.53419822207053,800016
9,2026-07-22 15:24:57,"testSB_C",1.46349475575647,801053
10,2026-07-22 15:24:57,"ntc1_C",1.39998783641175,803589
10,2026-07-22 15:24:57,"ntc2_C",1.41295729051836,801098
10,2026-07-22 15:24:57,"testSB_C",1.00831109300253,814736
11,2026-07-22 15:24:57,"ntc1_C",1.18964182855649,810598
11,2026-07-22 15:24:57,"ntc2_C",1.37780007573872,804122
11,2026-07-22 15:24:57,"testSB_C",1.54780263765826,797622
12,2026-07-22 15:24:57,"ntc1_C",1.52879512161144,798964
12,2026-07-22 15:24:57,"ntc2_C",1.47423570850049,800251
12,2026-07-22 15:24:57,"testSB_C",1.35727441887252,803821
13,2026-07-22 15:24:57,"ntc1_C",1.57928666603794,799543
13,2026-07-22 15:24:57,"ntc2_C",1.73363535608627,790528
13,2026-07-22 15:24:57,"testSB_C",1.62482420805298,795297
14,2026-07-22 15:24:57,"ntc1_C",1.80054492679784,789056
14,2026-07-22 15:24:57,"ntc2_C",1.66242017393949,795330
14,2026-07-22 15:24:57,"testSB_C",1.6533706822749,795459
15,2026-07-22 15:24:57,"ntc1_C",1.65368237736345,793142
15,2026-07-22 15:24:57,"ntc2_C",1.64575296983628,795953
15,2026-07-22 15:24:57,"testSB_C",1.65208766651705,795890
16,2026-07-22 15:24:57,"ntc1_C",1.6311068894492,794511
16,2026-07-22 15:24:57,"ntc2_C",1.81368084232798,788204
16,2026-07-22 15:24:57,"testSB_C",1.65110181133178,793301
17,2026-07-22 15:24:57,"ntc1_C",1.81396859135941,788627
17,2026-07-22 15:24:57,"ntc2_C",1.87710288981845,786388
17,2026-07-22 15:24:57,"testSB_C",1.86285269023881,789169
18,2026-07-22 15:24:57,"ntc1_C",1.87730041953631,789125
18,2026-07-22 15:24:57,"ntc2_C",1.66045614585386,794147
18,2026-07-22 15:24:57,"testSB_C",1.8595435914396,786967
19,2026-07-22 15:24:57,"ntc1_C",1.89343793653126,788269
19,2026-07-22 15:24:57,"ntc2_C",1.76000402327122,791635
19,2026-07-22 15:24:57,"testSB_C",1.82965389141316,790515
20,2026-07-22 15:24:57,"ntc1_C",1.98351187962038,783975
20,2026-07-22 15:24:57,"ntc2_C",1.66266980372183,795461
20,2026-07-22 15:24:57,"testSB_C",2.13801192781273,778141
21,2026-07-22 15:24:57,"ntc1_C",1.9181071107983,784933
21,2026-07-22 15:24:57,"ntc2_C",1.65874172431035,794785
21,2026-07-22 15:24:57,"testSB_C",1.71010049232694,793231
22,2026-07-22 15:24:57,"ntc1_C",1.99611254703348,784411
22,2026-07-22 15:24:57,"ntc2_C",1.89751478911421,788523
22,2026-07-22 15:24:57,"testSB_C",1.725203668929,791656
23,2026-07-22 15:24:57,"ntc1_C",1.67149529486272,796275
23,2026-07-22 15:24:57,"ntc2_C",1.82914877370922,789301
23,2026-07-22 15:24:57,"testSB_C",1.72121724919026,791559
24,2026-07-22 15:24:57,"ntc1_C",1.91356820406179,786912
24,2026-07-22 15:24:57,"ntc2_C",1.68509010920747,795425
24,2026-07-22 15:24:57,"testSB_C",1.7080883565863,791824
1,2026-07-22 18:24:57,"ntc1_C",0.149477537546375,842280
1,2026-07-22 18:24:57,"testSB_C",0.0100127706137414,849047
2,2026-07-22 18:24:57,"ntc1_C",0.0773808158563725,846041
2,2026-07-22 18:24:57,"ntc2_C",0.307775869511374,838050
2,2026-07-22 18:24:57,"testSB_C",0.0260185424915562,849728
3,2026-07-22 18:24:57,"ntc1_C",0.10327279978668,846718
3,2026-07-22 18:24:57,"ntc2_C",0.114235816227449,845384
3,2026-07-22 18:24:57,"testSB_C",-0.033653639170609,850265
4,2026-07-22 18:24:57,"ntc1_C",0.273534523687829,840457
4,2026-07-22 18:24:57,"ntc2_C",0.337241945868868,836423
4,2026-07-22 18:24:57,"testSB_C",0.298015287299904,837900
5,2026-07-22 18:24:57,"ntc1_C",0.349352799367068,836129
5,2026-07-22 18:24:57,"ntc2_C",0.253000418509828,840635
5,2026-07-22 18:24:57,"testSB_C",0.299202579894597,839691
6,2026-07-22 18:24:57,"ntc1_C",0.239396836321191,840552
6,2026-07-22 18:24:57,"ntc2_C",0.127631411102527,845129
6,2026-07-22 18:24:57,"testSB_C",0.45810354693225,834261
7,2026-07-22 18:24:57,"ntc1_C",0.565550095972753,829343
7,2026-07-22 18:24:57,"ntc2_C",0.09589194187879,846593
7,2026-07-22 18:24:57,"testSB_C",0.433164062526373,835335
8,2026-07-22 18:24:57,"ntc1_C",0.52367468723736,833823
8,2026-07-22 18:24:57,"ntc2_C",0.617389224182659,827506
8,2026-07-22 18:24:57,"testSB_C",0.202011388707831,839956
9,2026-07-22 18:24:57,"ntc1_C",0.916213707612314,817483
9,2026-07-22 18:24:57,"ntc2_C",0.696406155207001,827366
9,2026-07-22 18:24:57,"testSB_C",0.967267541707827,817154
10,2026-07-22 18:24:57,"ntc1_C",0.754398804628124,824666
10,2026-07-22 18:24:57,"ntc2_C",0.541837234713171,829589
10,2026-07-22 18:24:57,"testSB_C",0.350936851992799,836531
11,2026-07-22 18:24:57,"ntc1_C",0.643249524175474,828561
11,2026-07-22 18:24:57,"ntc2_C",0.496104225057422,833076
11,2026-07-22 18:24:57,"testSB_C",0.997079642780534,815423
12,2026-07-22 18:24:57,"ntc1_C",0.56934773001467,830310
12,2026-07-22 18:24:57,"ntc2_C",0.62394943188832,828015
12,2026-07-22 18:24:57,"testSB_C",0.650934617385303,826927
13,2026-07-22 18:24:57,"ntc1_C",1.16563523953499,812916
13,2026-07-22 18:24:57,"ntc2_C",1.04968342405829,812510
13,2026-07-22 18:24:57,"testSB_C",1.17856339902272,809657
14,2026-07-22 18:24:57,"ntc1_C",1.4453532525697,800363
14,2026-07-22 18:24:57,"ntc2_C",1.00201182756075,816668
14,2026-07-22 18:24:57,"testSB_C",1.21277737083375,809633
15,2026-07-22 18:24:57,"ntc1_C",1.13885743993325,809674
15,2026-07-22 18:24:57,"ntc2_C",0.964367900326636,818004
15,2026-07-22 18:24:57,"testSB_C",0.898506358896384,820316
16,2026-07-22 18:24:57,"ntc1_C",1.03422075051316,813759
16,2026-07-22 18:24:57,"ntc2_C",0.969890856431107,815332
16,2026-07-22 18:24:57,"testSB_C",0.634131020260952,826346
17,2026-07-22 18:24:57,"ntc1_C",0.77801898582095,822090
17,2026-07-22 18:24:57,"ntc2_C",1.01972390716793,813886
17,2026-07-22 18:24:57,"testSB_C",1.05648766159203,815102
18,2026-07-22 18:24:57,"ntc1_C",0.977542793156772,818107
18,2026-07-22 18:24:57,"ntc2_C",0.738462265737041,824047
18,2026-07-22 18:24:57,"testSB_C",0.946624442950792,816318
19,2026-07-22 18:24:57,"ntc1_C",0.857803477454013,821699
19,2026-07-22 18:24:57,"ntc2_C",0.590412937792564,829676
19,2026-07-22 18:24:57,"testSB_C",0.717088397271766,826599
20,2026-07-22 18:24:57,"ntc1_C",1.02893483190155,814569
20,2026-07-22 18:24:57,"ntc2_C",0.431719607477987,835759
20,2026-07-22 18:24:57,"testSB_C",0.983330212711735,814999
21,2026-07-22 18:24:57,"ntc1_C",0.939091229788175,816327
21,2026-07-22 18:24:57,"ntc2_C",0.539708791724934,831288
21,2026-07-22 18:24:57,"testSB_C",0.637477701392868,828113
22,2026-07-22 18:24:57,"ntc1_C",0.901032823881167,819606
22,2026-07-22 18:24:57,"ntc2_C",0.651296682372106,828898
22,2026-07-22 18:24:57,"testSB_C",0.767183884350459,822652
23,2026-07-22 18:24:57,"ntc1_C",0.6716682585228,828862
23,2026-07-22 18:24:57,"ntc2_C",0.627127132148814,828283
23,2026-07-22 18:24:57,"testSB_C",0.745936443712139,823101
24,2026-07-22 18:24:57,"ntc1_C",1.06172409628016,814256
24,2026-07-22 18:24:57,"ntc2_C",0.747414648434244,825914
24,2026-07-22 18:24:57,"testSB_C",1.01501815047044,814130
1,2026-07-22 21:24:57,"ntc1_C",-2.44599890477275,935221
1,2026-07-22 21:24:57,"testSB_C",-2.46469527610122,938124
2,2026-07-22 21:24:57,"ntc1_C",-2.44951677435103,936823
2,2026-07-22 21:24:57,"ntc2_C",-2.43423690665304,936021
2,2026-07-22 21:24:57,"testSB_C",-2.43021713838431,938128
3,2026-07-22 21:24:57,"ntc1_C",-2.41233684589815,937098
3,2026-07-22 21:24:57,"ntc2_C",-2.44254417800414,937220
3,2026-07-22 21:24:57,"testSB_C",-2.54179259052722,940751
4,2026-07-22 21:24:57,"ntc1_C",-2.34660290292322,934095
4,2026-07-22 21:24:57,"ntc2_C",-2.34618959050852,931946
4,2026-07-22 21:24:57,"testSB_C",-2.41846179603812,934844
5,2026-07-22 21:24:57,"ntc1_C",-2.39596549744635,934006
5,2026-07-22 21:24:57,"ntc2_C",-2.36308241282779,934107
5,2026-07-22 21:24:57,"testSB_C",-2.38535928925342,935654
6,2026-07-22 21:24:57,"ntc1_C",-2.4201323561457,935641
6,2026-07-22 21:24:57,"ntc2_C",-2.40278677204333,935922
6,2026-07-22 21:24:57,"testSB_C",-2.40965137297525,936474
7,2026-07-22 21:24:57,"ntc1_C",-2.34997301405804,932762
7,2026-07-22 21:24:57,"ntc2_C",-2.38895912014169,935828
7,2026-07-22 21:24:57,"testSB_C",-2.42787897958704,937413
8,2026-07-22 21:24:57,"ntc1_C",-2.42402843218917,939024
8,2026-07-22 21:24:57,"ntc2_C",-2.44023191953647,935992
8,2026-07-22 21:24:57,"testSB_C",-2.43234971677344,934053
9,2026-07-22 21:24:57,"ntc1_C",-2.37001936274299,933131
9,2026-07-22 21:24:57,"ntc2_C",-2.38160981546849,936651
9,2026-07-22 21:24:57,"testSB_C",-2.33983197335772,933597
10,2026-07-22 21:24:57,"ntc1_C",-2.43981549535044,937900
10,2026-07-22 21:24:57,"ntc2_C",-2.3504097190027,932122
10,2026-07-22 21:24:57,"testSB_C",-2.56651839443595,940955
11,2026-07-22 21:24:57,"ntc1_C",-2.52334099887202,941291
11,2026-07-22 21:24:57,"ntc2_C",-2.47499221924863,939033
11,2026-07-22 21:24:57,"testSB_C",-2.40311698291998,935059
12,2026-07-22 21:24:57,"ntc1_C",-2.36593029941412,934540
12,2026-07-22 21:24:57,"ntc2_C",-2.44633596991224,937046
12,2026-07-22 21:24:57,"testSB_C",-2.45763366471192,937279
13,2026-07-22 21:24:57,"ntc1_C",-2.30571345243669,934902
13,2026-07-22 21:24:57,"ntc2_C",-2.31837343270911,930591
13,2026-07-22 21:24:57,"testSB_C",-2.31498173327594,931999
14,2026-07-22 21:24:57,"ntc1_C",-2.29790564179996,930499
14,2026-07-22 21:24:57,"ntc2_C",-2.30308757691893,932931
14,2026-07-22 21:24:57,"testSB_C",-2.30573092143243,932872
15,2026-07-22 21:24:57,"ntc1_C",-2.31896669749165,930593
15,2026-07-22 21:24:57,"ntc2_C",-2.30339419502729,933102
15,2026-07-22 21:24:57,"testSB_C",-2.30248016642338,933246
16,2026-07-22 21:24:57,"ntc1_C",-2.35892519211166,932961
16,2026-07-22 21:24:57,"ntc2_C",-2.39611629257519,933776
16,2026-07-22 21:24:57,"testSB_C",-2.51395610662564,938182
17,2026-07-22 21:24:57,"ntc1_C",-2.47752259026521,937367
17,2026-07-22 21:24:57,"ntc2_C",-2.35641058225605,932444
17,2026-07-22 21:24:57,"testSB_C",-2.33797126594607,934552
18,2026-07-22 21:24:57,"ntc1_C",-2.36259273773732,935919
18,2026-07-22 21:24:57,"ntc2_C",-2.33340990317384,932548
18,2026-07-22 21:24:57,"testSB_C",-2.33810114193022,931865
19,2026-07-22 21:24:57,"ntc1_C",-2.38017646335692,936232
19,2026-07-22 21:24:57,"ntc2_C",-2.42290759699915,936852
19,2026-07-22 21:24:57,"testSB_C",-2.37729748622718,936412
20,2026-07-22 21:24:57,"ntc1_C",-2.33028802200454,932658
20,2026-07-22 21:24:57,"ntc2_C",-2.42859835340215,937949
20,2026-07-22 21:24:57,"testSB_C",-2.33741630277069,931662
21,2026-07-22 21:24:57,"ntc1_C",-2.3242508675275,930920
21,2026-07-22 21:24:57,"ntc2_C",-2.33200564124462,933303
21,2026-07-22 21:24:57,"testSB_C",-2.39035053614089,935608
22,2026-07-22 21:24:57,"ntc1_C",-2.3744236307989,935211
22,2026-07-22 21:24:57,"ntc2_C",-2.35359605677218,935518
22,2026-07-22 21:24:57,"testSB_C",-2.33929441160302,932307
23,2026-07-22 21:24:57,"ntc1_C",-2.34616280748202,936045
23,2026-07-22 21:24:57,"ntc2_C",-2.38953155430704,935351
23,2026-07-22 21:24:57,"testSB_C",-2.36586572906555,932947
24,2026-07-22 21:24:57,"ntc1_C",-2.33125686909824,933546
24,2026-07-22 21:24:57,"ntc2_C",-2.33438383053283,935122
24,2026-07-22 21:24:57,"testSB_C",-2.32390268028985,931297
1,2026-07-23 00:24:57,"ntc1_C",-2.64149130504825,942645
1,2026-07-23 00:24:57,"testSB_C",-2.66137676462466,945613
2,2026-07-23 00:24:57,"ntc1_C",-2.63968751463557,944057
2,2026-07-23 00:24:57,"ntc2_C",-2.63940192411059,943820
2,2026-07-23 00:24:57,"testSB_C",-2.6360958815464,945964
3,2026-07-23 00:24:57,"ntc1_C",-2.72506527021204,949022
3,2026-07-23 00:24:57,"ntc2_C",-2.73082547970768,948213
3,2026-07-23 00:24:57,"testSB_C",-2.81598909196629,951239
4,2026-07-23 00:24:57,"ntc1_C",-2.66360957211077,946146
4,2026-07-23 00:24:57,"ntc2_C",-2.66905161297018,944189
4,2026-07-23 00:24:57,"testSB_C",-2.71200316804544,946004
5,2026-07-23 00:24:57,"ntc1_C",-2.69235499042793,945271
5,2026-07-23 00:24:57,"ntc2_C",-2.66002366658955,945387
5,2026-07-23 00:24:57,"testSB_C",-2.68947239979866,947230
6,2026-07-23 00:24:57,"ntc1_C",-2.71173535154924,946734
6,2026-07-23 00:24:57,"ntc2_C",-2.70391692405195,947390
6,2026-07-23 00:24:57,"testSB_C",-2.71874607606497,948251
7,2026-07-23 00:24:57,"ntc1_C",-2.66919081777206,944882
7,2026-07-23 00:24:57,"ntc2_C",-2.70096459240534,947712
7,2026-07-23 00:24:57,"testSB_C",-2.72723692664545,948827
8,2026-07-23 00:24:57,"ntc1_C",-2.71325789016811,950073
8,2026-07-23 00:24:57,"ntc2_C",-2.74108064643298,947447
8,2026-07-23 00:24:57,"testSB_C",-2.75414319943502,946285
9,2026-07-23 00:24:57,"ntc1_C",-2.70089125159234,945694
9,2026-07-23 00:24:57,"ntc2_C",-2.7082519496862,949109
9,2026-07-23 00:24:57,"testSB_C",-2.68613029270745,946763
10,2026-07-23 00:24:57,"ntc1_C",-2.74486049558021,949538
10,2026-07-23 00:24:57,"ntc2_C",-2.6929730323514,945121
10,2026-07-23 00:24:57,"testSB_C",-2.81769180748807,950564
11,2026-07-23 00:24:57,"ntc1_C",-2.79223088267781,951579
11,2026-07-23 00:24:57,"ntc2_C",-2.79018261292981,951077
11,2026-07-23 00:24:57,"testSB_C",-2.75514562874309,948460
12,2026-07-23 00:24:57,"ntc1_C",-2.73019050296551,948403
12,2026-07-23 00:24:57,"ntc2_C",-2.76336578363538,949134
12,2026-07-23 00:24:57,"testSB_C",-2.74449693470808,948215
13,2026-07-23 00:24:57,"ntc1_C",-2.66890392246569,948733
13,2026-07-23 00:24:57,"ntc2_C",-2.67969742720504,944290
13,2026-07-23 00:24:57,"testSB_C",-2.66899542257875,945438
14,2026-07-23 00:24:57,"ntc1_C",-2.66377556092669,944362
14,2026-07-23 00:24:57,"ntc2_C",-2.65766533078266,946399
14,2026-07-23 00:24:57,"testSB_C",-2.65301359358955,946063
15,2026-07-23 00:24:57,"ntc1_C",-2.66108836384785,943549
15,2026-07-23 00:24:57,"ntc2_C",-2.66205397422368,946734
15,2026-07-23 00:24:57,"testSB_C",-2.66552452122863,947049
16,2026-07-23 00:24:57,"ntc1_C",-2.69985768731362,945914
16,2026-07-23 00:24:57,"ntc2_C",-2.71230486179496,945796
16,2026-07-23 00:24:57,"testSB_C",-2.79280173597988,948827
17,2026-07-23 00:24:57,"ntc1_C",-2.76915462298103,948491
17,2026-07-23 00:24:57,"ntc2_C",-2.69058313986466,945128
17,2026-07-23 00:24:57,"testSB_C",-2.65043773092873,946436
18,2026-07-23 00:24:57,"ntc1_C",-2.67605263783122,947855
18,2026-07-23 00:24:57,"ntc2_C",-2.66275841067784,945041
18,2026-07-23 00:24:57,"testSB_C",-2.66225589762166,944165
19,2026-07-23 00:24:57,"ntc1_C",-2.70106169242052,948462
19,2026-07-23 00:24:57,"ntc2_C",-2.71660656678358,948049
19,2026-07-23 00:24:57,"testSB_C",-2.70771665553974,949012
20,2026-07-23 00:24:57,"ntc1_C",-2.6728834638111,945674
20,2026-07-23 00:24:57,"ntc2_C",-2.72564358724742,949289
20,2026-07-23 00:24:57,"testSB_C",-2.69090293903776,945076
21,2026-07-23 00:24:57,"ntc1_C",-2.64819090205407,943184
21,2026-07-23 00:24:57,"ntc2_C",-2.64225315728504,945086
21,2026-07-23 00:24:57,"testSB_C",-2.6545232370766,945658
22,2026-07-23 00:24:57,"ntc1_C",-2.69803172690155,947529
22,2026-07-23 00:24:57,"ntc2_C",-2.65610394715236,947024
22,2026-07-23 00:24:57,"testSB_C",-2.61132920937547,942616
23,2026-07-23 00:24:57,"ntc1_C",-2.62226541540599,946553
23,2026-07-23 00:24:57,"ntc2_C",-2.70157292023464,947228
23,2026-07-23 00:24:57,"testSB_C",-2.62733106096425,942854
24,2026-07-23 00:24:57,"ntc1_C",-2.61802559463575,944437
24,2026-07-23 00:24:57,"ntc2_C",-2.60409234887385,945376
24,2026-07-23 00:24:57,"testSB_C",-2.60570097616875,941966
1,2026-07-23 03:24:57,"ntc1_C",-3.73277141314514,985236
1,2026-07-23 03:24:57,"testSB_C",-3.73935431125301,987785
2,2026-07-23 03:24:57,"ntc1_C",-3.722254378066,986365
2,2026-07-23 03:24:57,"ntc2_C",-3.71095191440378,985672
2,2026-07-23 03:24:57,"testSB_C",-3.71261596209695,988067
3,2026-07-23 03:24:57,"ntc1_C",-3.76336262636704,989761
3,2026-07-23 03:24:57,"ntc2_C",-3.75685661310888,988444
3,2026-07-23 03:24:57,"testSB_C",-3.8074955103707,990195
4,2026-07-23 03:24:57,"ntc1_C",-3.71246660456194,987190
4,2026-07-23 03:24:57,"ntc2_C",-3.71911667781279,985184
4,2026-07-23 03:24:57,"testSB_C",-3.71709825976501,985283
5,2026-07-23 03:24:57,"ntc1_C",-3.70217438051986,984730
5,2026-07-23 03:24:57,"ntc2_C",-3.69433809488379,985803
5,2026-07-23 03:24:57,"testSB_C",-3.69727566670258,986674
6,2026-07-23 03:24:57,"ntc1_C",-3.69798270688017,985282
6,2026-07-23 03:24:57,"ntc2_C",-3.70302513724641,986503
6,2026-07-23 03:24:57,"testSB_C",-3.69918115990868,986642
7,2026-07-23 03:24:57,"ntc1_C",-3.66524645310801,983770
7,2026-07-23 03:24:57,"ntc2_C",-3.69058882432768,986461
7,2026-07-23 03:24:57,"testSB_C",-3.69200473404658,986611
8,2026-07-23 03:24:57,"ntc1_C",-3.67390569600678,987757
8,2026-07-23 03:24:57,"ntc2_C",-3.69299530217114,984668
8,2026-07-23 03:24:57,"testSB_C",-3.69930127975715,983191
9,2026-07-23 03:24:57,"ntc1_C",-3.65927214166129,983092
9,2026-07-23 03:24:57,"ntc2_C",-3.66479163004266,986598
9,2026-07-23 03:24:57,"testSB_C",-3.6550716764902,984644
10,2026-07-23 03:24:57,"ntc1_C",-3.66473749064869,985556
10,2026-07-23 03:24:57,"ntc2_C",-3.65837721323408,982785
10,2026-07-23 03:24:57,"testSB_C",-3.72471267725228,986126
11,2026-07-23 03:24:57,"ntc1_C",-3.69677085268552,987059
11,2026-07-23 03:24:57,"ntc2_C",-3.6886318566327,986303
11,2026-07-23 03:24:57,"testSB_C",-3.65450297292637,983617
12,2026-07-23 03:24:57,"ntc1_C",-3.66069595629011,984801
12,2026-07-23 03:24:57,"ntc2_C",-3.65713638412922,984098
12,2026-07-23 03:24:57,"testSB_C",-3.65675105023234,983888
13,2026-07-23 03:24:57,"ntc1_C",-3.63812027027905,986699
13,2026-07-23 03:24:57,"ntc2_C",-3.63198794748837,981414
13,2026-07-23 03:24:57,"testSB_C",-3.62612686516422,982796
14,2026-07-23 03:24:57,"ntc1_C",-3.62553531179901,981843
14,2026-07-23 03:24:57,"ntc2_C",-3.62503040481829,984186
14,2026-07-23 03:24:57,"testSB_C",-3.62620033408047,984077
15,2026-07-23 03:24:57,"ntc1_C",-3.62132365352312,980930
15,2026-07-23 03:24:57,"ntc2_C",-3.62255378974203,984276
15,2026-07-23 03:24:57,"testSB_C",-3.62549909156201,984585
16,2026-07-23 03:24:57,"ntc1_C",-3.62231978962649,981912
16,2026-07-23 03:24:57,"ntc2_C",-3.62989628936526,981603
16,2026-07-23 03:24:57,"testSB_C",-3.65338137053374,982483
17,2026-07-23 03:24:57,"ntc1_C",-3.64320220692292,982664
17,2026-07-23 03:24:57,"ntc2_C",-3.6159762489109,981202
17,2026-07-23 03:24:57,"testSB_C",-3.60629974322251,983780
18,2026-07-23 03:24:57,"ntc1_C",-3.61519798633486,984577
18,2026-07-23 03:24:57,"ntc2_C",-3.61280536466683,982068
18,2026-07-23 03:24:57,"testSB_C",-3.61857902905098,981451
19,2026-07-23 03:24:57,"ntc1_C",-3.62644765748706,984675
19,2026-07-23 03:24:57,"ntc2_C",-3.6282123902846,983702
19,2026-07-23 03:24:57,"testSB_C",-3.63043054167224,985145
20,2026-07-23 03:24:57,"ntc1_C",-3.6297604996401,983043
20,2026-07-23 03:24:57,"ntc2_C",-3.64951729141842,985483
20,2026-07-23 03:24:57,"testSB_C",-3.63009207289844,981706
21,2026-07-23 03:24:57,"ntc1_C",-3.63418573878818,981563
21,2026-07-23 03:24:57,"ntc2_C",-3.63634139934072,983899
21,2026-07-23 03:24:57,"testSB_C",-3.63437192326512,983931
22,2026-07-23 03:24:57,"ntc1_C",-3.64707408750695,984642
22,2026-07-23 03:24:57,"ntc2_C",-3.64526612717998,985692
22,2026-07-23 03:24:57,"testSB_C",-3.63367811608055,982438
23,2026-07-23 03:24:57,"ntc1_C",-3.63942914788987,986340
23,2026-07-23 03:24:57,"ntc2_C",-3.64812484514204,984230
23,2026-07-23 03:24:57,"testSB_C",-3.6398737531166,982270
24,2026-07-23 03:24:57,"ntc1_C",-3.62799540040783,983863
24,2026-07-23 03:24:57,"ntc2_C",-3.62278892180478,985178
24,2026-07-23 03:24:57,"testSB_C",-3.60868391310322,980988
1,2026-07-23 06:24:57,"ntc1_C",-3.9962436822758,995817
1,2026-07-23 06:24:57,"testSB_C",-3.96949128343539,997040
2,2026-07-23 06:24:57,"ntc1_C",-4.04533325477632,999371
2,2026-07-23 06:24:57,"ntc2_C",-3.99950773119866,997270
2,2026-07-23 06:24:57,"testSB_C",-4.00812110184148,999963
3,2026-07-23 06:24:57,"ntc1_C",-3.67847871865473,986363
3,2026-07-23 06:24:57,"ntc2_C",-3.7476450810924,988075
3,2026-07-23 06:24:57,"testSB_C",-3.77429519611184,988864
4,2026-07-23 06:24:57,"ntc1_C",-3.72323760402696,987621
4,2026-07-23 06:24:57,"ntc2_C",-3.71142371060034,984877
4,2026-07-23 06:24:57,"testSB_C",-3.79755625515082,988500
5,2026-07-23 06:24:57,"ntc1_C",-3.81816070321617,989371
5,2026-07-23 06:24:57,"ntc2_C",-3.79837734307625,989967
5,2026-07-23 06:24:57,"testSB_C",-3.80434219240169,990964
6,2026-07-23 06:24:57,"ntc1_C",-3.84004382936627,990968
6,2026-07-23 06:24:57,"ntc2_C",-3.80664912607665,990655
6,2026-07-23 06:24:57,"testSB_C",-3.83411081131305,992051
7,2026-07-23 06:24:57,"ntc1_C",-3.79775712210335,989068
7,2026-07-23 06:24:57,"ntc2_C",-3.74887107999456,988794
7,2026-07-23 06:24:57,"testSB_C",-3.80109172093375,990981
8,2026-07-23 06:24:57,"ntc1_C",-3.8321082508952,994111
8,2026-07-23 06:24:57,"ntc2_C",-3.82079044250577,989780
8,2026-07-23 06:24:57,"testSB_C",-3.72471874864993,984204
9,2026-07-23 06:24:57,"ntc1_C",-3.8323524912168,990009
9,2026-07-23 06:24:57,"ntc2_C",-3.79406833990049,991782
9,2026-07-23 06:24:57,"testSB_C",-3.83463038641167,991836
10,2026-07-23 06:24:57,"ntc1_C",-3.84289298149491,992695
10,2026-07-23 06:24:57,"ntc2_C",-3.7970618524559,988323
10,2026-07-23 06:24:57,"testSB_C",-3.83816817113717,990671
11,2026-07-23 06:24:57,"ntc1_C",-3.88435171985162,994588
11,2026-07-23 06:24:57,"ntc2_C",-3.82025817688293,991577
11,2026-07-23 06:24:57,"testSB_C",-3.84378385802825,991188
12,2026-07-23 06:24:57,"ntc1_C",-3.7993957617573,990350
12,2026-07-23 06:24:57,"ntc2_C",-3.8418002030229,991488
12,2026-07-23 06:24:57,"testSB_C",-3.87631043757239,992681
13,2026-07-23 06:24:57,"ntc1_C",-3.85389967294293,995365
13,2026-07-23 06:24:57,"ntc2_C",-3.82125450529355,988972
13,2026-07-23 06:24:57,"testSB_C",-3.85815333400831,992082
14,2026-07-23 06:24:57,"ntc1_C",-3.84295065449504,990529
14,2026-07-23 06:24:57,"ntc2_C",-3.82429035931688,992163
14,2026-07-23 06:24:57,"testSB_C",-3.85287842539958,993158
15,2026-07-23 06:24:57,"ntc1_C",-3.87023934696697,990870
15,2026-07-23 06:24:57,"ntc2_C",-3.81622103978589,992032
15,2026-07-23 06:24:57,"testSB_C",-3.81397388761224,992135
16,2026-07-23 06:24:57,"ntc1_C",-3.87284131122908,991933
16,2026-07-23 06:24:57,"ntc2_C",-3.84948788427715,990380
16,2026-07-23 06:24:57,"testSB_C",-3.85408904073569,990510
17,2026-07-23 06:24:57,"ntc1_C",-3.83945662828864,990512
17,2026-07-23 06:24:57,"ntc2_C",-3.85268414883114,990658
17,2026-07-23 06:24:57,"testSB_C",-3.88425257979145,994925
18,2026-07-23 06:24:57,"ntc1_C",-3.8461564156421,993833
18,2026-07-23 06:24:57,"ntc2_C",-3.86154354305705,992010
18,2026-07-23 06:24:57,"testSB_C",-3.87416964014568,991674
19,2026-07-23 06:24:57,"ntc1_C",-3.86242142433605,994138
19,2026-07-23 06:24:57,"ntc2_C",-3.88940944492805,994173
19,2026-07-23 06:24:57,"testSB_C",-3.86494156870737,994555
20,2026-07-23 06:24:57,"ntc1_C",-3.83617219796122,991304
20,2026-07-23 06:24:57,"ntc2_C",-3.82413500661153,992484
20,2026-07-23 06:24:57,"testSB_C",-3.80166240893027,988556
21,2026-07-23 06:24:57,"ntc1_C",-3.85691480066919,990456
21,2026-07-23 06:24:57,"ntc2_C",-3.82485775896816,991445
21,2026-07-23 06:24:57,"testSB_C",-3.90440451898706,994760
22,2026-07-23 06:24:57,"ntc1_C",-3.85030777385361,992785
22,2026-07-23 06:24:57,"ntc2_C",-3.7939416494109,991645
22,2026-07-23 06:24:57,"testSB_C",-3.90093377771086,993135
23,2026-07-23 06:24:57,"ntc1_C",-3.85475542819722,994984
23,2026-07-23 06:24:57,"ntc2_C",-3.81367483432575,990855
23,2026-07-23 06:24:57,"testSB_C",-3.90653400906291,992934
24,2026-07-23 06:24:57,"ntc1_C",-3.8619427014861,993238
24,2026-07-23 06:24:57,"ntc2_C",-3.85819916355655,994622
24,2026-07-23 06:24:57,"testSB_C",-3.8640949011492,991192
1,2026-07-23 09:24:57,"ntc1_C",-2.49803204767454,937191
1,2026-07-23 09:24:57,"testSB_C",-2.34253883775074,933504
2,2026-07-23 09:24:57,"ntc1_C",-2.51691154506614,939380
2,2026-07-23 09:24:57,"ntc2_C",-2.34105051858251,932501
2,2026-07-23 09:24:57,"testSB_C",-2.35383185874178,935238
3,2026-07-23 09:24:57,"ntc1_C",-1.4790994770371,902439
3,2026-07-23 09:24:57,"ntc2_C",-1.57652483911988,904992
3,2026-07-23 09:24:57,"testSB_C",-1.819389723602,913695
4,2026-07-23 09:24:57,"ntc1_C",-1.25273845981246,893733
4,2026-07-23 09:24:57,"ntc2_C",-1.2507782724075,891634
4,2026-07-23 09:24:57,"testSB_C",-1.4515030733599,899048
5,2026-07-23 09:24:57,"ntc1_C",-1.55143889453052,902673
5,2026-07-23 09:24:57,"ntc2_C",-1.44750891097971,900207
5,2026-07-23 09:24:57,"testSB_C",-1.43364047844096,900376
6,2026-07-23 09:24:57,"ntc1_C",-1.59109069098929,904841
6,2026-07-23 09:24:57,"ntc2_C",-1.44537718177753,900418
6,2026-07-23 09:24:57,"testSB_C",-1.57883468092609,905572
7,2026-07-23 09:24:57,"ntc1_C",-1.33628622609439,895344
7,2026-07-23 09:24:57,"ntc2_C",-1.22124448459954,892720
7,2026-07-23 09:24:57,"testSB_C",-1.45038572187929,901135
8,2026-07-23 09:24:57,"ntc1_C",-1.48315647928939,904004
8,2026-07-23 09:24:57,"ntc2_C",-1.36915219174904,896376
8,2026-07-23 09:24:57,"testSB_C",-1.28186602173741,891661
9,2026-07-23 09:24:57,"ntc1_C",-1.48778897458493,900482
9,2026-07-23 09:24:57,"ntc2_C",-1.25173215676858,894865
9,2026-07-23 09:24:57,"testSB_C",-1.43387384815708,900054
10,2026-07-23 09:24:57,"ntc1_C",-1.35295847410248,897636
10,2026-07-23 09:24:57,"ntc2_C",-1.14454083185046,887837
10,2026-07-23 09:24:57,"testSB_C",-1.73342543996381,909806
11,2026-07-23 09:24:57,"ntc1_C",-1.74856503827408,912294
11,2026-07-23 09:24:57,"ntc2_C",-1.50307614497524,902891
11,2026-07-23 09:24:57,"testSB_C",-1.570107310813,904133
12,2026-07-23 09:24:57,"ntc1_C",-1.31680443437335,895787
12,2026-07-23 09:24:57,"ntc2_C",-1.35093562459002,896507
12,2026-07-23 09:24:57,"testSB_C",-1.39949258289596,898070
13,2026-07-23 09:24:57,"ntc1_C",-1.31940907796434,898397
13,2026-07-23 09:24:57,"ntc2_C",-1.0012637922253,882394
13,2026-07-23 09:24:57,"testSB_C",-1.15648812677387,889403
14,2026-07-23 09:24:57,"ntc1_C",-1.08713187360235,886124
14,2026-07-23 09:24:57,"ntc2_C",-0.946007704451972,883213
14,2026-07-23 09:24:57,"testSB_C",-1.08275172619119,887934
15,2026-07-23 09:24:57,"ntc1_C",-1.12209879270318,886717
15,2026-07-23 09:24:57,"ntc2_C",-0.873614040493521,880772
15,2026-07-23 09:24:57,"testSB_C",-0.883546326980763,881289
16,2026-07-23 09:24:57,"ntc1_C",-1.3901708867931,897160
16,2026-07-23 09:24:57,"ntc2_C",-1.17296036525249,888765
16,2026-07-23 09:24:57,"testSB_C",-1.47079465222441,899456
17,2026-07-23 09:24:57,"ntc1_C",-1.18690886245588,889754
17,2026-07-23 09:24:57,"ntc2_C",-1.16425275539507,888628
17,2026-07-23 09:24:57,"testSB_C",-1.1302827318662,890070
18,2026-07-23 09:24:57,"ntc1_C",-1.04789354874953,887547
18,2026-07-23 09:24:57,"ntc2_C",-1.05597205907702,885706
18,2026-07-23 09:24:57,"testSB_C",-1.06938323668146,885316
19,2026-07-23 09:24:57,"ntc1_C",-1.22308477904522,893486
19,2026-07-23 09:24:57,"ntc2_C",-1.23401661396474,892923
19,2026-07-23 09:24:57,"testSB_C",-1.0913104924262,889018
20,2026-07-23 09:24:57,"ntc1_C",-1.04380977212384,885434
20,2026-07-23 09:24:57,"ntc2_C",-1.02110280339576,886114
20,2026-07-23 09:24:57,"testSB_C",-0.88772727034825,878704
21,2026-07-23 09:24:57,"ntc1_C",-1.05149037659817,884331
21,2026-07-23 09:24:57,"ntc2_C",-0.848464796077678,879051
21,2026-07-23 09:24:57,"testSB_C",-1.06917107553267,887000
22,2026-07-23 09:24:57,"ntc1_C",-1.05481578374491,886694
22,2026-07-23 09:24:57,"ntc2_C",-0.703676578630734,875295
22,2026-07-23 09:24:57,"testSB_C",-1.14379170402481,888386
23,2026-07-23 09:24:57,"ntc1_C",-1.05037965295611,888338
23,2026-07-23 09:24:57,"ntc2_C",-1.07592721022007,887039
23,2026-07-23 09:24:57,"testSB_C",-1.06094080863448,885111
24,2026-07-23 09:24:57,"ntc1_C",-1.01977255938749,885390
24,2026-07-23 09:24:57,"ntc2_C",-0.823164567218441,879785
24,2026-07-23 09:24:57,"testSB_C",-0.862821062635817,877977
1,2026-07-23 12:24:57,"ntc1_C",0.444872091592686,832338
1,2026-07-23 12:24:57,"testSB_C",0.80963192275675,822211
2,2026-07-23 12:24:57,"ntc1_C",0.531427198385359,830737
2,2026-07-23 12:24:57,"ntc2_C",0.750253212668838,823283
2,2026-07-23 12:24:57,"testSB_C",0.744885622384118,825552
3,2026-07-23 12:24:57,"ntc1_C",2.07087473420842,782459
3,2026-07-23 12:24:57,"ntc2_C",1.89635183099841,787024
3,2026-07-23 12:24:57,"testSB_C",1.92305161960769,786071
4,2026-07-23 12:24:57,"ntc1_C",2.09396697659457,781273
4,2026-07-23 12:24:57,"ntc2_C",2.09353771400583,779550
4,2026-07-23 12:24:57,"testSB_C",1.78143937290116,789499
5,2026-07-23 12:24:57,"ntc1_C",1.62524119866055,794386
5,2026-07-23 12:24:57,"ntc2_C",1.75328982636938,791537
5,2026-07-23 12:24:57,"testSB_C",1.86063471000853,788710
6,2026-07-23 12:24:57,"ntc1_C",1.43562186736358,801161
6,2026-07-23 12:24:57,"ntc2_C",1.75382312723468,791729
6,2026-07-23 12:24:57,"testSB_C",1.71584388337715,793214
7,2026-07-23 12:24:57,"ntc1_C",1.72306428401856,791710
7,2026-07-23 12:24:57,"ntc2_C",1.81049475182778,790291
7,2026-07-23 12:24:57,"testSB_C",1.62206814877578,796434
8,2026-07-23 12:24:57,"ntc1_C",1.49911242684749,801815
8,2026-07-23 12:24:57,"ntc2_C",1.64972580184269,793951
8,2026-07-23 12:24:57,"testSB_C",1.77827750075505,788493
9,2026-07-23 12:24:57,"ntc1_C",1.51384729441241,798134
9,2026-07-23 12:24:57,"ntc2_C",1.81318470164285,791123
9,2026-07-23 12:24:57,"testSB_C",1.45539771828192,801313
10,2026-07-23 12:24:57,"ntc1_C",1.56581443132615,798268
10,2026-07-23 12:24:57,"ntc2_C",1.73026238442418,790980
10,2026-07-23 12:24:57,"testSB_C",1.50078959264073,798803
11,2026-07-23 12:24:57,"ntc1_C",1.36143326494704,805036
11,2026-07-23 12:24:57,"ntc2_C",1.68620938777855,794248
11,2026-07-23 12:24:57,"testSB_C",1.51680148937277,798613
12,2026-07-23 12:24:57,"ntc1_C",1.52532755670694,799075
12,2026-07-23 12:24:57,"ntc2_C",1.56644700913847,797300
12,2026-07-23 12:24:57,"testSB_C",1.30175868322362,805612
13,2026-07-23 12:24:57,"ntc1_C",1.27519781803073,809351
13,2026-07-23 12:24:57,"ntc2_C",1.73818210034767,790384
13,2026-07-23 12:24:57,"testSB_C",1.5102765377772,798957
14,2026-07-23 12:24:57,"ntc1_C",1.50010194925261,798609
14,2026-07-23 12:24:57,"ntc2_C",1.59634584889398,797438
14,2026-07-23 12:24:57,"testSB_C",1.39368433079585,803781
15,2026-07-23 12:24:57,"ntc1_C",1.34611518180606,802975
15,2026-07-23 12:24:57,"ntc2_C",1.43606312977948,802671
15,2026-07-23 12:24:57,"testSB_C",1.42141012791171,803284
16,2026-07-23 12:24:57,"ntc1_C",1.07967382696927,812276
16,2026-07-23 12:24:57,"ntc2_C",1.40875025830246,801101
16,2026-07-23 12:24:57,"testSB_C",1.17571606865931,808570
17,2026-07-23 12:24:57,"ntc1_C",1.32096736814253,804368
17,2026-07-23 12:24:57,"ntc2_C",1.25890084212347,806114
17,2026-07-23 12:24:57,"testSB_C",1.12432214297485,812886
18,2026-07-23 12:24:57,"ntc1_C",1.18484504185687,811331
18,2026-07-23 12:24:57,"ntc2_C",1.08089583884424,812805
18,2026-07-23 12:24:57,"testSB_C",1.0190070207816,813949
19,2026-07-23 12:24:57,"ntc1_C",1.04630796507723,815504
19,2026-07-23 12:24:57,"ntc2_C",0.924714724632622,818609
19,2026-07-23 12:24:57,"testSB_C",1.08411112743909,814506
20,2026-07-23 12:24:57,"ntc1_C",1.07983835092193,812906
20,2026-07-23 12:24:57,"ntc2_C",1.02961397609567,815922
20,2026-07-23 12:24:57,"testSB_C",1.12754501624738,810296
21,2026-07-23 12:24:57,"ntc1_C",0.953634992728098,815851
21,2026-07-23 12:24:57,"ntc2_C",0.866860081267987,820436
21,2026-07-23 12:24:57,"testSB_C",0.743101071084823,824607
22,2026-07-23 12:24:57,"ntc1_C",0.87028771929613,820618
22,2026-07-23 12:24:57,"ntc2_C",0.963020757737979,818597
22,2026-07-23 12:24:57,"testSB_C",0.482712347354038,832102
23,2026-07-23 12:24:57,"ntc1_C",0.461377797369664,835894
23,2026-07-23 12:24:57,"ntc2_C",0.708007429200109,825597
23,2026-07-23 12:24:57,"testSB_C",0.46432530641124,832455
24,2026-07-23 12:24:57,"ntc1_C",0.569676878375731,830508
24,2026-07-23 12:24:57,"ntc2_C",0.483346939253352,834722
24,2026-07-23 12:24:57,"testSB_C",0.489598860568378,831484
1,2026-07-23 15:24:57,"ntc1_C",2.21775488429427,775228
1,2026-07-23 15:24:57,"testSB_C",2.25089277207132,776090
2,2026-07-23 15:24:57,"ntc1_C",1.86946304651792,787320
2,2026-07-23 15:24:57,"ntc2_C",2.32356303684378,772973
2,2026-07-23 15:24:57,"testSB_C",2.19750905040473,778898
3,2026-07-23 15:24:57,"ntc1_C",4.51215505141619,709860
3,2026-07-23 15:24:57,"ntc2_C",4.53061297872881,708477
3,2026-07-23 15:24:57,"testSB_C",4.39632025692327,712218
4,2026-07-23 15:24:57,"ntc1_C",4.43780457086899,711527
4,2026-07-23 15:24:57,"ntc2_C",4.53375036042013,707269
4,2026-07-23 15:24:57,"testSB_C",4.1335447504398,718755
5,2026-07-23 15:24:57,"ntc1_C",3.97339922613168,723248
5,2026-07-23 15:24:57,"ntc2_C",4.05134330906242,722159
5,2026-07-23 15:24:57,"testSB_C",4.22442693699111,717704
6,2026-07-23 15:24:57,"ntc1_C",3.82808693535446,728147
6,2026-07-23 15:24:57,"ntc2_C",4.15476115653405,719352
6,2026-07-23 15:24:57,"testSB_C",4.02108124737254,723456
7,2026-07-23 15:24:57,"ntc1_C",4.20005638141447,717151
7,2026-07-23 15:24:57,"ntc2_C",4.19372784756973,718560
7,2026-07-23 15:24:57,"testSB_C",4.04312036380321,723053
8,2026-07-23 15:24:57,"ntc1_C",4.01416476984832,725170
8,2026-07-23 15:24:57,"ntc2_C",4.23867824264238,716018
8,2026-07-23 15:24:57,"testSB_C",4.29313018260473,713220
9,2026-07-23 15:24:57,"ntc1_C",4.05428294139165,721170
9,2026-07-23 15:24:57,"ntc2_C",4.35891954995827,714682
9,2026-07-23 15:24:57,"testSB_C",3.99653615199759,723968
10,2026-07-23 15:24:57,"ntc1_C",4.05055942335139,722880
10,2026-07-23 15:24:57,"ntc2_C",4.20611723709249,716560
10,2026-07-23 15:24:57,"testSB_C",4.08012370366487,720602
11,2026-07-23 15:24:57,"ntc1_C",3.81399452386455,729912
11,2026-07-23 15:24:57,"ntc2_C",4.13053645382161,720415
11,2026-07-23 15:24:57,"testSB_C",3.9298317027712,725261
12,2026-07-23 15:24:57,"ntc1_C",4.08970731133024,721304
12,2026-07-23 15:24:57,"ntc2_C",4.16506752325552,718728
12,2026-07-23 15:24:57,"testSB_C",3.76729094446171,730016
13,2026-07-23 15:24:57,"ntc1_C",3.72859504062768,733723
13,2026-07-23 15:24:57,"ntc2_C",4.38266728311476,711183
13,2026-07-23 15:24:57,"testSB_C",4.14347432459715,719172
14,2026-07-23 15:24:57,"ntc1_C",4.28343948167452,714615
14,2026-07-23 15:24:57,"ntc2_C",4.27820506858615,716466
14,2026-07-23 15:24:57,"testSB_C",4.06654034269769,722372
15,2026-07-23 15:24:57,"ntc1_C",4.05783459650115,720559
15,2026-07-23 15:24:57,"ntc2_C",4.28397606990836,716362
15,2026-07-23 15:24:57,"testSB_C",4.08712624442956,722112
16,2026-07-23 15:24:57,"ntc1_C",3.88933601513884,725959
16,2026-07-23 15:24:57,"ntc2_C",4.33509479074633,712715
16,2026-07-23 15:24:57,"testSB_C",4.03296685343952,721285
17,2026-07-23 15:24:57,"ntc1_C",4.29023784601321,714371
17,2026-07-23 15:24:57,"ntc2_C",4.23241558097652,715812
17,2026-07-23 15:24:57,"testSB_C",4.12712781425881,720931
18,2026-07-23 15:24:57,"ntc1_C",4.25481037342581,717673
18,2026-07-23 15:24:57,"ntc2_C",3.98439001361714,723784
18,2026-07-23 15:24:57,"testSB_C",4.06252371229112,720666
19,2026-07-23 15:24:57,"ntc1_C",4.26496896759977,717046
19,2026-07-23 15:24:57,"ntc2_C",4.13672997138303,719928
19,2026-07-23 15:24:57,"testSB_C",4.35276403784081,714748
20,2026-07-23 15:24:57,"ntc1_C",4.49818887713019,709087
20,2026-07-23 15:24:57,"ntc2_C",4.443726898129,711828
20,2026-07-23 15:24:57,"testSB_C",4.82669545931611,699026
21,2026-07-23 15:24:57,"ntc1_C",4.60935805257424,705077
21,2026-07-23 15:24:57,"ntc2_C",4.43729039087009,711322
21,2026-07-23 15:24:57,"testSB_C",4.33658754415353,714252
22,2026-07-23 15:24:57,"ntc1_C",4.61531362508333,706603
22,2026-07-23 15:24:57,"ntc2_C",4.8708875038767,700424
22,2026-07-23 15:24:57,"testSB_C",4.29698500643201,714444
23,2026-07-23 15:24:57,"ntc1_C",4.28353155807736,717404
23,2026-07-23 15:24:57,"ntc2_C",4.6514618330915,705247
23,2026-07-23 15:24:57,"testSB_C",4.30329341748615,714112
24,2026-07-23 15:24:57,"ntc1_C",4.54434545802678,708462
24,2026-07-23 15:24:57,"ntc2_C",4.30929198301828,716291
24,2026-07-23 15:24:57,"testSB_C",4.05445667232982,721012
1,2026-07-23 18:24:57,"ntc1_C",0.435605083947223,832648
1,2026-07-23 18:24:57,"testSB_C",0.600611034757662,829138
2,2026-07-23 18:24:57,"ntc1_C",0.478403416449908,832509
2,2026-07-23 18:24:57,"ntc2_C",0.666043147689948,826072
2,2026-07-23 18:24:57,"testSB_C",0.554202398627865,831893
3,2026-07-23 18:24:57,"ntc1_C",1.40916646437267,803472
3,2026-07-23 18:24:57,"ntc2_C",1.39786403994276,802905
3,2026-07-23 18:24:57,"testSB_C",1.48414595013321,800009
4,2026-07-23 18:24:57,"ntc1_C",1.46440766450502,801224
4,2026-07-23 18:24:57,"ntc2_C",1.48192180571237,798875
4,2026-07-23 18:24:57,"testSB_C",1.42669866689192,800797
5,2026-07-23 18:24:57,"ntc1_C",1.34454264022526,803376
5,2026-07-23 18:24:57,"ntc2_C",1.33506585953643,804910
5,2026-07-23 18:24:57,"testSB_C",1.4354298258624,802259
6,2026-07-23 18:24:57,"ntc1_C",1.26004225394053,806818
6,2026-07-23 18:24:57,"ntc2_C",1.32702975314078,805388
6,2026-07-23 18:24:57,"testSB_C",1.37507937186194,804119
7,2026-07-23 18:24:57,"ntc1_C",1.42026973467614,801376
7,2026-07-23 18:24:57,"ntc2_C",1.28243122811415,807195
7,2026-07-23 18:24:57,"testSB_C",1.2905852563303,807083
8,2026-07-23 18:24:57,"ntc1_C",1.27662796305901,808999
8,2026-07-23 18:24:57,"ntc2_C",1.40489433652124,801776
8,2026-07-23 18:24:57,"testSB_C",1.29765997317531,803820
9,2026-07-23 18:24:57,"ntc1_C",1.32611644013207,804159
9,2026-07-23 18:24:57,"ntc2_C",1.3861291912562,804779
9,2026-07-23 18:24:57,"testSB_C",1.25825864623823,807671
10,2026-07-23 18:24:57,"ntc1_C",1.29324699073157,807034
10,2026-07-23 18:24:57,"ntc2_C",1.25636280179339,806142
10,2026-07-23 18:24:57,"testSB_C",1.23618903917134,807322
11,2026-07-23 18:24:57,"ntc1_C",1.20103096650092,810228
11,2026-07-23 18:24:57,"ntc2_C",1.26329862679762,807821
11,2026-07-23 18:24:57,"testSB_C",1.25738901027853,806957
12,2026-07-23 18:24:57,"ntc1_C",1.1271986404987,811929
12,2026-07-23 18:24:57,"ntc2_C",1.24949432908033,807492
12,2026-07-23 18:24:57,"testSB_C",1.13070720620004,811157
13,2026-07-23 18:24:57,"ntc1_C",1.09292701310994,815291
13,2026-07-23 18:24:57,"ntc2_C",1.31722548303583,803835
13,2026-07-23 18:24:57,"testSB_C",1.26587344916959,806826
14,2026-07-23 18:24:57,"ntc1_C",1.29961547431122,805052
14,2026-07-23 18:24:57,"ntc2_C",1.2484293842013,808636
14,2026-07-23 18:24:57,"testSB_C",1.20769674227336,809798
15,2026-07-23 18:24:57,"ntc1_C",1.20662844992808,807477
15,2026-07-23 18:24:57,"ntc2_C",1.22687304089533,809433
15,2026-07-23 18:24:57,"testSB_C",1.18436783753231,810958
16,2026-07-23 18:24:57,"ntc1_C",1.1340386002596,810506
16,2026-07-23 18:24:57,"ntc2_C",1.2863315695854,805044
16,2026-07-23 18:24:57,"testSB_C",1.16788881768866,808824
17,2026-07-23 18:24:57,"ntc1_C",1.2461753539651,806785
17,2026-07-23 18:24:57,"ntc2_C",1.21458732933598,807548
17,2026-07-23 18:24:57,"testSB_C",1.1940130673089,810616
18,2026-07-23 18:24:57,"ntc1_C",1.21384012837564,810388
18,2026-07-23 18:24:57,"ntc2_C",1.09271170912217,812420
18,2026-07-23 18:24:57,"testSB_C",1.11231131984073,810906
19,2026-07-23 18:24:57,"ntc1_C",1.17856684928421,811187
19,2026-07-23 18:24:57,"ntc2_C",1.06523073481083,814004
19,2026-07-23 18:24:57,"testSB_C",1.16389799756399,811902
20,2026-07-23 18:24:57,"ntc1_C",1.21434514883703,808529
20,2026-07-23 18:24:57,"ntc2_C",1.12060695645283,812947
20,2026-07-23 18:24:57,"testSB_C",1.24771842327459,806399
21,2026-07-23 18:24:57,"ntc1_C",1.1818563683957,808420
21,2026-07-23 18:24:57,"ntc2_C",1.05831138850363,814155
21,2026-07-23 18:24:57,"testSB_C",1.04415515743131,814700
22,2026-07-23 18:24:57,"ntc1_C",1.16123694806936,811094
22,2026-07-23 18:24:57,"ntc2_C",1.15115085587303,812446
22,2026-07-23 18:24:57,"testSB_C",0.950399029942787,816626
23,2026-07-23 18:24:57,"ntc1_C",0.930276746594814,820300
23,2026-07-23 18:24:57,"ntc2_C",1.03972403331505,814677
23,2026-07-23 18:24:57,"testSB_C",0.91362697518673,817584
24,2026-07-23 18:24:57,"ntc1_C",1.02558846371335,815438
24,2026-07-23 18:24:57,"ntc2_C",0.975176970515122,818396
24,2026-07-23 18:24:57,"testSB_C",0.973934925659819,815473
1,2026-07-23 21:24:57,"ntc1_C",-1.37655567640843,895680
1,2026-07-23 21:24:57,"testSB_C",-1.39651295083576,898524
2,2026-07-23 21:24:57,"ntc1_C",-1.15918418582055,889250
2,2026-07-23 21:24:57,"ntc2_C",-0.888825499471523,879405
2,2026-07-23 21:24:57,"testSB_C",-1.22548711157685,893619
3,2026-07-23 21:24:57,"ntc1_C",-0.28962536507197,860206
3,2026-07-23 21:24:57,"ntc2_C",-0.203915362649354,856276
3,2026-07-23 21:24:57,"testSB_C",0.169260918598638,843357
4,2026-07-23 21:24:57,"ntc1_C",-0.237388574377576,857908
4,2026-07-23 21:24:57,"ntc2_C",-0.254497314836271,856562
4,2026-07-23 21:24:57,"testSB_C",0.150535282376666,842881
5,2026-07-23 21:24:57,"ntc1_C",0.0589472988468174,845951
5,2026-07-23 21:24:57,"ntc2_C",-0.177855034575771,855324
5,2026-07-23 21:24:57,"testSB_C",0.0525659681192678,848058
6,2026-07-23 21:24:57,"ntc1_C",0.00667266387932841,848451
6,2026-07-23 21:24:57,"ntc2_C",-0.265917541819476,858617
6,2026-07-23 21:24:57,"testSB_C",0.0709872317817712,847343
7,2026-07-23 21:24:57,"ntc1_C",0.222532017323033,840856
7,2026-07-23 21:24:57,"ntc2_C",-0.328399652119401,861171
7,2026-07-23 21:24:57,"testSB_C",0.152116664759944,844822
8,2026-07-23 21:24:57,"ntc1_C",0.0946896564339568,848326
8,2026-07-23 21:24:57,"ntc2_C",0.236226287127522,840273
8,2026-07-23 21:24:57,"testSB_C",-0.118193685909318,850839
9,2026-07-23 21:24:57,"ntc1_C",0.194653464629027,841510
9,2026-07-23 21:24:57,"ntc2_C",0.0539340209857073,849011
9,2026-07-23 21:24:57,"testSB_C",0.127359513846898,845194
10,2026-07-23 21:24:57,"ntc1_C",0.207075885016536,842994
10,2026-07-23 21:24:57,"ntc2_C",-0.186864311277702,854247
10,2026-07-23 21:24:57,"testSB_C",0.103820021425861,844883
11,2026-07-23 21:24:57,"ntc1_C",0.163322650036037,844687
11,2026-07-23 21:24:57,"ntc2_C",-0.0377926135557232,851144
11,2026-07-23 21:24:57,"testSB_C",0.174899033695169,842787
12,2026-07-23 21:24:57,"ntc1_C",-0.341928293786964,861290
12,2026-07-23 21:24:57,"ntc2_C",-0.00788340508898955,849306
12,2026-07-23 21:24:57,"testSB_C",-0.0708618727209114,851267
13,2026-07-23 21:24:57,"ntc1_C",-0.00709107489541339,852133
13,2026-07-23 21:24:57,"ntc2_C",-0.0581227034336393,849500
13,2026-07-23 21:24:57,"testSB_C",0.15304481181721,843708
14,2026-07-23 21:24:57,"ntc1_C",0.262702852188454,839266
14,2026-07-23 21:24:57,"ntc2_C",-0.0786822237392926,852904
14,2026-07-23 21:24:57,"testSB_C",0.122856280600672,845859
15,2026-07-23 21:24:57,"ntc1_C",0.0988518368574773,844195
15,2026-07-23 21:24:57,"ntc2_C",-0.00722263676459534,850573
15,2026-07-23 21:24:57,"testSB_C",-0.143045582962998,855391
16,2026-07-23 21:24:57,"ntc1_C",0.196383473518154,841615
16,2026-07-23 21:24:57,"ntc2_C",0.135649848148944,843128
16,2026-07-23 21:24:57,"testSB_C",0.160232442282961,842240
17,2026-07-23 21:24:57,"ntc1_C",0.222491237182226,840651
17,2026-07-23 21:24:57,"ntc2_C",0.12949494216133,843518
17,2026-07-23 21:24:57,"testSB_C",0.230588321471203,842601
18,2026-07-23 21:24:57,"ntc1_C",0.245032101280685,842534
18,2026-07-23 21:24:57,"ntc2_C",-0.0673883077143387,851157
18,2026-07-23 21:24:57,"testSB_C",0.122242769641446,843820
19,2026-07-23 21:24:57,"ntc1_C",0.206073562727511,843504
19,2026-07-23 21:24:57,"ntc2_C",-0.0468176367597266,851212
19,2026-07-23 21:24:57,"testSB_C",0.102132897378851,847289
20,2026-07-23 21:24:57,"ntc1_C",0.38574121386489,835895
20,2026-07-23 21:24:57,"ntc2_C",-0.148859138516798,855510
20,2026-07-23 21:24:57,"testSB_C",0.356892776286202,835766
21,2026-07-23 21:24:57,"ntc1_C",0.37389322541776,835055
21,2026-07-23 21:24:57,"ntc2_C",-0.143460579242173,854442
21,2026-07-23 21:24:57,"testSB_C",0.213318056525907,842352
22,2026-07-23 21:24:57,"ntc1_C",0.46317640413298,834144
22,2026-07-23 21:24:57,"ntc2_C",0.0592054764664454,848844
22,2026-07-23 21:24:57,"testSB_C",0.242213348668486,840181
23,2026-07-23 21:24:57,"ntc1_C",0.13482671634074,846939
23,2026-07-23 21:24:57,"ntc2_C",0.0505472387642385,847701
23,2026-07-23 21:24:57,"testSB_C",0.107511625655434,844469
24,2026-07-23 21:24:57,"ntc1_C",0.364082876825364,837400
24,2026-07-23 21:24:57,"ntc2_C",0.159023334741448,845676
24,2026-07-23 21:24:57,"testSB_C",0.421761068161686,833753
1,2026-07-24 00:24:57,"ntc1_C",-3.37038849246898,970874
1,2026-07-24 00:24:57,"testSB_C",-3.4003299235726,974314
2,2026-07-24 00:24:57,"ntc1_C",-3.37057564709471,972408
2,2026-07-24 00:24:57,"ntc2_C",-3.37510364766285,972350
2,2026-07-24 00:24:57,"testSB_C",-3.3647774459572,974253
3,2026-07-24 00:24:57,"ntc1_C",-3.36662098080973,973983
3,2026-07-24 00:24:57,"ntc2_C",-3.36094099264028,972713
3,2026-07-24 00:24:57,"testSB_C",-3.36757226528744,972709
4,2026-07-24 00:24:57,"ntc1_C",-3.3553630755726,973011
4,2026-07-24 00:24:57,"ntc2_C",-3.35558078419956,970785
4,2026-07-24 00:24:57,"testSB_C",-3.35816550405804,971064
5,2026-07-24 00:24:57,"ntc1_C",-3.3593074808071,971143
5,2026-07-24 00:24:57,"ntc2_C",-3.35253507870516,972251
5,2026-07-24 00:24:57,"testSB_C",-3.35903637244451,973248
6,2026-07-24 00:24:57,"ntc1_C",-3.36163968870943,971955
6,2026-07-24 00:24:57,"ntc2_C",-3.36812875643102,973208
6,2026-07-24 00:24:57,"testSB_C",-3.37779941058807,973882
7,2026-07-24 00:24:57,"ntc1_C",-3.35931358249707,971651
7,2026-07-24 00:24:57,"ntc2_C",-3.36677335389243,973603
7,2026-07-24 00:24:57,"testSB_C",-3.3707007853755,973856
8,2026-07-24 00:24:57,"ntc1_C",-3.36583619815701,975505
8,2026-07-24 00:24:57,"ntc2_C",-3.37185179091512,971943
8,2026-07-24 00:24:57,"testSB_C",-3.37445977027789,970340
9,2026-07-24 00:24:57,"ntc1_C",-3.36507134125372,971450
9,2026-07-24 00:24:57,"ntc2_C",-3.37113243210041,974927
9,2026-07-24 00:24:57,"testSB_C",-3.37480987377637,973527
10,2026-07-24 00:24:57,"ntc1_C",-3.37908691297218,974221
10,2026-07-24 00:24:57,"ntc2_C",-3.37158088155195,971435
10,2026-07-24 00:24:57,"testSB_C",-3.39163112037664,972908
11,2026-07-24 00:24:57,"ntc1_C",-3.38736921892678,974770
11,2026-07-24 00:24:57,"ntc2_C",-3.38278553497332,974161
11,2026-07-24 00:24:57,"testSB_C",-3.38735716058079,973034
12,2026-07-24 00:24:57,"ntc1_C",-3.38387942639497,973823
12,2026-07-24 00:24:57,"ntc2_C",-3.38969534349269,973497
12,2026-07-24 00:24:57,"testSB_C",-3.39347054042548,973451
13,2026-07-24 00:24:57,"ntc1_C",-3.39937107878745,977202
13,2026-07-24 00:24:57,"ntc2_C",-3.39273635133497,971946
13,2026-07-24 00:24:57,"testSB_C",-3.40194666912333,973910
14,2026-07-24 00:24:57,"ntc1_C",-3.39991290392101,972913
14,2026-07-24 00:24:57,"ntc2_C",-3.39823712450948,975188
14,2026-07-24 00:24:57,"testSB_C",-3.40191550097609,975177
15,2026-07-24 00:24:57,"ntc1_C",-3.39717617113416,972068
15,2026-07-24 00:24:57,"ntc2_C",-3.39283310170413,975158
15,2026-07-24 00:24:57,"testSB_C",-3.3964207535596,975489
16,2026-07-24 00:24:57,"ntc1_C",-3.39504140677582,972912
16,2026-07-24 00:24:57,"ntc2_C",-3.40251377573554,972600
16,2026-07-24 00:24:57,"testSB_C",-3.39748433272496,972347
17,2026-07-24 00:24:57,"ntc1_C",-3.39950836692248,973009
17,2026-07-24 00:24:57,"ntc2_C",-3.39428203696599,972431
17,2026-07-24 00:24:57,"testSB_C",-3.39240328087544,975292
18,2026-07-24 00:24:57,"ntc1_C",-3.39581470105389,975868
18,2026-07-24 00:24:57,"ntc2_C",-3.39049122044014,973270
18,2026-07-24 00:24:57,"testSB_C",-3.39402509774942,972560
19,2026-07-24 00:24:57,"ntc1_C",-3.39275745579147,975396
19,2026-07-24 00:24:57,"ntc2_C",-3.38846568320173,974192
19,2026-07-24 00:24:57,"testSB_C",-3.39339726989164,975728
20,2026-07-24 00:24:57,"ntc1_C",-3.39255363522909,973638
20,2026-07-24 00:24:57,"ntc2_C",-3.38962103289253,975158
20,2026-07-24 00:24:57,"testSB_C",-3.38275665172023,971918
21,2026-07-24 00:24:57,"ntc1_C",-3.39188483310062,971983
21,2026-07-24 00:24:57,"ntc2_C",-3.38976103897852,974119
21,2026-07-24 00:24:57,"testSB_C",-3.39134473459995,974290
22,2026-07-24 00:24:57,"ntc1_C",-3.39173791780473,974510
22,2026-07-24 00:24:57,"ntc2_C",-3.39081323554655,975590
22,2026-07-24 00:24:57,"testSB_C",-3.38364122351004,972539
23,2026-07-24 00:24:57,"ntc1_C",-3.38651822602463,976287
23,2026-07-24 00:24:57,"ntc2_C",-3.39224856564084,974081
23,2026-07-24 00:24:57,"testSB_C",-3.39979064923267,972771
24,2026-07-24 00:24:57,"ntc1_C",-3.39553888686595,974639
24,2026-07-24 00:24:57,"ntc2_C",-3.38493996902918,975731
24,2026-07-24 00:24:57,"testSB_C",-3.38506389231844,972144
1,2026-07-24 03:24:57,"ntc1_C",-9.0452953553484,1222966
1,2026-07-24 03:24:57,"testSB_C",-9.05044766134711,1225925
2,2026-07-24 03:24:57,"ntc1_C",-8.98182430004425,1221704
2,2026-07-24 03:24:57,"ntc2_C",-8.96177286147656,1220378
2,2026-07-24 03:24:57,"testSB_C",-8.98459191069537,1224134
3,2026-07-24 03:24:57,"ntc1_C",-8.98660274916409,1223964
3,2026-07-24 03:24:57,"ntc2_C",-8.97255899498128,1222068
3,2026-07-24 03:24:57,"testSB_C",-8.97425071926256,1221672
4,2026-07-24 03:24:57,"ntc1_C",-8.98322335473102,1223212
4,2026-07-24 03:24:57,"ntc2_C",-9.0046391634861,1221396
4,2026-07-24 03:24:57,"testSB_C",-8.94570478050559,1218680
5,2026-07-24 03:24:57,"ntc1_C",-8.9684147348683,1220009
5,2026-07-24 03:24:57,"ntc2_C",-8.94846372690586,1220588
5,2026-07-24 03:24:57,"testSB_C",-8.9589408948745,1222083
6,2026-07-24 03:24:57,"ntc1_C",-8.96839553918574,1220677
6,2026-07-24 03:24:57,"ntc2_C",-8.99978173506008,1223676
6,2026-07-24 03:24:57,"testSB_C",-8.96560123612289,1222247
7,2026-07-24 03:24:57,"ntc1_C",-8.92863898390476,1218641
7,2026-07-24 03:24:57,"ntc2_C",-8.9963222921844,1224089
7,2026-07-24 03:24:57,"testSB_C",-8.9590282004657,1222223
8,2026-07-24 03:24:57,"ntc1_C",-8.9110216078634,1222251
8,2026-07-24 03:24:57,"ntc2_C",-8.92533887623563,1218141
8,2026-07-24 03:24:57,"testSB_C",-8.96527579838147,1217980
9,2026-07-24 03:24:57,"ntc1_C",-8.90497010702063,1216782
9,2026-07-24 03:24:57,"ntc2_C",-8.91914615322906,1221738
9,2026-07-24 03:24:57,"testSB_C",-8.91049053408403,1219318
10,2026-07-24 03:24:57,"ntc1_C",-8.90041928945942,1219335
10,2026-07-24 03:24:57,"ntc2_C",-8.94031166261055,1218258
10,2026-07-24 03:24:57,"testSB_C",-8.92329952607048,1218319
11,2026-07-24 03:24:57,"ntc1_C",-8.8950850955892,1219312
11,2026-07-24 03:24:57,"ntc2_C",-8.93918724089531,1221037
11,2026-07-24 03:24:57,"testSB_C",-8.89979112290689,1217405
12,2026-07-24 03:24:57,"ntc1_C",-8.92929705189113,1220030
12,2026-07-24 03:24:57,"ntc2_C",-8.89359385757012,1217571
12,2026-07-24 03:24:57,"testSB_C",-8.86943511236075,1216195
13,2026-07-24 03:24:57,"ntc1_C",-8.865270180435,1220372
13,2026-07-24 03:24:57,"ntc2_C",-8.86443455291544,1214179
13,2026-07-24 03:24:57,"testSB_C",-8.8131290793865,1213600
14,2026-07-24 03:24:57,"ntc1_C",-8.84090081732091,1213713
14,2026-07-24 03:24:57,"ntc2_C",-8.85368880185229,1217273
14,2026-07-24 03:24:57,"testSB_C",-8.8556261573541,1217239
15,2026-07-24 03:24:57,"ntc1_C",-8.85058313207071,1213230
15,2026-07-24 03:24:57,"ntc2_C",-8.84466849445056,1217172
15,2026-07-24 03:24:57,"testSB_C",-8.85722544524248,1218034
16,2026-07-24 03:24:57,"ntc1_C",-8.7980560683568,1211958
16,2026-07-24 03:24:57,"ntc2_C",-8.82630410605503,1212653
16,2026-07-24 03:24:57,"testSB_C",-8.81368726731455,1211976
17,2026-07-24 03:24:57,"ntc1_C",-8.81668547792526,1212784
17,2026-07-24 03:24:57,"ntc2_C",-8.7863425749585,1210727
17,2026-07-24 03:24:57,"testSB_C",-8.77263497866949,1213759
18,2026-07-24 03:24:57,"ntc1_C",-8.78586878691812,1214874
18,2026-07-24 03:24:57,"ntc2_C",-8.78946645997252,1211961
18,2026-07-24 03:24:57,"testSB_C",-8.79230333851723,1211357
19,2026-07-24 03:24:57,"ntc1_C",-8.76447783374158,1213494
19,2026-07-24 03:24:57,"ntc2_C",-8.80127243803992,1214059
19,2026-07-24 03:24:57,"testSB_C",-8.78731614837784,1215050
20,2026-07-24 03:24:57,"ntc1_C",-8.76257891021874,1211300
20,2026-07-24 03:24:57,"ntc2_C",-8.81584361647867,1215954
20,2026-07-24 03:24:57,"testSB_C",-8.76174966820452,1209528
21,2026-07-24 03:24:57,"ntc1_C",-8.76297758067091,1208992
21,2026-07-24 03:24:57,"ntc2_C",-8.78647435457458,1213128
21,2026-07-24 03:24:57,"testSB_C",-8.74135894218585,1211066
22,2026-07-24 03:24:57,"ntc1_C",-8.74447328453721,1211432
22,2026-07-24 03:24:57,"ntc2_C",-8.76833716665823,1213857
22,2026-07-24 03:24:57,"testSB_C",-8.73028491914579,1208659
23,2026-07-24 03:24:57,"ntc1_C",-8.75204350883939,1214230
23,2026-07-24 03:24:57,"ntc2_C",-8.77630637102914,1212437
23,2026-07-24 03:24:57,"testSB_C",-8.74868119544055,1208864
24,2026-07-24 03:24:57,"ntc1_C",-8.73213491409382,1210859
24,2026-07-24 03:24:57,"ntc2_C",-8.73887394636614,1213004
24,2026-07-24 03:24:57,"testSB_C",-8.70473519960507,1206800
1,2026-07-24 06:24:57,"ntc1_C",-8.17498683228342,1180314
1,2026-07-24 06:24:57,"testSB_C",-8.36085657499717,1191938
2,2026-07-24 06:24:57,"ntc1_C",-8.43153109197755,1194589
2,2026-07-24 06:24:57,"ntc2_C",-8.50734321422493,1197969
2,2026-07-24 06:24:57,"testSB_C",-8.39514758759145,1195088
3,2026-07-24 06:24:57,"ntc1_C",-7.44297169881867,1149352
3,2026-07-24 06:24:57,"ntc2_C",-7.76212800624063,1163226
3,2026-07-24 06:24:57,"testSB_C",-7.86198036888652,1167536
4,2026-07-24 06:24:57,"ntc1_C",-7.48391023904355,1150699
4,2026-07-24 06:24:57,"ntc2_C",-7.24265574306838,1136782
4,2026-07-24 06:24:57,"testSB_C",-7.93612215073506,1169553
5,2026-07-24 06:24:57,"ntc1_C",-7.90609742879195,1168287
5,2026-07-24 06:24:57,"ntc2_C",-7.68672144858158,1159413
5,2026-07-24 06:24:57,"testSB_C",-7.9102077974137,1170942
6,2026-07-24 06:24:57,"ntc1_C",-7.8489067250876,1166253
6,2026-07-24 06:24:57,"ntc2_C",-7.65053388978095,1158188
6,2026-07-24 06:24:57,"testSB_C",-8.0108796219414,1175601
7,2026-07-24 06:24:57,"ntc1_C",-7.91458308451735,1169281
7,2026-07-24 06:24:57,"ntc2_C",-7.23376276482202,1139229
7,2026-07-24 06:24:57,"testSB_C",-8.05349892175872,1177937
8,2026-07-24 06:24:57,"ntc1_C",-7.89781011619226,1172791
8,2026-07-24 06:24:57,"ntc2_C",-7.91951826399691,1169206
8,2026-07-24 06:24:57,"testSB_C",-7.49443259012776,1147112
9,2026-07-24 06:24:57,"ntc1_C",-7.92621243346997,1169202
9,2026-07-24 06:24:57,"ntc2_C",-7.74263648322443,1164508
9,2026-07-24 06:24:57,"testSB_C",-7.79759473839403,1165228
10,2026-07-24 06:24:57,"ntc1_C",-7.85025334354219,1168255
10,2026-07-24 06:24:57,"ntc2_C",-7.39935576817874,1144105
10,2026-07-24 06:24:57,"testSB_C",-7.88216038493869,1167689
11,2026-07-24 06:24:57,"ntc1_C",-7.91262510834719,1171465
11,2026-07-24 06:24:57,"ntc2_C",-7.55436075061681,1154038
11,2026-07-24 06:24:57,"testSB_C",-7.75494944205462,1161915
12,2026-07-24 06:24:57,"ntc1_C",-7.16899116230167,1135605
12,2026-07-24 06:24:57,"ntc2_C",-7.55417998905364,1152903
12,2026-07-24 06:24:57,"testSB_C",-7.61606914296834,1155628
13,2026-07-24 06:24:57,"ntc1_C",-7.5452832933953,1156463
13,2026-07-24 06:24:57,"ntc2_C",-7.52508263261461,1149663
13,2026-07-24 06:24:57,"testSB_C",-7.80583545128064,1164779
14,2026-07-24 06:24:57,"ntc1_C",-7.68678201411439,1157961
14,2026-07-24 06:24:57,"ntc2_C",-7.49513880186555,1151730
14,2026-07-24 06:24:57,"testSB_C",-7.64566184733269,1158673
15,2026-07-24 06:24:57,"ntc1_C",-7.74137640722273,1159626
15,2026-07-24 06:24:57,"ntc2_C",-7.31622917326666,1143664
15,2026-07-24 06:24:57,"testSB_C",-7.2604449063283,1141294
16,2026-07-24 06:24:57,"ntc1_C",-7.7460159861771,1161082
16,2026-07-24 06:24:57,"ntc2_C",-7.6794830701736,1157257
16,2026-07-24 06:24:57,"testSB_C",-7.62540707343413,1154656
17,2026-07-24 06:24:57,"ntc1_C",-7.61499311607622,1154811
17,2026-07-24 06:24:57,"ntc2_C",-7.62450620634718,1154747
17,2026-07-24 06:24:57,"testSB_C",-7.90390539109347,1171535
18,2026-07-24 06:24:57,"ntc1_C",-7.71677803222974,1163095
18,2026-07-24 06:24:57,"ntc2_C",-7.45095338815321,1147672
18,2026-07-24 06:24:57,"testSB_C",-7.64700893725006,1156092
19,2026-07-24 06:24:57,"ntc1_C",-7.85392823273799,1169280
19,2026-07-24 06:24:57,"ntc2_C",-7.66446380454158,1159082
19,2026-07-24 06:24:57,"testSB_C",-7.57437224977855,1156433
20,2026-07-24 06:24:57,"ntc1_C",-7.59988904473323,1155221
20,2026-07-24 06:24:57,"ntc2_C",-7.08325843191534,1133050
20,2026-07-24 06:24:57,"testSB_C",-7.39413069916486,1143954
21,2026-07-24 06:24:57,"ntc1_C",-7.66562607543437,1156150
21,2026-07-24 06:24:57,"ntc2_C",-7.13104534993113,1133995
21,2026-07-24 06:24:57,"testSB_C",-7.8252266804181,1166671
22,2026-07-24 06:24:57,"ntc1_C",-7.64763689581457,1158468
22,2026-07-24 06:24:57,"ntc2_C",-7.2854622625216,1142712
22,2026-07-24 06:24:57,"testSB_C",-7.69534328753184,1158736
23,2026-07-24 06:24:57,"ntc1_C",-7.50624078898437,1154133
23,2026-07-24 06:24:57,"ntc2_C",-7.35390144585671,1144157
23,2026-07-24 06:24:57,"testSB_C",-7.70334868315371,1158483
24,2026-07-24 06:24:57,"ntc1_C",-7.67185800464091,1159638
24,2026-07-24 06:24:57,"ntc2_C",-7.40181671753038,1148681
24,2026-07-24 06:24:57,"testSB_C",-7.47190788875616,1147679
1,2026-07-24 09:24:57,"ntc1_C",-4.40489129988055,1012463
1,2026-07-24 09:24:57,"testSB_C",-4.4355164340198,1016059
2,2026-07-24 09:24:57,"ntc1_C",-4.6955953608774,1026092
2,2026-07-24 09:24:57,"ntc2_C",-4.74728303724106,1027991
2,2026-07-24 09:24:57,"testSB_C",-4.58811934651811,1023747
3,2026-07-24 09:24:57,"ntc1_C",-2.57658677992168,943341
3,2026-07-24 09:24:57,"ntc2_C",-3.34707973533369,972167
3,2026-07-24 09:24:57,"testSB_C",-3.50150026917453,977998
4,2026-07-24 09:24:57,"ntc1_C",-2.77245002740665,950321
4,2026-07-24 09:24:57,"ntc2_C",-2.45057433722843,935886
4,2026-07-24 09:24:57,"testSB_C",-3.65332828636514,982741
5,2026-07-24 09:24:57,"ntc1_C",-3.7504273318275,986658
5,2026-07-24 09:24:57,"ntc2_C",-3.01025842789625,958875
5,2026-07-24 09:24:57,"testSB_C",-3.58562668624199,982221
6,2026-07-24 09:24:57,"ntc1_C",-3.78078449994314,988592
6,2026-07-24 09:24:57,"ntc2_C",-3.09334292944038,962439
6,2026-07-24 09:24:57,"testSB_C",-3.81691628615874,991360
7,2026-07-24 09:24:57,"ntc1_C",-3.69246939557883,984856
7,2026-07-24 09:24:57,"ntc2_C",-2.64461341594483,945554
7,2026-07-24 09:24:57,"testSB_C",-3.93274822982511,996282
8,2026-07-24 09:24:57,"ntc1_C",-3.93464535294112,998252
8,2026-07-24 09:24:57,"ntc2_C",-3.73196693547885,986224
8,2026-07-24 09:24:57,"testSB_C",-2.999987238595,955743
9,2026-07-24 09:24:57,"ntc1_C",-3.82821354947214,989843
9,2026-07-24 09:24:57,"ntc2_C",-3.47488681288479,979034
9,2026-07-24 09:24:57,"testSB_C",-3.75430700141283,988612
10,2026-07-24 09:24:57,"ntc1_C",-3.93470292473768,996395
10,2026-07-24 09:24:57,"ntc2_C",-3.00932461158288,957294
10,2026-07-24 09:24:57,"testSB_C",-3.66648859542659,983802
11,2026-07-24 09:24:57,"ntc1_C",-3.91723501556191,995914
11,2026-07-24 09:24:57,"ntc2_C",-3.33982459722114,972468
11,2026-07-24 09:24:57,"testSB_C",-3.59038359762803,981066
12,2026-07-24 09:24:57,"ntc1_C",-2.71161834854644,947691
12,2026-07-24 09:24:57,"ntc2_C",-3.19357961357019,965799
12,2026-07-24 09:24:57,"testSB_C",-3.5951100358995,981434
13,2026-07-24 09:24:57,"ntc1_C",-3.59272787623939,984886
13,2026-07-24 09:24:57,"ntc2_C",-3.22674050597413,965433
13,2026-07-24 09:24:57,"testSB_C",-3.58491153575187,981156
14,2026-07-24 09:24:57,"ntc1_C",-3.621989499069,981702
14,2026-07-24 09:24:57,"ntc2_C",-3.07359789149052,962457
14,2026-07-24 09:24:57,"testSB_C",-3.54560161001314,980869
15,2026-07-24 09:24:57,"ntc1_C",-3.73200570174123,985337
15,2026-07-24 09:24:57,"ntc2_C",-2.97428556496664,958771
15,2026-07-24 09:24:57,"testSB_C",-2.92554147395066,957066
16,2026-07-24 09:24:57,"ntc1_C",-3.78139977105064,988263
16,2026-07-24 09:24:57,"ntc2_C",-3.45346873068502,974610
16,2026-07-24 09:24:57,"testSB_C",-3.61176205406076,980827
17,2026-07-24 09:24:57,"ntc1_C",-3.56339141813606,979491
17,2026-07-24 09:24:57,"ntc2_C",-3.55751258303911,978881
17,2026-07-24 09:24:57,"testSB_C",-3.9136896722207,996113
18,2026-07-24 09:24:57,"ntc1_C",-3.71323575057227,988495
18,2026-07-24 09:24:57,"ntc2_C",-3.29925049270213,969683
18,2026-07-24 09:24:57,"testSB_C",-3.7598286232996,987087
19,2026-07-24 09:24:57,"ntc1_C",-3.74962769548955,989603
19,2026-07-24 09:24:57,"ntc2_C",-3.51252438831511,979101
19,2026-07-24 09:24:57,"testSB_C",-3.394080284513,975755
20,2026-07-24 09:24:57,"ntc1_C",-3.68956270767598,985429
20,2026-07-24 09:24:57,"ntc2_C",-2.52774008990059,941718
20,2026-07-24 09:24:57,"testSB_C",-3.15782541968684,963105
21,2026-07-24 09:24:57,"ntc1_C",-3.8594074843773,990556
21,2026-07-24 09:24:57,"ntc2_C",-2.6873849615115,946813
21,2026-07-24 09:24:57,"testSB_C",-4.02741252659968,999734
22,2026-07-24 09:24:57,"ntc1_C",-3.68939694594917,986332
22,2026-07-24 09:24:57,"ntc2_C",-2.94333080946433,958086
22,2026-07-24 09:24:57,"testSB_C",-3.852687963959,991195
23,2026-07-24 09:24:57,"ntc1_C",-3.40252298313038,976920
23,2026-07-24 09:24:57,"ntc2_C",-3.08303556362466,961962
23,2026-07-24 09:24:57,"testSB_C",-3.74738386898531,986555
24,2026-07-24 09:24:57,"ntc1_C",-3.8482565397955,992687
24,2026-07-24 09:24:57,"ntc2_C",-3.16404561709754,967042
24,2026-07-24 09:24:57,"testSB_C",-3.73345444565064,985959
1,2026-07-24 12:24:57,"ntc1_C",-0.313816769170273,858127
1,2026-07-24 12:24:57,"testSB_C",0.140974910791613,844589
2,2026-07-24 12:24:57,"ntc1_C",-0.435434206589434,863685
2,2026-07-24 12:24:57,"ntc2_C",0.0687947743361974,846142
2,2026-07-24 12:24:57,"testSB_C",-0.193936445266729,857274
3,2026-07-24 12:24:57,"ntc1_C",1.22057493482589,809570
3,2026-07-24 12:24:57,"ntc2_C",1.17640937541728,810069
3,2026-07-24 12:24:57,"testSB_C",1.12839197393168,811499
4,2026-07-24 12:24:57,"ntc1_C",1.25930890092417,807840
4,2026-07-24 12:24:57,"ntc2_C",1.1662429502702,809048
4,2026-07-24 12:24:57,"testSB_C",1.12594909659452,810510
5,2026-07-24 12:24:57,"ntc1_C",0.825415574749229,820288
5,2026-07-24 12:24:57,"ntc2_C",0.940672837311297,817741
5,2026-07-24 12:24:57,"testSB_C",1.12975150195876,812152
6,2026-07-24 12:24:57,"ntc1_C",0.749295969993398,823516
6,2026-07-24 12:24:57,"ntc2_C",0.963826437236719,817209
6,2026-07-24 12:24:57,"testSB_C",1.02909512091719,815354
7,2026-07-24 12:24:57,"ntc1_C",1.15669724406467,809892
7,2026-07-24 12:24:57,"ntc2_C",1.03962649039903,815096
7,2026-07-24 12:24:57,"testSB_C",0.841189792306636,821762
8,2026-07-24 12:24:57,"ntc1_C",0.894071096429741,821512
8,2026-07-24 12:24:57,"ntc2_C",1.00370862023385,814776
8,2026-07-24 12:24:57,"testSB_C",0.968883530334494,814487
9,2026-07-24 12:24:57,"ntc1_C",0.836021005858981,820117
9,2026-07-24 12:24:57,"ntc2_C",1.16596263590765,811917
9,2026-07-24 12:24:57,"testSB_C",0.776680175432034,823429
10,2026-07-24 12:24:57,"ntc1_C",0.979045754753372,817266
10,2026-07-24 12:24:57,"ntc2_C",1.03965518782678,813178
10,2026-07-24 12:24:57,"testSB_C",1.00240843385933,814929
11,2026-07-24 12:24:57,"ntc1_C",0.86222077785385,821312
11,2026-07-24 12:24:57,"ntc2_C",1.07804461577143,813844
11,2026-07-24 12:24:57,"testSB_C",0.934203990811625,817482
12,2026-07-24 12:24:57,"ntc1_C",0.783836914169171,823191
12,2026-07-24 12:24:57,"ntc2_C",1.08772855774043,812747
12,2026-07-24 12:24:57,"testSB_C",0.825523807303739,821151
13,2026-07-24 12:24:57,"ntc1_C",0.595433234967061,831740
13,2026-07-24 12:24:57,"ntc2_C",1.16631797281286,808716
13,2026-07-24 12:24:57,"testSB_C",1.0292460617984,814523
14,2026-07-24 12:24:57,"ntc1_C",1.03369619685583,813683
14,2026-07-24 12:24:57,"ntc2_C",1.14911620509361,811863
14,2026-07-24 12:24:57,"testSB_C",0.870500668678744,820829
15,2026-07-24 12:24:57,"ntc1_C",0.926968488847535,816584
15,2026-07-24 12:24:57,"ntc2_C",0.933261722245732,819026
15,2026-07-24 12:24:57,"testSB_C",1.02661940154007,816108
16,2026-07-24 12:24:57,"ntc1_C",0.611871364454828,827677
16,2026-07-24 12:24:57,"ntc2_C",1.15718604116756,809226
16,2026-07-24 12:24:57,"testSB_C",0.797337847963774,820946
17,2026-07-24 12:24:57,"ntc1_C",1.00504484986016,814630
17,2026-07-24 12:24:57,"ntc2_C",0.985425831112991,815007
17,2026-07-24 12:24:57,"testSB_C",0.934718250420985,819096
18,2026-07-24 12:24:57,"ntc1_C",0.887889494611727,821056
18,2026-07-24 12:24:57,"ntc2_C",0.714826686110996,824829
18,2026-07-24 12:24:57,"testSB_C",0.74925102322311,822815
19,2026-07-24 12:24:57,"ntc1_C",0.830966904433751,822585
19,2026-07-24 12:24:57,"ntc2_C",0.664252547385388,827218
19,2026-07-24 12:24:57,"testSB_C",0.964540700450698,818425
20,2026-07-24 12:24:57,"ntc1_C",0.804296867483117,821951
20,2026-07-24 12:24:57,"ntc2_C",0.900687213579317,820157
20,2026-07-24 12:24:57,"testSB_C",1.08808398972673,811580
21,2026-07-24 12:24:57,"ntc1_C",0.86891269217017,818628
21,2026-07-24 12:24:57,"ntc2_C",0.775117418660102,823464
21,2026-07-24 12:24:57,"testSB_C",0.969802141558887,817135
22,2026-07-24 12:24:57,"ntc1_C",0.922474904951912,818901
22,2026-07-24 12:24:57,"ntc2_C",1.16395961629786,812029
22,2026-07-24 12:24:57,"testSB_C",0.768728512176835,822601
23,2026-07-24 12:24:57,"ntc1_C",0.694388569856812,828106
23,2026-07-24 12:24:57,"ntc2_C",0.988385014787923,816357
23,2026-07-24 12:24:57,"testSB_C",0.964165334110191,815929
24,2026-07-24 12:24:57,"ntc1_C",1.01273122201093,815859
24,2026-07-24 12:24:57,"ntc2_C",0.939403473332504,819572
24,2026-07-24 12:24:57,"testSB_C",1.19555616978846,808256
1,2026-07-24 15:24:57,"ntc1_C",0.592169555698661,827427
1,2026-07-24 15:24:57,"testSB_C",0.462977017411106,833733
2,2026-07-24 15:24:57,"ntc1_C",0.68187208714761,825731
2,2026-07-24 15:24:57,"ntc2_C",1.28849196221432,805691
2,2026-07-24 15:24:57,"testSB_C",0.860327233693454,821738
3,2026-07-24 15:24:57,"ntc1_C",1.39119469800795,804051
3,2026-07-24 15:24:57,"ntc2_C",1.80304571830271,789971
3,2026-07-24 15:24:57,"testSB_C",2.57076383127219,765972
4,2026-07-24 15:24:57,"ntc1_C",1.7090370765672,793408
4,2026-07-24 15:24:57,"ntc2_C",1.67619506917765,792682
4,2026-07-24 15:24:57,"testSB_C",2.63439332662222,763022
5,2026-07-24 15:24:57,"ntc1_C",2.3405426557307,771957
5,2026-07-24 15:24:57,"ntc2_C",1.76563063565703,791146
5,2026-07-24 15:24:57,"testSB_C",2.42099442180353,771225
6,2026-07-24 15:24:57,"ntc1_C",2.1119856916107,779760
6,2026-07-24 15:24:57,"ntc2_C",1.70824055339966,793176
6,2026-07-24 15:24:57,"testSB_C",2.4956883749544,768845
7,2026-07-24 15:24:57,"ntc1_C",2.42961798591546,769634
7,2026-07-24 15:24:57,"ntc2_C",1.23056196232659,808876
7,2026-07-24 15:24:57,"testSB_C",2.2350612183385,777133
8,2026-07-24 15:24:57,"ntc1_C",2.24246966004495,778300
8,2026-07-24 15:24:57,"ntc2_C",2.38113940778231,771055
8,2026-07-24 15:24:57,"testSB_C",1.57717602708078,794868
9,2026-07-24 15:24:57,"ntc1_C",2.30185727857133,773363
9,2026-07-24 15:24:57,"ntc2_C",1.96039403247909,786473
9,2026-07-24 15:24:57,"testSB_C",2.1657898240274,778840
10,2026-07-24 15:24:57,"ntc1_C",2.18248149413631,778807
10,2026-07-24 15:24:57,"ntc2_C",1.45532762081058,799739
10,2026-07-24 15:24:57,"testSB_C",1.95185854322,784500
11,2026-07-24 15:24:57,"ntc1_C",2.28362815863176,775864
11,2026-07-24 15:24:57,"ntc2_C",1.89257734533709,787713
11,2026-07-24 15:24:57,"testSB_C",2.07292274735761,781033
12,2026-07-24 15:24:57,"ntc1_C",1.22694851146355,808688
12,2026-07-24 15:24:57,"ntc2_C",1.87815047347777,787410
12,2026-07-24 15:24:57,"testSB_C",1.89711847076222,786624
13,2026-07-24 15:24:57,"ntc1_C",1.57407592015034,799710
13,2026-07-24 15:24:57,"ntc2_C",1.81168349405561,788060
13,2026-07-24 15:24:57,"testSB_C",2.14654358711829,778851
14,2026-07-24 15:24:57,"ntc1_C",2.36322575064247,771490
14,2026-07-24 15:24:57,"ntc2_C",1.8294347201317,790028
14,2026-07-24 15:24:57,"testSB_C",2.10021018510611,781353
15,2026-07-24 15:24:57,"ntc1_C",2.06315944787389,780249
15,2026-07-24 15:24:57,"ntc2_C",1.78010720707459,791680
15,2026-07-24 15:24:57,"testSB_C",1.56593492223209,798643
16,2026-07-24 15:24:57,"ntc1_C",2.00001170623557,782857
16,2026-07-24 15:24:57,"ntc2_C",2.3134829809793,772589
16,2026-07-24 15:24:57,"testSB_C",2.13451290540326,778088
17,2026-07-24 15:24:57,"ntc1_C",2.38051125899602,770941
17,2026-07-24 15:24:57,"ntc2_C",2.151184175428,777807
17,2026-07-24 15:24:57,"testSB_C",2.39761221397822,772455
18,2026-07-24 15:24:57,"ntc1_C",2.15578953629125,780377
18,2026-07-24 15:24:57,"ntc2_C",1.50317672678199,799165
18,2026-07-24 15:24:57,"testSB_C",2.05326728461489,780884
19,2026-07-24 15:24:57,"ntc1_C",2.20245501201487,778576
19,2026-07-24 15:24:57,"ntc2_C",1.82354621290256,789622
19,2026-07-24 15:24:57,"testSB_C",2.04429426845769,783748
20,2026-07-24 15:24:57,"ntc1_C",2.24210093085031,775899
20,2026-07-24 15:24:57,"ntc2_C",1.44357801076308,802480
20,2026-07-24 15:24:57,"testSB_C",2.35501949339954,771414
21,2026-07-24 15:24:57,"ntc1_C",2.35060617041768,771475
21,2026-07-24 15:24:57,"ntc2_C",1.40193873642244,803009
21,2026-07-24 15:24:57,"testSB_C",2.25092690679077,776238
22,2026-07-24 15:24:57,"ntc1_C",2.32979363762996,774009
22,2026-07-24 15:24:57,"ntc2_C",1.69742537588991,794862
22,2026-07-24 15:24:57,"testSB_C",1.97113636851765,783901
23,2026-07-24 15:24:57,"ntc1_C",1.73580583173771,794226
23,2026-07-24 15:24:57,"ntc2_C",1.61311074549775,796161
23,2026-07-24 15:24:57,"testSB_C",1.88472355237656,786398
24,2026-07-24 15:24:57,"ntc1_C",2.24706339732114,776474
24,2026-07-24 15:24:57,"ntc2_C",1.57056408932095,799084
24,2026-07-24 15:24:57,"testSB_C",2.09627335250508,779615
1,2026-07-24 18:24:57,"ntc1_C",0.0962146001884889,844086
1,2026-07-24 18:24:57,"testSB_C",-0.115649286270298,853348
2,2026-07-24 18:24:57,"ntc1_C",0.479330005943496,832478
2,2026-07-24 18:24:57,"ntc2_C",1.24866356236936,806979
2,2026-07-24 18:24:57,"testSB_C",0.316496789802216,839870
3,2026-07-24 18:24:57,"ntc1_C",1.23934148022778,808961
3,2026-07-24 18:24:57,"ntc2_C",1.81989380595678,789438
3,2026-07-24 18:24:57,"testSB_C",2.88774581393676,756336
4,2026-07-24 18:24:57,"ntc1_C",1.65941089399894,794987
4,2026-07-24 18:24:57,"ntc2_C",1.65500520150403,793355
4,2026-07-24 18:24:57,"testSB_C",3.06905332139331,749895
5,2026-07-24 18:24:57,"ntc1_C",2.81541601011304,757440
5,2026-07-24 18:24:57,"ntc2_C",1.96027782900126,785006
5,2026-07-24 18:24:57,"testSB_C",2.75292045876705,761063
6,2026-07-24 18:24:57,"ntc1_C",2.55234540899312,766154
6,2026-07-24 18:24:57,"ntc2_C",1.84956014142887,788699
6,2026-07-24 18:24:57,"testSB_C",2.91211215659195,756160
7,2026-07-24 18:24:57,"ntc1_C",2.98399847839175,752772
7,2026-07-24 18:24:57,"ntc2_C",1.31674451712854,806085
7,2026-07-24 18:24:57,"testSB_C",2.74770828844191,761374
8,2026-07-24 18:24:57,"ntc1_C",2.82553334149043,760370
8,2026-07-24 18:24:57,"ntc2_C",3.05224102082684,750666
8,2026-07-24 18:24:57,"testSB_C",1.77932299348549,788460
9,2026-07-24 18:24:57,"ntc1_C",2.98515483909785,752547
9,2026-07-24 18:24:57,"ntc2_C",2.35756306734748,774072
9,2026-07-24 18:24:57,"testSB_C",2.75562974115172,760691
10,2026-07-24 18:24:57,"ntc1_C",2.79672893263916,759924
10,2026-07-24 18:24:57,"ntc2_C",1.64825189675423,793582
10,2026-07-24 18:24:57,"testSB_C",2.35283762277629,772014
11,2026-07-24 18:24:57,"ntc1_C",2.90792060988838,756756
11,2026-07-24 18:24:57,"ntc2_C",2.21732256134277,777545
11,2026-07-24 18:24:57,"testSB_C",2.73860415176767,760530
12,2026-07-24 18:24:57,"ntc1_C",1.31941212723626,805696
12,2026-07-24 18:24:57,"ntc2_C",2.24374829511652,775976
12,2026-07-24 18:24:57,"testSB_C",2.35965265584213,772201
13,2026-07-24 18:24:57,"ntc1_C",2.08593071373014,783481
13,2026-07-24 18:24:57,"ntc2_C",2.07592225646391,779765
13,2026-07-24 18:24:57,"testSB_C",2.67168149087979,762662
14,2026-07-24 18:24:57,"ntc1_C",2.98141252286399,752670
14,2026-07-24 18:24:57,"ntc2_C",2.02019772266232,784018
14,2026-07-24 18:24:57,"testSB_C",2.57362419423339,766698
15,2026-07-24 18:24:57,"ntc1_C",2.53961978509977,765527
15,2026-07-24 18:24:57,"ntc2_C",2.00920225568893,784450
15,2026-07-24 18:24:57,"testSB_C",1.70327780291876,794259
16,2026-07-24 18:24:57,"ntc1_C",2.58594739226197,764719
16,2026-07-24 18:24:57,"ntc2_C",2.68018402813277,761342
16,2026-07-24 18:24:57,"testSB_C",2.65659858436817,762006
17,2026-07-24 18:24:57,"ntc1_C",2.86434306336662,756171
17,2026-07-24 18:24:57,"ntc2_C",2.62898697425777,763085
17,2026-07-24 18:24:57,"testSB_C",3.00767806154494,753846
18,2026-07-24 18:24:57,"ntc1_C",2.71318812915456,763176
18,2026-07-24 18:24:57,"ntc2_C",1.76067417708049,790967
18,2026-07-24 18:24:57,"testSB_C",2.57917819110924,764621
19,2026-07-24 18:24:57,"ntc1_C",2.76774494703727,761171
19,2026-07-24 18:24:57,"ntc2_C",2.17499441436308,778586
19,2026-07-24 18:24:57,"testSB_C",2.40177536877951,772614
20,2026-07-24 18:24:57,"ntc1_C",2.91578456524314,755272
20,2026-07-24 18:24:57,"ntc2_C",1.58943288337503,797800
20,2026-07-24 18:24:57,"testSB_C",2.89024312081506,755086
21,2026-07-24 18:24:57,"ntc1_C",3.0378871049042,750592
21,2026-07-24 18:24:57,"ntc2_C",1.58097392826147,797266
21,2026-07-24 18:24:57,"testSB_C",2.85757062482418,757637
22,2026-07-24 18:24:57,"ntc1_C",3.11039319412089,750245
22,2026-07-24 18:24:57,"ntc2_C",1.92123815091674,787775
22,2026-07-24 18:24:57,"testSB_C",2.6829199843686,761909
23,2026-07-24 18:24:57,"ntc1_C",2.28267076455563,777027
23,2026-07-24 18:24:57,"ntc2_C",1.94055577461882,785788
23,2026-07-24 18:24:57,"testSB_C",2.37559806188995,771118
24,2026-07-24 18:24:57,"ntc1_C",2.89100373278336,756734
24,2026-07-24 18:24:57,"ntc2_C",1.99740431189423,785537
24,2026-07-24 18:24:57,"testSB_C",2.87957239287039,755585
1,2026-07-24 21:24:57,"ntc1_C",-2.94560587449661,954317
1,2026-07-24 21:24:57,"testSB_C",-3.00242925850677,958748
2,2026-07-24 21:24:57,"ntc1_C",-2.54466217729851,940435
2,2026-07-24 21:24:57,"ntc2_C",-2.19433247391891,926987
2,2026-07-24 21:24:57,"testSB_C",-2.68297925463099,947758
3,2026-07-24 21:24:57,"ntc1_C",-1.30791741255911,896229
3,2026-07-24 21:24:57,"ntc2_C",-1.12498827199209,888652
3,2026-07-24 21:24:57,"testSB_C",-0.483742545645384,865802
4,2026-07-24 21:24:57,"ntc1_C",-1.15099159846415,890073
4,2026-07-24 21:24:57,"ntc2_C",-1.19876367560721,889766
4,2026-07-24 21:24:57,"testSB_C",-0.36453351268824,860524
5,2026-07-24 21:24:57,"ntc1_C",-0.522819318532299,865996
5,2026-07-24 21:24:57,"ntc2_C",-0.994738509946501,883923
5,2026-07-24 21:24:57,"testSB_C",-0.619223765022525,871298
6,2026-07-24 21:24:57,"ntc1_C",-0.610104498912904,869767
6,2026-07-24 21:24:57,"ntc2_C",-1.14634139037645,889621
6,2026-07-24 21:24:57,"testSB_C",-0.599344054780715,870511
7,2026-07-24 21:24:57,"ntc1_C",-0.316707964309728,859298
7,2026-07-24 21:24:57,"ntc2_C",-1.33960932776392,896993
7,2026-07-24 21:24:57,"testSB_C",-0.434019193675113,864976
8,2026-07-24 21:24:57,"ntc1_C",-0.443635826672278,866904
8,2026-07-24 21:24:57,"ntc2_C",-0.316895633195088,859172
8,2026-07-24 21:24:57,"testSB_C",-0.9716105535569,880579
9,2026-07-24 21:24:57,"ntc1_C",-0.329266286090728,859424
9,2026-07-24 21:24:57,"ntc2_C",-0.728860649605281,876196
9,2026-07-24 21:24:57,"testSB_C",-0.457703528858417,865327
10,2026-07-24 21:24:57,"ntc1_C",-0.411584558885352,864231
10,2026-07-24 21:24:57,"ntc2_C",-1.09372175196887,886020
10,2026-07-24 21:24:57,"testSB_C",-0.699392832047863,872644
11,2026-07-24 21:24:57,"ntc1_C",-0.431826756315843,865147
11,2026-07-24 21:24:57,"ntc2_C",-0.838420619019132,879019
11,2026-07-24 21:24:57,"testSB_C",-0.446820474331389,864124
12,2026-07-24 21:24:57,"ntc1_C",-1.31079642709426,895570
12,2026-07-24 21:24:57,"ntc2_C",-0.768198499475943,875696
12,2026-07-24 21:24:57,"testSB_C",-0.777715347918672,875838
13,2026-07-24 21:24:57,"ntc1_C",-0.777725951117645,878988
13,2026-07-24 21:24:57,"ntc2_C",-0.92074463057827,879534
13,2026-07-24 21:24:57,"testSB_C",-0.475168247544616,865312
14,2026-07-24 21:24:57,"ntc1_C",-0.389864833940294,861584
14,2026-07-24 21:24:57,"ntc2_C",-0.999721989717841,885127
14,2026-07-24 21:24:57,"testSB_C",-0.549102908845725,869044
15,2026-07-24 21:24:57,"ntc1_C",-0.656695781204746,870248
15,2026-07-24 21:24:57,"ntc2_C",-0.838688020023085,879533
15,2026-07-24 21:24:57,"testSB_C",-1.0160046211758,886008
16,2026-07-24 21:24:57,"ntc1_C",-0.376263385213974,861233
16,2026-07-24 21:24:57,"ntc2_C",-0.601636464543219,868528
16,2026-07-24 21:24:57,"testSB_C",-0.539137101817573,866289
17,2026-07-24 21:24:57,"ntc1_C",-0.482258394535677,864837
17,2026-07-24 21:24:57,"ntc2_C",-0.57986930557189,867945
17,2026-07-24 21:24:57,"testSB_C",-0.370957046407739,863246
18,2026-07-24 21:24:57,"ntc1_C",-0.454634283333405,866586
18,2026-07-24 21:24:57,"ntc2_C",-0.931251141015707,881267
18,2026-07-24 21:24:57,"testSB_C",-0.536655508069032,866505
19,2026-07-24 21:24:57,"ntc1_C",-0.428439245169045,865321
19,2026-07-24 21:24:57,"ntc2_C",-0.841017233740956,878882
19,2026-07-24 21:24:57,"testSB_C",-0.649359652273006,873318
20,2026-07-24 21:24:57,"ntc1_C",-0.272324201513982,858326
20,2026-07-24 21:24:57,"ntc2_C",-1.09362680250001,888710
20,2026-07-24 21:24:57,"testSB_C",-0.312675587994875,858583
21,2026-07-24 21:24:57,"ntc1_C",-0.231878193496243,855633
21,2026-07-24 21:24:57,"ntc2_C",-1.06546325572458,886775
21,2026-07-24 21:24:57,"testSB_C",-0.402432318813908,863485
22,2026-07-24 21:24:57,"ntc1_C",-0.159514242126193,855291
22,2026-07-24 21:24:57,"ntc2_C",-0.899975525743457,882241
22,2026-07-24 21:24:57,"testSB_C",-0.329514784551179,859722
23,2026-07-24 21:24:57,"ntc1_C",-0.552181131193549,870682
23,2026-07-24 21:24:57,"ntc2_C",-0.880223698636712,880069
23,2026-07-24 21:24:57,"testSB_C",-0.633102660833288,869995
24,2026-07-24 21:24:57,"ntc1_C",-0.307057487884038,860322
24,2026-07-24 21:24:57,"ntc2_C",-0.649100384223971,873636
24,2026-07-24 21:24:57,"testSB_C",-0.183393092909284,854286
1,2026-07-25 00:24:57,"ntc1_C",-12.218055260354,1392109
1,2026-07-25 00:24:57,"testSB_C",-12.187593422241,1393359
2,2026-07-25 00:24:57,"ntc1_C",-12.0213764170844,1383096
2,2026-07-25 00:24:57,"ntc2_C",-11.9222775895798,1377126
2,2026-07-25 00:24:57,"testSB_C",-11.8621929985245,1376530
3,2026-07-25 00:24:57,"ntc1_C",-11.8251544569259,1374229
3,2026-07-25 00:24:57,"ntc2_C",-11.6944015147468,1365645
3,2026-07-25 00:24:57,"testSB_C",-11.57591495396,1358453
4,2026-07-25 00:24:57,"ntc1_C",-11.5403590720107,1357750
4,2026-07-25 00:24:57,"ntc2_C",-11.4499268205194,1349533
4,2026-07-25 00:24:57,"testSB_C",-11.3008792348047,1341583
5,2026-07-25 00:24:57,"ntc1_C",-11.222970596879,1337610
5,2026-07-25 00:24:57,"ntc2_C",-11.144245489647,1334972
5,2026-07-25 00:24:57,"testSB_C",-11.0517115672619,1331014
6,2026-07-25 00:24:57,"ntc1_C",-11.0278884731627,1327623
6,2026-07-25 00:24:57,"ntc2_C",-11.0348303773735,1329633
6,2026-07-25 00:24:57,"testSB_C",-10.9250205544661,1323948
7,2026-07-25 00:24:57,"ntc1_C",-10.8884187680198,1320113
7,2026-07-25 00:24:57,"ntc2_C",-10.9528595577191,1325838
7,2026-07-25 00:24:57,"testSB_C",-10.8266812393969,1318975
8,2026-07-25 00:24:57,"ntc1_C",-10.790309089238,1319665
8,2026-07-25 00:24:57,"ntc2_C",-10.7449824600538,1312020
8,2026-07-25 00:24:57,"testSB_C",-10.7795255533169,1311560
9,2026-07-25 00:24:57,"ntc1_C",-10.6729458513434,1307772
9,2026-07-25 00:24:57,"ntc2_C",-10.6832726713581,1312953
9,2026-07-25 00:24:57,"testSB_C",-10.6547829707183,1309277
10,2026-07-25 00:24:57,"ntc1_C",-10.6291999541862,1308413
10,2026-07-25 00:24:57,"ntc2_C",-10.6428893701322,1305889
10,2026-07-25 00:24:57,"testSB_C",-10.609809350311,1305111
11,2026-07-25 00:24:57,"ntc1_C",-10.5419972069082,1304016
11,2026-07-25 00:24:57,"ntc2_C",-10.544049609759,1303647
11,2026-07-25 00:24:57,"testSB_C",-10.5229406656088,1300730
12,2026-07-25 00:24:57,"ntc1_C",-10.5374600610766,1302731
12,2026-07-25 00:24:57,"ntc2_C",-10.4787025346293,1298885
12,2026-07-25 00:24:57,"testSB_C",-10.4568174776981,1297560
13,2026-07-25 00:24:57,"ntc1_C",-10.4361215660642,1301122
13,2026-07-25 00:24:57,"ntc2_C",-10.4047563584728,1292943
13,2026-07-25 00:24:57,"testSB_C",-10.3785925445877,1293635
14,2026-07-25 00:24:57,"ntc1_C",-10.3445653036817,1290467
14,2026-07-25 00:24:57,"ntc2_C",-10.3500268214426,1293863
14,2026-07-25 00:24:57,"testSB_C",-10.3655615905714,1294564
15,2026-07-25 00:24:57,"ntc1_C",-10.3214432433782,1288219
15,2026-07-25 00:24:57,"ntc2_C",-10.3497493248016,1294255
15,2026-07-25 00:24:57,"testSB_C",-10.3524656384703,1294648
16,2026-07-25 00:24:57,"ntc1_C",-10.308281175523,1288981
16,2026-07-25 00:24:57,"ntc2_C",-10.2832616735038,1286938
16,2026-07-25 00:24:57,"testSB_C",-10.2836091269489,1286904
17,2026-07-25 00:24:57,"ntc1_C",-10.2748359457468,1287119
17,2026-07-25 00:24:57,"ntc2_C",-10.2720313603375,1286351
17,2026-07-25 00:24:57,"testSB_C",-10.2482950463206,1289057
18,2026-07-25 00:24:57,"ntc1_C",-10.2685263491671,1290584
18,2026-07-25 00:24:57,"ntc2_C",-10.2848829246115,1288130
18,2026-07-25 00:24:57,"testSB_C",-10.2787222768815,1287109
19,2026-07-25 00:24:57,"ntc1_C",-10.2544292638874,1289538
19,2026-07-25 00:24:57,"ntc2_C",-10.2592502122044,1288467
19,2026-07-25 00:24:57,"testSB_C",-10.256818264397,1290129
20,2026-07-25 00:24:57,"ntc1_C",-10.2543267707412,1287325
20,2026-07-25 00:24:57,"ntc2_C",-10.2718800006363,1290383
20,2026-07-25 00:24:57,"testSB_C",-10.2546680606856,1285487
21,2026-07-25 00:24:57,"ntc1_C",-10.246228847006,1284345
21,2026-07-25 00:24:57,"ntc2_C",-10.279238919701,1289296
21,2026-07-25 00:24:57,"testSB_C",-10.231110971439,1286956
22,2026-07-25 00:24:57,"ntc1_C",-10.2328141513555,1287264
22,2026-07-25 00:24:57,"ntc2_C",-10.2384964225002,1288847
22,2026-07-25 00:24:57,"testSB_C",-10.2500954389411,1285968
23,2026-07-25 00:24:57,"ntc1_C",-10.2616264370344,1291333
23,2026-07-25 00:24:57,"ntc2_C",-10.2368047646501,1286866
23,2026-07-25 00:24:57,"testSB_C",-10.2431521022754,1284786
24,2026-07-25 00:24:57,"ntc1_C",-10.2103945201865,1286136
24,2026-07-25 00:24:57,"ntc2_C",-10.2166397911295,1288370
24,2026-07-25 00:24:57,"testSB_C",-10.2026703004397,1282824
1,2026-07-25 03:24:57,"ntc1_C",-6.39351701840917,1097689
1,2026-07-25 03:24:57,"testSB_C",-6.37899633199498,1099525
2,2026-07-25 03:24:57,"ntc1_C",-6.3592488433996,1097880
2,2026-07-25 03:24:57,"ntc2_C",-6.35492688401888,1097405
2,2026-07-25 03:24:57,"testSB_C",-6.34815582814548,1099576
3,2026-07-25 03:24:57,"ntc1_C",-6.3431537785421,1099045
3,2026-07-25 03:24:57,"ntc2_C",-6.33341114108958,1097486
3,2026-07-25 03:24:57,"testSB_C",-6.33328841690928,1097109
4,2026-07-25 03:24:57,"ntc1_C",-6.32024463857186,1097462
4,2026-07-25 03:24:57,"ntc2_C",-6.31479571476575,1094662
4,2026-07-25 03:24:57,"testSB_C",-6.31371028100597,1094810
5,2026-07-25 03:24:57,"ntc1_C",-6.31760053973102,1095097
5,2026-07-25 03:24:57,"ntc2_C",-6.31347666107706,1096389
5,2026-07-25 03:24:57,"testSB_C",-6.29919186741887,1096609
6,2026-07-25 03:24:57,"ntc1_C",-6.31496253889634,1095683
6,2026-07-25 03:24:57,"ntc2_C",-6.30400822093623,1096403
6,2026-07-25 03:24:57,"testSB_C",-6.31496664473468,1097180
7,2026-07-25 03:24:57,"ntc1_C",-6.30051269593417,1094895
7,2026-07-25 03:24:57,"ntc2_C",-6.30450425962641,1096939
7,2026-07-25 03:24:57,"testSB_C",-6.30096928973057,1096831
8,2026-07-25 03:24:57,"ntc1_C",-6.28409261102507,1098205
8,2026-07-25 03:24:57,"ntc2_C",-6.28459097225289,1093916
8,2026-07-25 03:24:57,"testSB_C",-6.28008360528963,1091793
9,2026-07-25 03:24:57,"ntc1_C",-6.26920252878301,1092947
9,2026-07-25 03:24:57,"ntc2_C",-6.26279079826236,1096398
9,2026-07-25 03:24:57,"testSB_C",-6.2738403826483,1095126
10,2026-07-25 03:24:57,"ntc1_C",-6.27856735162902,1095865
10,2026-07-25 03:24:57,"ntc2_C",-6.25335339191315,1091968
10,2026-07-25 03:24:57,"testSB_C",-6.27579360443656,1093759
11,2026-07-25 03:24:57,"ntc1_C",-6.25249847673456,1094936
11,2026-07-25 03:24:57,"ntc2_C",-6.26569820124706,1095073
11,2026-07-25 03:24:57,"testSB_C",-6.23888581191738,1092393
12,2026-07-25 03:24:57,"ntc1_C",-6.23683263660786,1093346
12,2026-07-25 03:24:57,"ntc2_C",-6.24286160512634,1092995
12,2026-07-25 03:24:57,"testSB_C",-6.25558549689845,1093371
13,2026-07-25 03:24:57,"ntc1_C",-6.26379101316678,1097691
13,2026-07-25 03:24:57,"ntc2_C",-6.24266085244813,1091177
13,2026-07-25 03:24:57,"testSB_C",-6.23735851585849,1092724
14,2026-07-25 03:24:57,"ntc1_C",-6.23869546949015,1091697
14,2026-07-25 03:24:57,"ntc2_C",-6.23065607482334,1093971
14,2026-07-25 03:24:57,"testSB_C",-6.22956702422562,1093777
15,2026-07-25 03:24:57,"ntc1_C",-6.21876233486495,1089965
15,2026-07-25 03:24:57,"ntc2_C",-6.21648809741794,1093599
15,2026-07-25 03:24:57,"testSB_C",-6.21448641756791,1093726
16,2026-07-25 03:24:57,"ntc1_C",-6.21530606988176,1090932
16,2026-07-25 03:24:57,"ntc2_C",-6.21201424782203,1090130
16,2026-07-25 03:24:57,"testSB_C",-6.20759926367509,1089880
17,2026-07-25 03:24:57,"ntc1_C",-6.20792044559323,1090520
17,2026-07-25 03:24:57,"ntc2_C",-6.20750179980382,1090041
17,2026-07-25 03:24:57,"testSB_C",-6.20285932541179,1093153
18,2026-07-25 03:24:57,"ntc1_C",-6.20516142532114,1093708
18,2026-07-25 03:24:57,"ntc2_C",-6.19265342499989,1090419
18,2026-07-25 03:24:57,"testSB_C",-6.20075655938388,1089972
19,2026-07-25 03:24:57,"ntc1_C",-6.20304990058798,1093273
19,2026-07-25 03:24:57,"ntc2_C",-6.19514410799047,1091777
19,2026-07-25 03:24:57,"testSB_C",-6.19785231358765,1093405
20,2026-07-25 03:24:57,"ntc1_C",-6.20376973974896,1091379
20,2026-07-25 03:24:57,"ntc2_C",-6.1979798360565,1092947
20,2026-07-25 03:24:57,"testSB_C",-6.195677884188,1089488
21,2026-07-25 03:24:57,"ntc1_C",-6.21230260781721,1089785
21,2026-07-25 03:24:57,"ntc2_C",-6.19812906669256,1091749
21,2026-07-25 03:24:57,"testSB_C",-6.21171084065958,1092488
22,2026-07-25 03:24:57,"ntc1_C",-6.21351566603846,1092774
22,2026-07-25 03:24:57,"ntc2_C",-6.19750780202247,1093244
22,2026-07-25 03:24:57,"testSB_C",-6.20790238069753,1090659
23,2026-07-25 03:24:57,"ntc1_C",-6.20846614287962,1094760
23,2026-07-25 03:24:57,"ntc2_C",-6.19873775246259,1091611
23,2026-07-25 03:24:57,"testSB_C",-6.21601446510152,1090477
24,2026-07-25 03:24:57,"ntc1_C",-6.21091784085246,1092670
24,2026-07-25 03:24:57,"ntc2_C",-6.19771874967103,1093745
24,2026-07-25 03:24:57,"testSB_C",-6.2033778418562,1089938
1,2026-07-25 06:24:57,"ntc1_C",-6.7583625063744,1114113
1,2026-07-25 06:24:57,"testSB_C",-6.75921410252727,1116666
2,2026-07-25 06:24:57,"ntc1_C",-6.79556666863334,1117552
2,2026-07-25 06:24:57,"ntc2_C",-6.79842928849587,1117393
2,2026-07-25 06:24:57,"testSB_C",-6.74855208036456,1117622
3,2026-07-25 06:24:57,"ntc1_C",-6.09475999428372,1088000
3,2026-07-25 06:24:57,"ntc2_C",-6.21536575112708,1092228
3,2026-07-25 06:24:57,"testSB_C",-6.26505039440639,1094069
4,2026-07-25 06:24:57,"ntc1_C",-6.0440847133716,1085204
4,2026-07-25 06:24:57,"ntc2_C",-6.03016877971214,1082066
4,2026-07-25 06:24:57,"testSB_C",-6.25747182957303,1092309
5,2026-07-25 06:24:57,"ntc1_C",-6.26521006972831,1092765
5,2026-07-25 06:24:57,"ntc2_C",-6.16106833200803,1089615
5,2026-07-25 06:24:57,"testSB_C",-6.23694073268655,1093836
6,2026-07-25 06:24:57,"ntc1_C",-6.22601386343842,1091728
6,2026-07-25 06:24:57,"ntc2_C",-6.14779612170202,1089458
6,2026-07-25 06:24:57,"testSB_C",-6.24327972407804,1093986
7,2026-07-25 06:24:57,"ntc1_C",-6.16684247089512,1088957
7,2026-07-25 06:24:57,"ntc2_C",-5.96458317582142,1081876
7,2026-07-25 06:24:57,"testSB_C",-6.22005575936174,1093228
8,2026-07-25 06:24:57,"ntc1_C",-6.20054923901318,1094479
8,2026-07-25 06:24:57,"ntc2_C",-6.12167489977332,1086692
8,2026-07-25 06:24:57,"testSB_C",-6.00996888129146,1079866
9,2026-07-25 06:24:57,"ntc1_C",-6.17333659821116,1088695
9,2026-07-25 06:24:57,"ntc2_C",-6.07963606845317,1088258
9,2026-07-25 06:24:57,"testSB_C",-6.08833553493088,1086893
10,2026-07-25 06:24:57,"ntc1_C",-6.12728727235179,1089145
10,2026-07-25 06:24:57,"ntc2_C",-5.93821011610544,1078064
10,2026-07-25 06:24:57,"testSB_C",-6.05308555875922,1083896
11,2026-07-25 06:24:57,"ntc1_C",-6.12174043827491,1089131
11,2026-07-25 06:24:57,"ntc2_C",-5.99295861381671,1082996
11,2026-07-25 06:24:57,"testSB_C",-6.01161211394623,1082346
12,2026-07-25 06:24:57,"ntc1_C",-5.85300314855249,1076419
12,2026-07-25 06:24:57,"ntc2_C",-5.95545016695945,1080298
12,2026-07-25 06:24:57,"testSB_C",-5.96764251032988,1080643
13,2026-07-25 06:24:57,"ntc1_C",-5.95854200404017,1084150
13,2026-07-25 06:24:57,"ntc2_C",-5.90719618695209,1076389
13,2026-07-25 06:24:57,"testSB_C",-5.93388043694318,1079320
14,2026-07-25 06:24:57,"ntc1_C",-5.86503282318438,1075240
14,2026-07-25 06:24:57,"ntc2_C",-5.76511667169376,1073464
14,2026-07-25 06:24:57,"testSB_C",-5.7830980593285,1074101
15,2026-07-25 06:24:57,"ntc1_C",-5.75041442644391,1069415
15,2026-07-25 06:24:57,"ntc2_C",-5.47609236730688,1061169
15,2026-07-25 06:24:57,"testSB_C",-5.38814979551182,1057592
16,2026-07-25 06:24:57,"ntc1_C",-5.46122197620093,1057992
16,2026-07-25 06:24:57,"ntc2_C",-5.44550372667209,1056674
16,2026-07-25 06:24:57,"testSB_C",-5.35231338601903,1052625
17,2026-07-25 06:24:57,"ntc1_C",-5.29290582022014,1050699
17,2026-07-25 06:24:57,"ntc2_C",-5.24871738556237,1048386
17,2026-07-25 06:24:57,"testSB_C",-5.2848880344755,1053115
18,2026-07-25 06:24:57,"ntc1_C",-5.22028568117639,1050804
18,2026-07-25 06:24:57,"ntc2_C",-5.06209877933895,1041488
18,2026-07-25 06:24:57,"testSB_C",-5.13958759867893,1043943
19,2026-07-25 06:24:57,"ntc1_C",-5.15659821061939,1047744
19,2026-07-25 06:24:57,"ntc2_C",-5.13936411277808,1045909
19,2026-07-25 06:24:57,"testSB_C",-5.07701745276563,1044702
20,2026-07-25 06:24:57,"ntc1_C",-5.05289384131788,1041488
20,2026-07-25 06:24:57,"ntc2_C",-4.89409008746895,1036526
20,2026-07-25 06:24:57,"testSB_C",-4.98432410587162,1037147
21,2026-07-25 06:24:57,"ntc1_C",-5.06179569894073,1040038
21,2026-07-25 06:24:57,"ntc2_C",-4.85649767340931,1033819
21,2026-07-25 06:24:57,"testSB_C",-5.10138983209765,1044275
22,2026-07-25 06:24:57,"ntc1_C",-5.03562943170243,1041694
22,2026-07-25 06:24:57,"ntc2_C",-4.90901213449882,1037503
22,2026-07-25 06:24:57,"testSB_C",-5.03689572104622,1039973
23,2026-07-25 06:24:57,"ntc1_C",-4.93789575805221,1039675
23,2026-07-25 06:24:57,"ntc2_C",-4.94167327578418,1037248
23,2026-07-25 06:24:57,"testSB_C",-5.07380298611577,1041051
24,2026-07-25 06:24:57,"ntc1_C",-5.07786043903587,1043481
24,2026-07-25 06:24:57,"ntc2_C",-4.92420359056155,1038580
24,2026-07-25 06:24:57,"testSB_C",-4.84573576596847,1031449
1,2026-07-25 09:24:57,"ntc1_C",-1.1340842392093,886962
1,2026-07-25 09:24:57,"testSB_C",-1.21362230171292,891922
2,2026-07-25 09:24:57,"ntc1_C",-1.32119079048448,895081
2,2026-07-25 09:24:57,"ntc2_C",-1.42258455772446,898541
2,2026-07-25 09:24:57,"testSB_C",-1.26275276815045,894962
3,2026-07-25 09:24:57,"ntc1_C",-0.0640909123317215,852436
3,2026-07-25 09:24:57,"ntc2_C",-0.445395563399302,864642
3,2026-07-25 09:24:57,"testSB_C",-0.713743465792675,873857
4,2026-07-25 09:24:57,"ntc1_C",-0.318977666731485,860730
4,2026-07-25 09:24:57,"ntc2_C",-0.210699955173425,855054
4,2026-07-25 09:24:57,"testSB_C",-0.843826263299036,877292
5,2026-07-25 09:24:57,"ntc1_C",-0.925735125823337,880172
5,2026-07-25 09:24:57,"ntc2_C",-0.647931699740013,871660
5,2026-07-25 09:24:57,"testSB_C",-0.982042280463759,884128
6,2026-07-25 09:24:57,"ntc1_C",-0.89282345426318,879726
6,2026-07-25 09:24:57,"ntc2_C",-0.635422759032849,871488
6,2026-07-25 09:24:57,"testSB_C",-1.08815684318512,887826
7,2026-07-25 09:24:57,"ntc1_C",-0.864658514587745,878476
7,2026-07-25 09:24:57,"ntc2_C",-0.270004730039261,859149
7,2026-07-25 09:24:57,"testSB_C",-0.900013731664103,881361
8,2026-07-25 09:24:57,"ntc1_C",-0.993577353920728,886327
8,2026-07-25 09:24:57,"ntc2_C",-1.07441847949156,885787
8,2026-07-25 09:24:57,"testSB_C",-0.448853428004725,862234
9,2026-07-25 09:24:57,"ntc1_C",-1.10632024599499,886739
9,2026-07-25 09:24:57,"ntc2_C",-0.709112610793397,875499
9,2026-07-25 09:24:57,"testSB_C",-1.10979862445839,888365
10,2026-07-25 09:24:57,"ntc1_C",-0.954404033121932,883330
10,2026-07-25 09:24:57,"ntc2_C",-0.563688012992827,867301
10,2026-07-25 09:24:57,"testSB_C",-1.16367042680605,889128
11,2026-07-25 09:24:57,"ntc1_C",-1.31566388116778,896502
11,2026-07-25 09:24:57,"ntc2_C",-0.721248095841133,874880
11,2026-07-25 09:24:57,"testSB_C",-0.987846391646315,883156
12,2026-07-25 09:24:57,"ntc1_C",-0.630355326912593,871348
12,2026-07-25 09:24:57,"ntc2_C",-0.776645447155886,875994
12,2026-07-25 09:24:57,"testSB_C",-1.11047503059007,887663
13,2026-07-25 09:24:57,"ntc1_C",-0.943400268309972,884877
13,2026-07-25 09:24:57,"ntc2_C",-0.854914491567001,877203
13,2026-07-25 09:24:57,"testSB_C",-1.01590833947773,884375
14,2026-07-25 09:24:57,"ntc1_C",-1.03205286282872,884159
14,2026-07-25 09:24:57,"ntc2_C",-0.872140396971076,880588
14,2026-07-25 09:24:57,"testSB_C",-0.918325571909975,882068
15,2026-07-25 09:24:57,"ntc1_C",-1.08872040506361,885525
15,2026-07-25 09:24:57,"ntc2_C",-0.722034233111913,875408
15,2026-07-25 09:24:57,"testSB_C",-0.641101329464277,872720
16,2026-07-25 09:24:57,"ntc1_C",-1.14510284949529,888334
16,2026-07-25 09:24:57,"ntc2_C",-1.20952622638453,890077
16,2026-07-25 09:24:57,"testSB_C",-1.01393964786439,883028
17,2026-07-25 09:24:57,"ntc1_C",-1.09948518550107,886622
17,2026-07-25 09:24:57,"ntc2_C",-1.03813899616534,884121
17,2026-07-25 09:24:57,"testSB_C",-1.2602931213533,894750
18,2026-07-25 09:24:57,"ntc1_C",-1.23111903281591,894128
18,2026-07-25 09:24:57,"ntc2_C",-0.950878181206406,881964
18,2026-07-25 09:24:57,"testSB_C",-1.04848435115991,884570
19,2026-07-25 09:24:57,"ntc1_C",-1.20884797894996,892973
19,2026-07-25 09:24:57,"ntc2_C",-1.06978833646934,887027
19,2026-07-25 09:24:57,"testSB_C",-1.05273858998277,887636
20,2026-07-25 09:24:57,"ntc1_C",-0.968203971068419,882738
20,2026-07-25 09:24:57,"ntc2_C",-0.695387247599456,874553
20,2026-07-25 09:24:57,"testSB_C",-0.815649776123109,876155
21,2026-07-25 09:24:57,"ntc1_C",-1.08430836308429,885501
21,2026-07-25 09:24:57,"ntc2_C",-0.612664472847484,870738
21,2026-07-25 09:24:57,"testSB_C",-1.34548539487673,896942
22,2026-07-25 09:24:57,"ntc1_C",-1.0800913713166,887598
22,2026-07-25 09:24:57,"ntc2_C",-0.868349437564802,881118
22,2026-07-25 09:24:57,"testSB_C",-1.33148604845269,895135
23,2026-07-25 09:24:57,"ntc1_C",-1.12211087459616,890911
23,2026-07-25 09:24:57,"ntc2_C",-0.889695291236933,880405
23,2026-07-25 09:24:57,"testSB_C",-1.21645830725748,890674
24,2026-07-25 09:24:57,"ntc1_C",-1.17185497402522,890838
24,2026-07-25 09:24:57,"ntc2_C",-0.920799667137999,883254
24,2026-07-25 09:24:57,"testSB_C",-1.16714212912251,888812
1,2026-07-25 12:24:57,"ntc1_C",0.166756416620444,841695
1,2026-07-25 12:24:57,"testSB_C",0.23454564747874,841419
2,2026-07-25 12:24:57,"ntc1_C",-0.0745409893883107,851228
2,2026-07-25 12:24:57,"ntc2_C",0.00072387742045521,848462
2,2026-07-25 12:24:57,"testSB_C",0.299128973722702,840456
3,2026-07-25 12:24:57,"ntc1_C",1.34321320500635,805599
3,2026-07-25 12:24:57,"ntc2_C",1.3366968021619,804877
3,2026-07-25 12:24:57,"testSB_C",1.30017822467534,805929
4,2026-07-25 12:24:57,"ntc1_C",1.37195981003288,804199
4,2026-07-25 12:24:57,"ntc2_C",1.29358027889361,804928
4,2026-07-25 12:24:57,"testSB_C",0.889473341388168,818235
5,2026-07-25 12:24:57,"ntc1_C",0.724566963929135,823617
5,2026-07-25 12:24:57,"ntc2_C",0.945032020448821,817598
5,2026-07-25 12:24:57,"testSB_C",0.712783815915657,825856
6,2026-07-25 12:24:57,"ntc1_C",0.691605291957842,825425
6,2026-07-25 12:24:57,"ntc2_C",1.08456750081393,813259
6,2026-07-25 12:24:57,"testSB_C",0.612444976092547,829105
7,2026-07-25 12:24:57,"ntc1_C",0.665765004487582,826011
7,2026-07-25 12:24:57,"ntc2_C",1.50374967251543,800064
7,2026-07-25 12:24:57,"testSB_C",0.886780614805446,820260
8,2026-07-25 12:24:57,"ntc1_C",0.823973236433346,823827
8,2026-07-25 12:24:57,"ntc2_C",0.681255537018387,825387
8,2026-07-25 12:24:57,"testSB_C",1.28503062942917,804227
9,2026-07-25 12:24:57,"ntc1_C",0.392153208140371,834860
9,2026-07-25 12:24:57,"ntc2_C",0.793200746773437,824156
9,2026-07-25 12:24:57,"testSB_C",0.614258784609717,828817
10,2026-07-25 12:24:57,"ntc1_C",0.759988883963615,824481
10,2026-07-25 12:24:57,"ntc2_C",0.993498740194468,814685
10,2026-07-25 12:24:57,"testSB_C",0.633860265116766,827076
11,2026-07-25 12:24:57,"ntc1_C",0.412896936727975,836260
11,2026-07-25 12:24:57,"ntc2_C",0.742074878333824,824889
11,2026-07-25 12:24:57,"testSB_C",0.500789083181417,831826
12,2026-07-25 12:24:57,"ntc1_C",1.0754440437957,813616
12,2026-07-25 12:24:57,"ntc2_C",1.00608426094675,815413
12,2026-07-25 12:24:57,"testSB_C",0.719877766149921,824641
13,2026-07-25 12:24:57,"ntc1_C",0.706845785771634,828026
13,2026-07-25 12:24:57,"ntc2_C",0.946413999515869,815885
13,2026-07-25 12:24:57,"testSB_C",0.793946853308796,822254
14,2026-07-25 12:24:57,"ntc1_C",0.735330800707743,823484
14,2026-07-25 12:24:57,"ntc2_C",0.904582627101775,819867
14,2026-07-25 12:24:57,"testSB_C",0.569124152530378,830823
15,2026-07-25 12:24:57,"ntc1_C",0.500946634958382,830667
15,2026-07-25 12:24:57,"ntc2_C",0.953740906883581,818353
15,2026-07-25 12:24:57,"testSB_C",1.07676966412475,814467
16,2026-07-25 12:24:57,"ntc1_C",0.512384788001384,830992
16,2026-07-25 12:24:57,"ntc2_C",0.596743389264816,827643
16,2026-07-25 12:24:57,"testSB_C",0.883994844443691,818094
17,2026-07-25 12:24:57,"ntc1_C",0.686159384353118,825129
17,2026-07-25 12:24:57,"ntc2_C",0.58798041537699,828117
17,2026-07-25 12:24:57,"testSB_C",0.349322666591661,838588
18,2026-07-25 12:24:57,"ntc1_C",0.789660712947352,824300
18,2026-07-25 12:24:57,"ntc2_C",0.554838999858021,830143
18,2026-07-25 12:24:57,"testSB_C",0.418215629556471,833835
19,2026-07-25 12:24:57,"ntc1_C",0.462993888838071,834836
19,2026-07-25 12:24:57,"ntc2_C",0.59545237263336,829508
19,2026-07-25 12:24:57,"testSB_C",0.732572269368518,826085
20,2026-07-25 12:24:57,"ntc1_C",0.660968795960287,826698
20,2026-07-25 12:24:57,"ntc2_C",0.999838710921836,816898
20,2026-07-25 12:24:57,"testSB_C",0.894446496046669,817912
21,2026-07-25 12:24:57,"ntc1_C",0.482358792258651,831426
21,2026-07-25 12:24:57,"ntc2_C",0.925492303734757,818507
21,2026-07-25 12:24:57,"testSB_C",0.0757374497226806,847026
22,2026-07-25 12:24:57,"ntc1_C",0.341063778497983,838247
22,2026-07-25 12:24:57,"ntc2_C",0.770975951042203,824927
22,2026-07-25 12:24:57,"testSB_C",0.235254479174841,840416
23,2026-07-25 12:24:57,"ntc1_C",0.41908066647693,837316
23,2026-07-25 12:24:57,"ntc2_C",0.876196913438719,820041
23,2026-07-25 12:24:57,"testSB_C",0.231962204113586,840258
24,2026-07-25 12:24:57,"ntc1_C",0.373262227260795,837091
24,2026-07-25 12:24:57,"ntc2_C",0.396810706029896,837630
24,2026-07-25 12:24:57,"testSB_C",0.17458451872011,842076
1,2026-07-25 15:24:57,"ntc1_C",-0.244265090613226,855728
1,2026-07-25 15:24:57,"testSB_C",-0.121068511671808,853534
2,2026-07-25 15:24:57,"ntc1_C",-0.280479964054848,858313
2,2026-07-25 15:24:57,"ntc2_C",0.218479229743195,841064
2,2026-07-25 15:24:57,"testSB_C",0.134094228516517,846046
3,2026-07-25 15:24:57,"ntc1_C",0.56665629014708,831097
3,2026-07-25 15:24:57,"ntc2_C",0.600609367311222,829015
3,2026-07-25 15:24:57,"testSB_C",0.627627333665089,827970
4,2026-07-25 15:24:57,"ntc1_C",0.6185598245591,828885
4,2026-07-25 15:24:57,"ntc2_C",0.675966105149428,825121
4,2026-07-25 15:24:57,"testSB_C",0.963664789417521,815803
5,2026-07-25 15:24:57,"ntc1_C",0.796774072068047,821232
5,2026-07-25 15:24:57,"ntc2_C",0.666547024929798,826787
5,2026-07-25 15:24:57,"testSB_C",0.892884266458907,819907
6,2026-07-25 15:24:57,"ntc1_C",0.610040614641036,828132
6,2026-07-25 15:24:57,"ntc2_C",0.607534481669461,828984
6,2026-07-25 15:24:57,"testSB_C",0.64730881765496,827945
7,2026-07-25 15:24:57,"ntc1_C",0.732712426217347,823793
7,2026-07-25 15:24:57,"ntc2_C",0.507857979622713,832688
7,2026-07-25 15:24:57,"testSB_C",0.641086884050139,828389
8,2026-07-25 15:24:57,"ntc1_C",0.512572855308861,834195
8,2026-07-25 15:24:57,"ntc2_C",0.564144494124491,829277
8,2026-07-25 15:24:57,"testSB_C",0.65119894033063,824937
9,2026-07-25 15:24:57,"ntc1_C",0.495482957425565,831403
9,2026-07-25 15:24:57,"ntc2_C",0.632787657097651,829483
9,2026-07-25 15:24:57,"testSB_C",0.617924072850201,828695
10,2026-07-25 15:24:57,"ntc1_C",0.686065681551497,826931
10,2026-07-25 15:24:57,"ntc2_C",0.565711488504348,828794
10,2026-07-25 15:24:57,"testSB_C",0.654852111656226,826379
11,2026-07-25 15:24:57,"ntc1_C",0.668609552458065,827718
11,2026-07-25 15:24:57,"ntc2_C",0.711470162871251,825903
11,2026-07-25 15:24:57,"testSB_C",0.755234493303817,823373
12,2026-07-25 15:24:57,"ntc1_C",0.675097445752556,826792
12,2026-07-25 15:24:57,"ntc2_C",0.722360580699899,824750
12,2026-07-25 15:24:57,"testSB_C",0.608030283345215,828353
13,2026-07-25 15:24:57,"ntc1_C",0.666317455964133,829375
13,2026-07-25 15:24:57,"ntc2_C",0.865188821521144,818550
13,2026-07-25 15:24:57,"testSB_C",0.748473948959827,823757
14,2026-07-25 15:24:57,"ntc1_C",0.874650952024922,818892
14,2026-07-25 15:24:57,"ntc2_C",0.772712350788026,824218
14,2026-07-25 15:24:57,"testSB_C",0.73326544267502,825364
15,2026-07-25 15:24:57,"ntc1_C",0.680240175514882,824709
15,2026-07-25 15:24:57,"ntc2_C",0.735024374405612,825571
15,2026-07-25 15:24:57,"testSB_C",0.703420258614358,826768
16,2026-07-25 15:24:57,"ntc1_C",0.661607182787179,826025
16,2026-07-25 15:24:57,"ntc2_C",0.86949783618735,818625
16,2026-07-25 15:24:57,"testSB_C",0.785118566553137,821349
17,2026-07-25 15:24:57,"ntc1_C",0.947045424907117,816529
17,2026-07-25 15:24:57,"ntc2_C",0.861075559848018,819085
17,2026-07-25 15:24:57,"testSB_C",0.88062150763983,820877
18,2026-07-25 15:24:57,"ntc1_C",0.975654396245261,818169
18,2026-07-25 15:24:57,"ntc2_C",0.65912615668185,826675
18,2026-07-25 15:24:57,"testSB_C",0.804252916536711,820999
19,2026-07-25 15:24:57,"ntc1_C",0.869808061874323,821303
19,2026-07-25 15:24:57,"ntc2_C",0.711959855819146,825634
19,2026-07-25 15:24:57,"testSB_C",0.799474850409808,823868
20,2026-07-25 15:24:57,"ntc1_C",0.940887172951363,817454
20,2026-07-25 15:24:57,"ntc2_C",0.692101647773484,827058
20,2026-07-25 15:24:57,"testSB_C",1.04393796070258,813019
21,2026-07-25 15:24:57,"ntc1_C",0.815283978015259,820391
21,2026-07-25 15:24:57,"ntc2_C",0.618517611630182,828660
21,2026-07-25 15:24:57,"testSB_C",0.535648625956924,831508
22,2026-07-25 15:24:57,"ntc1_C",0.720752502247933,825559
22,2026-07-25 15:24:57,"ntc2_C",0.770039298746667,824958
22,2026-07-25 15:24:57,"testSB_C",0.419364708300805,834222
23,2026-07-25 15:24:57,"ntc1_C",0.458996192792881,835974
23,2026-07-25 15:24:57,"ntc2_C",0.61297310204958,828754
23,2026-07-25 15:24:57,"testSB_C",0.386108431684988,835073
24,2026-07-25 15:24:57,"ntc1_C",0.557126331623067,830927
24,2026-07-25 15:24:57,"ntc2_C",0.374365699900409,838386
24,2026-07-25 15:24:57,"testSB_C",0.363616546347771,835703
1,2026-07-25 18:24:57,"ntc1_C",-1.0671450179849,884571
1,2026-07-25 18:24:57,"testSB_C",-0.931416148549999,881835
2,2026-07-25 18:24:57,"ntc1_C",-1.0662741026793,885924
2,2026-07-25 18:24:57,"ntc2_C",-0.794353564460437,876063
2,2026-07-25 18:24:57,"testSB_C",-1.05184209971941,887389
3,2026-07-25 18:24:57,"ntc1_C",-0.656202367215315,872995
3,2026-07-25 18:24:57,"ntc2_C",-0.600557628847412,870063
3,2026-07-25 18:24:57,"testSB_C",-0.779148793711897,876162
4,2026-07-25 18:24:57,"ntc1_C",-0.535280740832604,868259
4,2026-07-25 18:24:57,"ntc2_C",-0.582236622378446,867936
4,2026-07-25 18:24:57,"testSB_C",-0.501271225082235,865273
5,2026-07-25 18:24:57,"ntc1_C",-0.595206922864293,868525
5,2026-07-25 18:24:57,"ntc2_C",-0.6738433822199,872570
5,2026-07-25 18:24:57,"testSB_C",-0.618482807245357,871272
6,2026-07-25 18:24:57,"ntc1_C",-0.701715746239529,872981
6,2026-07-25 18:24:57,"ntc2_C",-0.776876375764175,876469
6,2026-07-25 18:24:57,"testSB_C",-0.71021809741552,874407
7,2026-07-25 18:24:57,"ntc1_C",-0.581333022443744,868504
7,2026-07-25 18:24:57,"ntc2_C",-0.73788983133602,875492
7,2026-07-25 18:24:57,"testSB_C",-0.667074329027457,873130
8,2026-07-25 18:24:57,"ntc1_C",-0.717452303284688,876518
8,2026-07-25 18:24:57,"ntc2_C",-0.646752573383083,870656
8,2026-07-25 18:24:57,"testSB_C",-0.638667079166055,868848
9,2026-07-25 18:24:57,"ntc1_C",-0.745436879037584,873941
9,2026-07-25 18:24:57,"ntc2_C",-0.669396363545786,874099
9,2026-07-25 18:24:57,"testSB_C",-0.71744497038145,874427
10,2026-07-25 18:24:57,"ntc1_C",-0.733206210546768,875494
10,2026-07-25 18:24:57,"ntc2_C",-0.811487999324072,876000
10,2026-07-25 18:24:57,"testSB_C",-0.769178374872808,875101
11,2026-07-25 18:24:57,"ntc1_C",-0.896921607115473,881500
11,2026-07-25 18:24:57,"ntc2_C",-0.866276077963221,880006
11,2026-07-25 18:24:57,"testSB_C",-0.838625305788185,877863
12,2026-07-25 18:24:57,"ntc1_C",-0.946022119319139,882498
12,2026-07-25 18:24:57,"ntc2_C",-0.90529889752014,880546
12,2026-07-25 18:24:57,"testSB_C",-0.956765883476066,882180
13,2026-07-25 18:24:57,"ntc1_C",-0.902771730507823,883429
13,2026-07-25 18:24:57,"ntc2_C",-0.872470238316168,877824
13,2026-07-25 18:24:57,"testSB_C",-0.906652604384931,880488
14,2026-07-25 18:24:57,"ntc1_C",-0.845003794493834,877520
14,2026-07-25 18:24:57,"ntc2_C",-0.905824457104018,881784
14,2026-07-25 18:24:57,"testSB_C",-0.923809970838761,882263
15,2026-07-25 18:24:57,"ntc1_C",-0.9661711935413,881163
15,2026-07-25 18:24:57,"ntc2_C",-0.927690798014794,882694
15,2026-07-25 18:24:57,"testSB_C",-0.974990999118575,884544
16,2026-07-25 18:24:57,"ntc1_C",-1.00754521379434,883420
16,2026-07-25 18:24:57,"ntc2_C",-0.943945421865806,880594
16,2026-07-25 18:24:57,"testSB_C",-0.983002198738745,881927
17,2026-07-25 18:24:57,"ntc1_C",-0.918502715267948,880175
17,2026-07-25 18:24:57,"ntc2_C",-0.981565010269662,882107
17,2026-07-25 18:24:57,"testSB_C",-0.981000763866746,884728
18,2026-07-25 18:24:57,"ntc1_C",-0.962856369760289,884510
18,2026-07-25 18:24:57,"ntc2_C",-1.07233151798772,886290
18,2026-07-25 18:24:57,"testSB_C",-1.01429461856287,883351
19,2026-07-25 18:24:57,"ntc1_C",-0.967376962133017,884319
19,2026-07-25 18:24:57,"ntc2_C",-1.10777166814518,888387
19,2026-07-25 18:24:57,"testSB_C",-1.04636899207293,887408
20,2026-07-25 18:24:57,"ntc1_C",-0.91359242516188,880796
20,2026-07-25 18:24:57,"ntc2_C",-1.08960973964025,888566
20,2026-07-25 18:24:57,"testSB_C",-0.886852013930366,878673
21,2026-07-25 18:24:57,"ntc1_C",-0.957355487536915,880984
21,2026-07-25 18:24:57,"ntc2_C",-1.07656279603435,887172
21,2026-07-25 18:24:57,"testSB_C",-1.04853035172607,886262
22,2026-07-25 18:24:57,"ntc1_C",-0.904983059204028,881355
22,2026-07-25 18:24:57,"ntc2_C",-0.921298445614127,882999
22,2026-07-25 18:24:57,"testSB_C",-1.04987103358189,885029
23,2026-07-25 18:24:57,"ntc1_C",-1.00985957600909,886888
23,2026-07-25 18:24:57,"ntc2_C",-0.930441694610636,881852
23,2026-07-25 18:24:57,"testSB_C",-1.03040463630055,884023
24,2026-07-25 18:24:57,"ntc1_C",-0.913194931007695,881593
24,2026-07-25 18:24:57,"ntc2_C",-1.01926264025275,886767
24,2026-07-25 18:24:57,"testSB_C",-0.9868775513836,882377
1,2026-07-25 21:24:57,"ntc1_C",-3.95418456016341,994120
1,2026-07-25 21:24:57,"testSB_C",-3.96585337774508,996893
2,2026-07-25 21:24:57,"ntc1_C",-3.95857551403435,995861
2,2026-07-25 21:24:57,"ntc2_C",-3.92366674432537,994208
2,2026-07-25 21:24:57,"testSB_C",-3.93191482286784,996881
3,2026-07-25 21:24:57,"ntc1_C",-3.94823734634338,997204
3,2026-07-25 21:24:57,"ntc2_C",-3.9432861262469,995943
3,2026-07-25 21:24:57,"testSB_C",-4.08245312972952,1001290
4,2026-07-25 21:24:57,"ntc1_C",-3.8521089958387,992793
4,2026-07-25 21:24:57,"ntc2_C",-3.86032772807488,990837
4,2026-07-25 21:24:57,"testSB_C",-3.87507919673936,991610
5,2026-07-25 21:24:57,"ntc1_C",-3.88545226729389,992074
5,2026-07-25 21:24:57,"ntc2_C",-3.85554896689479,992263
5,2026-07-25 21:24:57,"testSB_C",-3.88753924517937,994311
6,2026-07-25 21:24:57,"ntc1_C",-3.89716749509284,993264
6,2026-07-25 21:24:57,"ntc2_C",-3.9512424603223,996479
6,2026-07-25 21:24:57,"testSB_C",-3.95714366173689,997010
7,2026-07-25 21:24:57,"ntc1_C",-3.81266749400777,989666
7,2026-07-25 21:24:57,"ntc2_C",-3.86272257455317,993368
7,2026-07-25 21:24:57,"testSB_C",-3.86451526637342,993531
8,2026-07-25 21:24:57,"ntc1_C",-3.85051391100114,994853
8,2026-07-25 21:24:57,"ntc2_C",-3.88547447367642,992378
8,2026-07-25 21:24:57,"testSB_C",-3.89712614314095,991104
9,2026-07-25 21:24:57,"ntc1_C",-3.88121705577055,991971
9,2026-07-25 21:24:57,"ntc2_C",-3.86154287850121,994499
9,2026-07-25 21:24:57,"testSB_C",-3.8249780942453,991448
10,2026-07-25 21:24:57,"ntc1_C",-3.86053817028545,993405
10,2026-07-25 21:24:57,"ntc2_C",-3.846548902145,990307
10,2026-07-25 21:24:57,"testSB_C",-4.01479241491762,997790
11,2026-07-25 21:24:57,"ntc1_C",-3.99114249872889,998901
11,2026-07-25 21:24:57,"ntc2_C",-3.96983679756556,997606
11,2026-07-25 21:24:57,"testSB_C",-3.90016752613263,993455
12,2026-07-25 21:24:57,"ntc1_C",-3.89388747106085,994149
12,2026-07-25 21:24:57,"ntc2_C",-3.86744915639599,992519
12,2026-07-25 21:24:57,"testSB_C",-3.85144298171838,991681
13,2026-07-25 21:24:57,"ntc1_C",-3.79311952135976,992916
13,2026-07-25 21:24:57,"ntc2_C",-3.77351715809925,987060
13,2026-07-25 21:24:57,"testSB_C",-3.76732255298435,988436
14,2026-07-25 21:24:57,"ntc1_C",-3.753257649803,986936
14,2026-07-25 21:24:57,"ntc2_C",-3.76558826912873,989806
14,2026-07-25 21:24:57,"testSB_C",-3.75334825112071,989160
15,2026-07-25 21:24:57,"ntc1_C",-3.76735908229961,986749
15,2026-07-25 21:24:57,"ntc2_C",-3.74324495292564,989102
15,2026-07-25 21:24:57,"testSB_C",-3.75945790677838,989945
16,2026-07-25 21:24:57,"ntc1_C",-3.78908746540441,988571
16,2026-07-25 21:24:57,"ntc2_C",-3.8069147494781,988672
16,2026-07-25 21:24:57,"testSB_C",-3.84918354782741,990313
17,2026-07-25 21:24:57,"ntc1_C",-3.81444013854741,989508
17,2026-07-25 21:24:57,"ntc2_C",-3.78983271505979,988138
17,2026-07-25 21:24:57,"testSB_C",-3.75669168016913,989794
18,2026-07-25 21:24:57,"ntc1_C",-3.74677270701414,989839
18,2026-07-25 21:24:57,"ntc2_C",-3.77592313132476,988576
18,2026-07-25 21:24:57,"testSB_C",-3.75735473714587,986988
19,2026-07-25 21:24:57,"ntc1_C",-3.77033638849724,990434
19,2026-07-25 21:24:57,"ntc2_C",-3.80065465068623,990602
19,2026-07-25 21:24:57,"testSB_C",-3.78512958561322,991342
20,2026-07-25 21:24:57,"ntc1_C",-3.74329587781534,987578
20,2026-07-25 21:24:57,"ntc2_C",-3.80476882389252,991705
20,2026-07-25 21:24:57,"testSB_C",-3.72352036510591,985430
21,2026-07-25 21:24:57,"ntc1_C",-3.74241799735455,985874
21,2026-07-25 21:24:57,"ntc2_C",-3.76571133212013,989071
21,2026-07-25 21:24:57,"testSB_C",-3.75429527928105,988725
22,2026-07-25 21:24:57,"ntc1_C",-3.74205703654951,988439
22,2026-07-25 21:24:57,"ntc2_C",-3.74145116896614,989539
22,2026-07-25 21:24:57,"testSB_C",-3.74532452418958,986892
23,2026-07-25 21:24:57,"ntc1_C",-3.74115819858912,990414
23,2026-07-25 21:24:57,"ntc2_C",-3.77033140075281,989116
23,2026-07-25 21:24:57,"testSB_C",-3.76394994683096,987217
24,2026-07-25 21:24:57,"ntc1_C",-3.7325901641068,988043
24,2026-07-25 21:24:57,"ntc2_C",-3.7379944095523,989788
24,2026-07-25 21:24:57,"testSB_C",-3.7190556971322,985384
1,2026-07-26 00:24:57,"ntc1_C",-5.7030379717387,1067286
1,2026-07-26 00:24:57,"testSB_C",-5.74091234314619,1071366
2,2026-07-26 00:24:57,"ntc1_C",-5.67420975303628,1067711
2,2026-07-26 00:24:57,"ntc2_C",-5.68360946009739,1067848
2,2026-07-26 00:24:57,"testSB_C",-5.65832167489265,1069186
3,2026-07-26 00:24:57,"ntc1_C",-5.67422949555578,1069561
3,2026-07-26 00:24:57,"ntc2_C",-5.66485906818082,1068048
3,2026-07-26 00:24:57,"testSB_C",-5.655594493671,1067300
4,2026-07-26 00:24:57,"ntc1_C",-5.65258706012389,1068068
4,2026-07-26 00:24:57,"ntc2_C",-5.65157656253058,1065543
4,2026-07-26 00:24:57,"testSB_C",-5.64825448695433,1065591
5,2026-07-26 00:24:57,"ntc1_C",-5.64949405464034,1065739
5,2026-07-26 00:24:57,"ntc2_C",-5.64443357451012,1066972
5,2026-07-26 00:24:57,"testSB_C",-5.64561341493112,1067853
6,2026-07-26 00:24:57,"ntc1_C",-5.64425164860916,1066221
6,2026-07-26 00:24:57,"ntc2_C",-5.6518499426943,1067708
6,2026-07-26 00:24:57,"testSB_C",-5.66067427262379,1068381
7,2026-07-26 00:24:57,"ntc1_C",-5.64318820479974,1066013
7,2026-07-26 00:24:57,"ntc2_C",-5.65587309442196,1068381
7,2026-07-26 00:24:57,"testSB_C",-5.65330550806652,1068331
8,2026-07-26 00:24:57,"ntc1_C",-5.6463544840658,1070090
8,2026-07-26 00:24:57,"ntc2_C",-5.64987385794893,1066048
8,2026-07-26 00:24:57,"testSB_C",-5.66217733632004,1064707
9,2026-07-26 00:24:57,"ntc1_C",-5.6383283430651,1065277
9,2026-07-26 00:24:57,"ntc2_C",-5.64831282767477,1069334
9,2026-07-26 00:24:57,"testSB_C",-5.64717011083974,1067569
10,2026-07-26 00:24:57,"ntc1_C",-5.65313915499479,1068357
10,2026-07-26 00:24:57,"ntc2_C",-5.64671362625916,1065366
10,2026-07-26 00:24:57,"testSB_C",-5.66390002491357,1066880
11,2026-07-26 00:24:57,"ntc1_C",-5.65196510811131,1068536
11,2026-07-26 00:24:57,"ntc2_C",-5.65056394208284,1068029
11,2026-07-26 00:24:57,"testSB_C",-5.64463247670551,1066324
12,2026-07-26 00:24:57,"ntc1_C",-5.64741613829568,1067464
12,2026-07-26 00:24:57,"ntc2_C",-5.64432908010235,1066725
12,2026-07-26 00:24:57,"testSB_C",-5.64599934651613,1066606
13,2026-07-26 00:24:57,"ntc1_C",-5.65303711263152,1070770
13,2026-07-26 00:24:57,"ntc2_C",-5.64336239230619,1064904
13,2026-07-26 00:24:57,"testSB_C",-5.64845328000581,1066868
14,2026-07-26 00:24:57,"ntc1_C",-5.64317118056601,1065590
14,2026-07-26 00:24:57,"ntc2_C",-5.65067859104778,1068484
14,2026-07-26 00:24:57,"testSB_C",-5.65091508281762,1068346
15,2026-07-26 00:24:57,"ntc1_C",-5.64472125728463,1064833
15,2026-07-26 00:24:57,"ntc2_C",-5.64244810502794,1068368
15,2026-07-26 00:24:57,"testSB_C",-5.6433279630167,1068617
16,2026-07-26 00:24:57,"ntc1_C",-5.63874471024747,1065653
16,2026-07-26 00:24:57,"ntc2_C",-5.65132451752731,1065552
16,2026-07-26 00:24:57,"testSB_C",-5.64720096211806,1065319
17,2026-07-26 00:24:57,"ntc1_C",-5.65450181570628,1066253
17,2026-07-26 00:24:57,"ntc2_C",-5.65449488827403,1065811
17,2026-07-26 00:24:57,"testSB_C",-5.6630429291265,1069422
18,2026-07-26 00:24:57,"ntc1_C",-5.66863934166929,1070116
18,2026-07-26 00:24:57,"ntc2_C",-5.66550712927295,1067315
18,2026-07-26 00:24:57,"testSB_C",-5.6789747220235,1067083
19,2026-07-26 00:24:57,"ntc1_C",-5.67914386913435,1070229
19,2026-07-26 00:24:57,"ntc2_C",-5.67542601221174,1068944
19,2026-07-26 00:24:57,"testSB_C",-5.68585557697645,1070873
20,2026-07-26 00:24:57,"ntc1_C",-5.68264186693887,1068489
20,2026-07-26 00:24:57,"ntc2_C",-5.68563231892125,1070408
20,2026-07-26 00:24:57,"testSB_C",-5.67805513307587,1066796
21,2026-07-26 00:24:57,"ntc1_C",-5.68881910758057,1066852
21,2026-07-26 00:24:57,"ntc2_C",-5.69158983926485,1069493
21,2026-07-26 00:24:57,"testSB_C",-5.69119768215694,1069606
22,2026-07-26 00:24:57,"ntc1_C",-5.6904362324986,1069778
22,2026-07-26 00:24:57,"ntc2_C",-5.6942944901657,1071115
22,2026-07-26 00:24:57,"testSB_C",-5.68409831979687,1067678
23,2026-07-26 00:24:57,"ntc1_C",-5.68805105160124,1071842
23,2026-07-26 00:24:57,"ntc2_C",-5.69639956283117,1069542
23,2026-07-26 00:24:57,"testSB_C",-5.700591292421,1067880
24,2026-07-26 00:24:57,"ntc1_C",-5.68692196811884,1069631
24,2026-07-26 00:24:57,"ntc2_C",-5.67925148840669,1070930
24,2026-07-26 00:24:57,"testSB_C",-5.66931095239772,1066531
1,2026-07-26 03:24:57,"ntc1_C",-9.34782527674173,1238157
1,2026-07-26 03:24:57,"testSB_C",-9.39318149585057,1243182
2,2026-07-26 03:24:57,"ntc1_C",-9.29638772029267,1237484
2,2026-07-26 03:24:57,"ntc2_C",-9.28291652954744,1236471
2,2026-07-26 03:24:57,"testSB_C",-9.26094447867689,1237998
3,2026-07-26 03:24:57,"ntc1_C",-9.26526530827721,1237950
3,2026-07-26 03:24:57,"ntc2_C",-9.23014701217505,1234976
3,2026-07-26 03:24:57,"testSB_C",-9.19614305784552,1232774
4,2026-07-26 03:24:57,"ntc1_C",-9.1922351917525,1233684
4,2026-07-26 03:24:57,"ntc2_C",-9.18432423254455,1230378
4,2026-07-26 03:24:57,"testSB_C",-9.16360482594808,1229556
5,2026-07-26 03:24:57,"ntc1_C",-9.16986177500183,1230077
5,2026-07-26 03:24:57,"ntc2_C",-9.15819496782865,1231071
5,2026-07-26 03:24:57,"testSB_C",-9.16098693512401,1232194
6,2026-07-26 03:24:57,"ntc1_C",-9.15591678321505,1230043
6,2026-07-26 03:24:57,"ntc2_C",-9.17311446095891,1232358
6,2026-07-26 03:24:57,"testSB_C",-9.16673881417029,1232312
7,2026-07-26 03:24:57,"ntc1_C",-9.14307999917429,1229348
7,2026-07-26 03:24:57,"ntc2_C",-9.1753445803746,1233061
7,2026-07-26 03:24:57,"testSB_C",-9.1338864170379,1230968
8,2026-07-26 03:24:57,"ntc1_C",-9.1136628255768,1232395
8,2026-07-26 03:24:57,"ntc2_C",-9.10370013142227,1227034
8,2026-07-26 03:24:57,"testSB_C",-9.14537508794376,1226959
9,2026-07-26 03:24:57,"ntc1_C",-9.09045701715809,1226019
9,2026-07-26 03:24:57,"ntc2_C",-9.10069508918258,1230821
9,2026-07-26 03:24:57,"testSB_C",-9.08195015573824,1227876
10,2026-07-26 03:24:57,"ntc1_C",-9.09034418147314,1228813
10,2026-07-26 03:24:57,"ntc2_C",-9.08965007515394,1225700
10,2026-07-26 03:24:57,"testSB_C",-9.11060153442821,1227662
11,2026-07-26 03:24:57,"ntc1_C",-9.08928714196799,1229003
11,2026-07-26 03:24:57,"ntc2_C",-9.09858445856037,1228999
11,2026-07-26 03:24:57,"testSB_C",-9.08942716939873,1226854
12,2026-07-26 03:24:57,"ntc1_C",-9.10730357661913,1228916
12,2026-07-26 03:24:57,"ntc2_C",-9.09154595029327,1227437
12,2026-07-26 03:24:57,"testSB_C",-9.0868508588722,1227026
13,2026-07-26 03:24:57,"ntc1_C",-9.08630374861036,1231420
13,2026-07-26 03:24:57,"ntc2_C",-9.08617870595498,1225211
13,2026-07-26 03:24:57,"testSB_C",-9.0774162454963,1226751
14,2026-07-26 03:24:57,"ntc1_C",-9.07193387500598,1225198
14,2026-07-26 03:24:57,"ntc2_C",-9.0903604814099,1229074
14,2026-07-26 03:24:57,"testSB_C",-9.08775669685718,1228815
15,2026-07-26 03:24:57,"ntc1_C",-9.08049466268233,1224653
15,2026-07-26 03:24:57,"ntc2_C",-9.08118920007649,1228970
15,2026-07-26 03:24:57,"testSB_C",-9.0770343351474,1229002
16,2026-07-26 03:24:57,"ntc1_C",-9.06308470137668,1225129
16,2026-07-26 03:24:57,"ntc2_C",-9.08049708666249,1225293
16,2026-07-26 03:24:57,"testSB_C",-9.07045157590994,1224738
17,2026-07-26 03:24:57,"ntc1_C",-9.07229797094641,1225493
17,2026-07-26 03:24:57,"ntc2_C",-9.05982095443227,1224301
17,2026-07-26 03:24:57,"testSB_C",-9.05739478594745,1227934
18,2026-07-26 03:24:57,"ntc1_C",-9.07012241450491,1229032
18,2026-07-26 03:24:57,"ntc2_C",-9.04997953552208,1224894
18,2026-07-26 03:24:57,"testSB_C",-9.05471676155281,1224394
19,2026-07-26 03:24:57,"ntc1_C",-9.05918719357697,1228166
19,2026-07-26 03:24:57,"ntc2_C",-9.0517874861759,1226527
19,2026-07-26 03:24:57,"testSB_C",-9.05287045007435,1228282
20,2026-07-26 03:24:57,"ntc1_C",-9.04937017054681,1225554
20,2026-07-26 03:24:57,"ntc2_C",-9.05596613182047,1227922
20,2026-07-26 03:24:57,"testSB_C",-9.03425107245596,1223045
21,2026-07-26 03:24:57,"ntc1_C",-9.04837268539256,1223134
21,2026-07-26 03:24:57,"ntc2_C",-9.05434067439478,1226452
21,2026-07-26 03:24:57,"testSB_C",-9.06029597380871,1226922
22,2026-07-26 03:24:57,"ntc1_C",-9.05769108821676,1227005
22,2026-07-26 03:24:57,"ntc2_C",-9.07130560461417,1228940
22,2026-07-26 03:24:57,"testSB_C",-9.03548745103609,1223796
23,2026-07-26 03:24:57,"ntc1_C",-9.05048465093068,1229094
23,2026-07-26 03:24:57,"ntc2_C",-9.08128825118212,1227610
23,2026-07-26 03:24:57,"testSB_C",-9.06219581017137,1224405
24,2026-07-26 03:24:57,"ntc1_C",-9.05207102475208,1226763
24,2026-07-26 03:24:57,"ntc2_C",-9.03846137713288,1227913
24,2026-07-26 03:24:57,"testSB_C",-9.03140670606837,1222980
1,2026-07-26 06:24:57,"ntc1_C",-10.672281281602,1306945
1,2026-07-26 06:24:57,"testSB_C",-10.7285291767597,1312798
2,2026-07-26 06:24:57,"ntc1_C",-10.8184707639644,1316804
2,2026-07-26 06:24:57,"ntc2_C",-10.8682006179463,1319117
2,2026-07-26 06:24:57,"testSB_C",-10.7835445849744,1317285
3,2026-07-26 06:24:57,"ntc1_C",-9.76754643057177,1263570
3,2026-07-26 06:24:57,"ntc2_C",-10.1105804962641,1280148
3,2026-07-26 06:24:57,"testSB_C",-10.3307507276312,1291161
4,2026-07-26 06:24:57,"ntc1_C",-9.83133424891338,1266272
4,2026-07-26 06:24:57,"ntc2_C",-9.76652838055389,1259944
4,2026-07-26 06:24:57,"testSB_C",-10.3673399747101,1291436
5,2026-07-26 06:24:57,"ntc1_C",-10.3704710503796,1291853
5,2026-07-26 06:24:57,"ntc2_C",-10.1231009191358,1280489
5,2026-07-26 06:24:57,"testSB_C",-10.3371971045852,1292762
6,2026-07-26 06:24:57,"ntc1_C",-10.3568621716525,1291777
6,2026-07-26 06:24:57,"ntc2_C",-10.1066732399937,1280204
6,2026-07-26 06:24:57,"testSB_C",-10.4318188590027,1297571
7,2026-07-26 06:24:57,"ntc1_C",-10.2908703065127,1288300
7,2026-07-26 06:24:57,"ntc2_C",-9.71386222447148,1260454
7,2026-07-26 06:24:57,"testSB_C",-10.3602161989672,1294108
8,2026-07-26 06:24:57,"ntc1_C",-10.3705032303071,1297245
8,2026-07-26 06:24:57,"ntc2_C",-10.3588403984712,1291505
8,2026-07-26 06:24:57,"testSB_C",-9.89963202785128,1265299
9,2026-07-26 06:24:57,"ntc1_C",-10.3652192456383,1291454
9,2026-07-26 06:24:57,"ntc2_C",-10.1598100680517,1285191
9,2026-07-26 06:24:57,"testSB_C",-10.3164828813694,1291320
10,2026-07-26 06:24:57,"ntc1_C",-10.3081904783185,1291389
10,2026-07-26 06:24:57,"ntc2_C",-9.89773136843127,1266777
10,2026-07-26 06:24:57,"testSB_C",-10.2899917131887,1288185
11,2026-07-26 06:24:57,"ntc1_C",-10.4421451433594,1298715
11,2026-07-26 06:24:57,"ntc2_C",-10.106881289062,1280599
11,2026-07-26 06:24:57,"testSB_C",-10.2463363421228,1286133
12,2026-07-26 06:24:57,"ntc1_C",-9.81644896966344,1264973
12,2026-07-26 06:24:57,"ntc2_C",-10.0797541221266,1277916
12,2026-07-26 06:24:57,"testSB_C",-10.2051506556718,1284302
13,2026-07-26 06:24:57,"ntc1_C",-10.0958162707499,1283182
13,2026-07-26 06:24:57,"ntc2_C",-10.0268388885482,1273152
13,2026-07-26 06:24:57,"testSB_C",-10.191049919082,1283772
14,2026-07-26 06:24:57,"ntc1_C",-10.1690800456018,1281262
14,2026-07-26 06:24:57,"ntc2_C",-9.95222724396638,1273038
14,2026-07-26 06:24:57,"testSB_C",-10.0669236633344,1278886
15,2026-07-26 06:24:57,"ntc1_C",-10.1281200256916,1278101
15,2026-07-26 06:24:57,"ntc2_C",-9.75073302994582,1263001
15,2026-07-26 06:24:57,"testSB_C",-9.75619828267429,1263528
16,2026-07-26 06:24:57,"ntc1_C",-10.1586589790587,1281134
16,2026-07-26 06:24:57,"ntc2_C",-10.1601951959005,1280489
16,2026-07-26 06:24:57,"testSB_C",-10.14247942996,1279511
17,2026-07-26 06:24:57,"ntc1_C",-10.113013143311,1278647
17,2026-07-26 06:24:57,"ntc2_C",-10.0758431047402,1276097
17,2026-07-26 06:24:57,"testSB_C",-10.2500822115558,1289151
18,2026-07-26 06:24:57,"ntc1_C",-10.1448087645981,1284088
18,2026-07-26 06:24:57,"ntc2_C",-9.92533385237522,1269385
18,2026-07-26 06:24:57,"testSB_C",-10.1024925175493,1277883
19,2026-07-26 06:24:57,"ntc1_C",-10.1785835700503,1285553
19,2026-07-26 06:24:57,"ntc2_C",-10.1250224233304,1281428
19,2026-07-26 06:24:57,"testSB_C",-10.0838409264187,1281053
20,2026-07-26 06:24:57,"ntc1_C",-10.1218993549851,1280385
20,2026-07-26 06:24:57,"ntc2_C",-9.71135017229818,1261199
20,2026-07-26 06:24:57,"testSB_C",-10.0338389679511,1273954
21,2026-07-26 06:24:57,"ntc1_C",-10.160710597823,1279874
21,2026-07-26 06:24:57,"ntc2_C",-9.67901393788958,1258104
21,2026-07-26 06:24:57,"testSB_C",-10.252919827093,1288102
22,2026-07-26 06:24:57,"ntc1_C",-10.1238754628627,1281554
22,2026-07-26 06:24:57,"ntc2_C",-9.7468807397641,1263262
22,2026-07-26 06:24:57,"testSB_C",-10.158461643497,1281168
23,2026-07-26 06:24:57,"ntc1_C",-9.94079530180295,1274542
23,2026-07-26 06:24:57,"ntc2_C",-9.79018425426278,1263627
23,2026-07-26 06:24:57,"testSB_C",-10.1537219907405,1280110
24,2026-07-26 06:24:57,"ntc1_C",-10.1232542677143,1281570
24,2026-07-26 06:24:57,"ntc2_C",-9.85045987432034,1269264
24,2026-07-26 06:24:57,"testSB_C",-9.96470289936099,1270430
1,2026-07-26 09:24:57,"ntc1_C",-7.90450978158941,1167370
1,2026-07-26 09:24:57,"testSB_C",-7.8344776559972,1166643
2,2026-07-26 09:24:57,"ntc1_C",-8.12492117210434,1179748
2,2026-07-26 09:24:57,"ntc2_C",-8.10340539006353,1178402
2,2026-07-26 09:24:57,"testSB_C",-8.04240858130197,1178043
3,2026-07-26 09:24:57,"ntc1_C",-6.19823220065729,1092587
3,2026-07-26 09:24:57,"ntc2_C",-6.70087412862648,1114021
3,2026-07-26 09:24:57,"testSB_C",-7.13029624998313,1133266
4,2026-07-26 09:24:57,"ntc1_C",-6.33618745299265,1098174
4,2026-07-26 09:24:57,"ntc2_C",-6.29430125700168,1093750
4,2026-07-26 09:24:57,"testSB_C",-7.1931572934572,1134696
5,2026-07-26 09:24:57,"ntc1_C",-7.23425572229121,1136738
5,2026-07-26 09:24:57,"ntc2_C",-6.89785494302788,1122767
5,2026-07-26 09:24:57,"testSB_C",-7.08949638878721,1132449
6,2026-07-26 09:24:57,"ntc1_C",-7.30281008276614,1140610
6,2026-07-26 09:24:57,"ntc2_C",-6.87349549098707,1122110
6,2026-07-26 09:24:57,"testSB_C",-7.25959667167558,1140175
7,2026-07-26 09:24:57,"ntc1_C",-7.10379811380506,1131288
7,2026-07-26 09:24:57,"ntc2_C",-6.30300297332957,1096872
7,2026-07-26 09:24:57,"testSB_C",-7.16065108516602,1135875
8,2026-07-26 09:24:57,"ntc1_C",-7.29731186542892,1144447
8,2026-07-26 09:24:57,"ntc2_C",-7.27983909895602,1139134
8,2026-07-26 09:24:57,"testSB_C",-6.4235955479229,1098185
9,2026-07-26 09:24:57,"ntc1_C",-7.34023150471205,1141630
9,2026-07-26 09:24:57,"ntc2_C",-6.86864977077857,1123774
9,2026-07-26 09:24:57,"testSB_C",-7.26835544819863,1140372
10,2026-07-26 09:24:57,"ntc1_C",-7.17877088797098,1136745
10,2026-07-26 09:24:57,"ntc2_C",-6.68319392137494,1111231
10,2026-07-26 09:24:57,"testSB_C",-7.15048627443144,1133399
11,2026-07-26 09:24:57,"ntc1_C",-7.45066353488147,1149634
11,2026-07-26 09:24:57,"ntc2_C",-6.89707907746418,1123566
11,2026-07-26 09:24:57,"testSB_C",-7.21048279042714,1136439
12,2026-07-26 09:24:57,"ntc1_C",-6.66547969444912,1112574
12,2026-07-26 09:24:57,"ntc2_C",-6.99886668083968,1127132
12,2026-07-26 09:24:57,"testSB_C",-7.2463825077611,1138359
13,2026-07-26 09:24:57,"ntc1_C",-7.06502478001534,1134068
13,2026-07-26 09:24:57,"ntc2_C",-6.8480796534156,1118397
13,2026-07-26 09:24:57,"testSB_C",-7.13899601017897,1133567
14,2026-07-26 09:24:57,"ntc1_C",-7.1920272780331,1134869
14,2026-07-26 09:24:57,"ntc2_C",-6.64508419358293,1112566
14,2026-07-26 09:24:57,"testSB_C",-7.04324725429444,1130596
15,2026-07-26 09:24:57,"ntc1_C",-7.14288942783764,1131715
15,2026-07-26 09:24:57,"ntc2_C",-6.67592934732568,1114235
15,2026-07-26 09:24:57,"testSB_C",-6.62648872391168,1112215
16,2026-07-26 09:24:57,"ntc1_C",-7.29947007667761,1140152
16,2026-07-26 09:24:57,"ntc2_C",-7.03808618245597,1127410
16,2026-07-26 09:24:57,"testSB_C",-7.12678071751787,1131436
17,2026-07-26 09:24:57,"ntc1_C",-7.01653413968847,1127004
17,2026-07-26 09:24:57,"ntc2_C",-6.99692068058658,1125616
17,2026-07-26 09:24:57,"testSB_C",-7.25781937295807,1141107
18,2026-07-26 09:24:57,"ntc1_C",-7.10592129897839,1134527
18,2026-07-26 09:24:57,"ntc2_C",-6.80039896240709,1117696
18,2026-07-26 09:24:57,"testSB_C",-7.03368282688473,1127563
19,2026-07-26 09:24:57,"ntc1_C",-7.13112190594546,1135356
19,2026-07-26 09:24:57,"ntc2_C",-7.11058158368542,1133224
19,2026-07-26 09:24:57,"testSB_C",-6.86253902925625,1123387
20,2026-07-26 09:24:57,"ntc1_C",-7.03340963997641,1128867
20,2026-07-26 09:24:57,"ntc2_C",-6.4207943535302,1102901
20,2026-07-26 09:24:57,"testSB_C",-6.83092892177262,1118018
21,2026-07-26 09:24:57,"ntc1_C",-7.07426778500752,1128659
21,2026-07-26 09:24:57,"ntc2_C",-6.36547073329552,1099206
21,2026-07-26 09:24:57,"testSB_C",-7.14672766853056,1134866
22,2026-07-26 09:24:57,"ntc1_C",-7.00104666928951,1128361
22,2026-07-26 09:24:57,"ntc2_C",-6.30000744855158,1097809
22,2026-07-26 09:24:57,"testSB_C",-7.19525735935139,1135374
23,2026-07-26 09:24:57,"ntc1_C",-6.88483535450746,1125302
23,2026-07-26 09:24:57,"ntc2_C",-6.4512877318918,1102883
23,2026-07-26 09:24:57,"testSB_C",-7.03722863633465,1127503
24,2026-07-26 09:24:57,"ntc1_C",-7.06447782489158,1131299
24,2026-07-26 09:24:57,"ntc2_C",-6.76683529102394,1119366
24,2026-07-26 09:24:57,"testSB_C",-7.0111888866362,1126353
1,2026-07-26 12:24:57,"ntc1_C",-3.57774445844314,979065
1,2026-07-26 12:24:57,"testSB_C",-3.23608728483168,967857
2,2026-07-26 12:24:57,"ntc1_C",-3.41972167055656,974346
2,2026-07-26 12:24:57,"ntc2_C",-3.27569698301215,968443
2,2026-07-26 12:24:57,"testSB_C",-3.12602544087366,964888
3,2026-07-26 12:24:57,"ntc1_C",-1.97819166570093,920804
3,2026-07-26 12:24:57,"ntc2_C",-2.14979268743338,926193
3,2026-07-26 12:24:57,"testSB_C",-2.2734746431729,930605
4,2026-07-26 12:24:57,"ntc1_C",-1.98376912917593,920499
4,2026-07-26 12:24:57,"ntc2_C",-2.00988448486305,919370
4,2026-07-26 12:24:57,"testSB_C",-2.32830168127015,931444
5,2026-07-26 12:24:57,"ntc1_C",-2.52581914142792,938924
5,2026-07-26 12:24:57,"ntc2_C",-2.25589613504417,930070
5,2026-07-26 12:24:57,"testSB_C",-2.16543398057536,927375
6,2026-07-26 12:24:57,"ntc1_C",-2.59983607690538,942461
6,2026-07-26 12:24:57,"ntc2_C",-2.18188838800825,927602
6,2026-07-26 12:24:57,"testSB_C",-2.26783723413979,931122
7,2026-07-26 12:24:57,"ntc1_C",-2.28308201616903,930243
7,2026-07-26 12:24:57,"ntc2_C",-2.08471713268727,924390
7,2026-07-26 12:24:57,"testSB_C",-2.34376954074588,934232
8,2026-07-26 12:24:57,"ntc1_C",-2.43732536559912,939529
8,2026-07-26 12:24:57,"ntc2_C",-2.32470755434576,931632
8,2026-07-26 12:24:57,"testSB_C",-2.17695538029011,924463
9,2026-07-26 12:24:57,"ntc1_C",-2.44995520215099,936150
9,2026-07-26 12:24:57,"ntc2_C",-2.0944119493484,925839
9,2026-07-26 12:24:57,"testSB_C",-2.48429780634228,939066
10,2026-07-26 12:24:57,"ntc1_C",-2.35495347125698,934689
10,2026-07-26 12:24:57,"ntc2_C",-2.11352965622081,923243
10,2026-07-26 12:24:57,"testSB_C",-2.47138139960083,937342
11,2026-07-26 12:24:57,"ntc1_C",-2.58078388891647,943479
11,2026-07-26 12:24:57,"ntc2_C",-2.15401524396447,926932
11,2026-07-26 12:24:57,"testSB_C",-2.38042503463691,934202
12,2026-07-26 12:24:57,"ntc1_C",-2.23654283177245,929667
12,2026-07-26 12:24:57,"ntc2_C",-2.20475303683099,927943
12,2026-07-26 12:24:57,"testSB_C",-2.46736995503647,937648
13,2026-07-26 12:24:57,"ntc1_C",-2.50313941160766,942394
13,2026-07-26 12:24:57,"ntc2_C",-1.92731456009665,915999
13,2026-07-26 12:24:57,"testSB_C",-2.23783504061015,929097
14,2026-07-26 12:24:57,"ntc1_C",-2.25917499771805,929044
14,2026-07-26 12:24:57,"ntc2_C",-1.98505959722144,921022
14,2026-07-26 12:24:57,"testSB_C",-2.29397888289617,932429
15,2026-07-26 12:24:57,"ntc1_C",-2.30236339752065,929969
15,2026-07-26 12:24:57,"ntc2_C",-2.1700128406024,928085
15,2026-07-26 12:24:57,"testSB_C",-2.11116311138846,926057
16,2026-07-26 12:24:57,"ntc1_C",-2.56284448738415,940686
16,2026-07-26 12:24:57,"ntc2_C",-2.09589400393247,922511
16,2026-07-26 12:24:57,"testSB_C",-2.36863617544901,932684
17,2026-07-26 12:24:57,"ntc1_C",-2.1739381523667,925932
17,2026-07-26 12:24:57,"ntc2_C",-2.2154721029483,927148
17,2026-07-26 12:24:57,"testSB_C",-2.38677997533563,936398
18,2026-07-26 12:24:57,"ntc1_C",-2.28185002341274,932870
18,2026-07-26 12:24:57,"ntc2_C",-2.26274230645345,929890
18,2026-07-26 12:24:57,"testSB_C",-2.41889672935565,934915
19,2026-07-26 12:24:57,"ntc1_C",-2.39298498047469,936717
19,2026-07-26 12:24:57,"ntc2_C",-2.40553407917628,936194
19,2026-07-26 12:24:57,"testSB_C",-2.18455351466923,929143
20,2026-07-26 12:24:57,"ntc1_C",-2.30224727274253,931601
20,2026-07-26 12:24:57,"ntc2_C",-2.17290037991501,928301
20,2026-07-26 12:24:57,"testSB_C",-2.12898218138884,923846
21,2026-07-26 12:24:57,"ntc1_C",-2.34785608065289,931808
21,2026-07-26 12:24:57,"ntc2_C",-2.29327849578368,931843
21,2026-07-26 12:24:57,"testSB_C",-2.52664355004231,940779
22,2026-07-26 12:24:57,"ntc1_C",-2.42494578212467,937123
22,2026-07-26 12:24:57,"ntc2_C",-2.11015241685487,926365
22,2026-07-26 12:24:57,"testSB_C",-2.77646068845701,948932
23,2026-07-26 12:24:57,"ntc1_C",-2.74209927861324,951152
23,2026-07-26 12:24:57,"ntc2_C",-2.32904910467425,933067
23,2026-07-26 12:24:57,"testSB_C",-2.61304866027109,942310
24,2026-07-26 12:24:57,"ntc1_C",-2.48648779699045,939425
24,2026-07-26 12:24:57,"ntc2_C",-2.45149353307528,939560
24,2026-07-26 12:24:57,"testSB_C",-2.52880369448388,939042
1,2026-07-26 15:24:57,"ntc1_C",-0.823146396518212,875913
1,2026-07-26 15:24:57,"testSB_C",-0.556986765224394,868637
2,2026-07-26 15:24:57,"ntc1_C",-0.557705949154865,867949
2,2026-07-26 15:24:57,"ntc2_C",-0.0196590247098811,849158
2,2026-07-26 15:24:57,"testSB_C",-0.282490893072918,860332
3,2026-07-26 15:24:57,"ntc1_C",0.134135669675743,845668
3,2026-07-26 15:24:57,"ntc2_C",0.379158843476034,836426
3,2026-07-26 15:24:57,"testSB_C",0.783815865206122,822795
4,2026-07-26 15:24:57,"ntc1_C",0.393176919495488,836425
4,2026-07-26 15:24:57,"ntc2_C",0.375300197556612,835145
4,2026-07-26 15:24:57,"testSB_C",0.773349239221545,822057
5,2026-07-26 15:24:57,"ntc1_C",0.579763521675204,828422
5,2026-07-26 15:24:57,"ntc2_C",0.416676722489171,835125
5,2026-07-26 15:24:57,"testSB_C",0.867521995282971,820742
6,2026-07-26 15:24:57,"ntc1_C",0.396729119021359,835256
6,2026-07-26 15:24:57,"ntc2_C",0.397067850520159,836024
6,2026-07-26 15:24:57,"testSB_C",0.835562378510758,821711
7,2026-07-26 15:24:57,"ntc1_C",0.72443176140996,824067
7,2026-07-26 15:24:57,"ntc2_C",0.190503677084962,843378
7,2026-07-26 15:24:57,"testSB_C",0.544020990265381,831624
8,2026-07-26 15:24:57,"ntc1_C",0.526779363678145,833719
8,2026-07-26 15:24:57,"ntc2_C",0.793645958595391,821672
8,2026-07-26 15:24:57,"testSB_C",0.270601761893715,837644
9,2026-07-26 15:24:57,"ntc1_C",0.633564986147348,826807
9,2026-07-26 15:24:57,"ntc2_C",0.72889789841372,826287
9,2026-07-26 15:24:57,"testSB_C",0.552485685794977,830876
10,2026-07-26 15:24:57,"ntc1_C",0.671248689279025,827423
10,2026-07-26 15:24:57,"ntc2_C",0.364577094731317,835517
10,2026-07-26 15:24:57,"testSB_C",0.477958219196921,832272
11,2026-07-26 15:24:57,"ntc1_C",0.564546119116358,831183
11,2026-07-26 15:24:57,"ntc2_C",0.568213437388181,830667
11,2026-07-26 15:24:57,"testSB_C",0.598833410098848,828558
12,2026-07-26 15:24:57,"ntc1_C",0.110445352365616,845761
12,2026-07-26 15:24:57,"ntc2_C",0.493292212705626,832371
12,2026-07-26 15:24:57,"testSB_C",0.396164919770854,835433
13,2026-07-26 15:24:57,"ntc1_C",0.308631075494418,841382
13,2026-07-26 15:24:57,"ntc2_C",0.748915321923562,822381
13,2026-07-26 15:24:57,"testSB_C",0.666855689606223,826462
14,2026-07-26 15:24:57,"ntc1_C",0.782265224757168,821934
14,2026-07-26 15:24:57,"ntc2_C",0.584631322975099,830466
14,2026-07-26 15:24:57,"testSB_C",0.525358532178018,832285
15,2026-07-26 15:24:57,"ntc1_C",0.618877472807469,826743
15,2026-07-26 15:24:57,"ntc2_C",0.365277492450218,837927
15,2026-07-26 15:24:57,"testSB_C",0.275951918034195,841094
16,2026-07-26 15:24:57,"ntc1_C",0.386820718990691,835196
16,2026-07-26 15:24:57,"ntc2_C",0.873787696118086,818484
16,2026-07-26 15:24:57,"testSB_C",0.597324585259059,827569
17,2026-07-26 15:24:57,"ntc1_C",0.822763678787908,820614
17,2026-07-26 15:24:57,"ntc2_C",0.653967957533837,825925
17,2026-07-26 15:24:57,"testSB_C",0.738607167355326,825572
18,2026-07-26 15:24:57,"ntc1_C",0.700086755264977,827270
18,2026-07-26 15:24:57,"ntc2_C",0.247563446329195,840451
18,2026-07-26 15:24:57,"testSB_C",0.46210525738303,832365
19,2026-07-26 15:24:57,"ntc1_C",0.584364098863773,830774
19,2026-07-26 15:24:57,"ntc2_C",0.361480945400899,837346
19,2026-07-26 15:24:57,"testSB_C",0.567236068364139,831591
20,2026-07-26 15:24:57,"ntc1_C",0.66963964849316,826410
20,2026-07-26 15:24:57,"ntc2_C",0.181783700842857,844202
20,2026-07-26 15:24:57,"testSB_C",0.739999145309639,823000
21,2026-07-26 15:24:57,"ntc1_C",0.62207519768873,826776
21,2026-07-26 15:24:57,"ntc2_C",0.00283605943513976,849427
21,2026-07-26 15:24:57,"testSB_C",0.39192090148515,836325
22,2026-07-26 15:24:57,"ntc1_C",0.557717936646497,830982
22,2026-07-26 15:24:57,"ntc2_C",0.307926915911196,840404
22,2026-07-26 15:24:57,"testSB_C",0.0395936550261808,847052
23,2026-07-26 15:24:57,"ntc1_C",-0.130421709343636,856024
23,2026-07-26 15:24:57,"ntc2_C",0.165958298117744,843776
23,2026-07-26 15:24:57,"testSB_C",0.165945904049238,842489
24,2026-07-26 15:24:57,"ntc1_C",0.498834681732433,832876
24,2026-07-26 15:24:57,"ntc2_C",0.0792075398260295,848395
24,2026-07-26 15:24:57,"testSB_C",0.345844075980835,836300
1,2026-07-26 18:24:57,"ntc1_C",-1.08387667644587,885168
1,2026-07-26 18:24:57,"testSB_C",-1.06268640150518,886512
2,2026-07-26 18:24:57,"ntc1_C",-0.745236985004851,874532
2,2026-07-26 18:24:57,"ntc2_C",-0.108743725657348,852207
2,2026-07-26 18:24:57,"testSB_C",-0.773444822765612,877496
3,2026-07-26 18:24:57,"ntc1_C",-0.22282895128177,857897
3,2026-07-26 18:24:57,"ntc2_C",0.14981697645544,844175
3,2026-07-26 18:24:57,"testSB_C",0.792538645571483,822507
4,2026-07-26 18:24:57,"ntc1_C",0.0749155594565991,847196
4,2026-07-26 18:24:57,"ntc2_C",0.0946514098512807,844618
4,2026-07-26 18:24:57,"testSB_C",0.809079373722909,820879
5,2026-07-26 18:24:57,"ntc1_C",0.668257328316997,825482
5,2026-07-26 18:24:57,"ntc2_C",0.267924646346785,840131
5,2026-07-26 18:24:57,"testSB_C",0.772119846933492,823891
6,2026-07-26 18:24:57,"ntc1_C",0.477945032810737,832536
6,2026-07-26 18:24:57,"ntc2_C",0.206263900544343,842461
6,2026-07-26 18:24:57,"testSB_C",0.831621228347956,821841
7,2026-07-26 18:24:57,"ntc1_C",0.788547034537203,821948
7,2026-07-26 18:24:57,"ntc2_C",-0.0856406671421723,852798
7,2026-07-26 18:24:57,"testSB_C",0.618907946682157,829127
8,2026-07-26 18:24:57,"ntc1_C",0.620110940291795,830599
8,2026-07-26 18:24:57,"ntc2_C",0.935390529648032,817012
8,2026-07-26 18:24:57,"testSB_C",0.0995292671196353,843423
9,2026-07-26 18:24:57,"ntc1_C",0.840185256358609,819980
9,2026-07-26 18:24:57,"ntc2_C",0.635908964275927,829379
9,2026-07-26 18:24:57,"testSB_C",0.674990037010787,826798
10,2026-07-26 18:24:57,"ntc1_C",0.787777706903739,823562
10,2026-07-26 18:24:57,"ntc2_C",0.165592644157584,842225
10,2026-07-26 18:24:57,"testSB_C",0.528911635517829,830570
11,2026-07-26 18:24:57,"ntc1_C",0.760984964429213,824655
11,2026-07-26 18:24:57,"ntc2_C",0.462415406893228,834204
11,2026-07-26 18:24:57,"testSB_C",0.735570637316414,824023
12,2026-07-26 18:24:57,"ntc1_C",-0.102156820580262,853022
12,2026-07-26 18:24:57,"ntc2_C",0.447004725716909,833920
12,2026-07-26 18:24:57,"testSB_C",0.409246388487304,834994
13,2026-07-26 18:24:57,"ntc1_C",0.387997827683819,838702
13,2026-07-26 18:24:57,"ntc2_C",0.582624950418051,827893
13,2026-07-26 18:24:57,"testSB_C",0.729077161541397,824399
14,2026-07-26 18:24:57,"ntc1_C",0.955031471396296,816255
14,2026-07-26 18:24:57,"ntc2_C",0.409734808828489,836321
14,2026-07-26 18:24:57,"testSB_C",0.609849581443484,829465
15,2026-07-26 18:24:57,"ntc1_C",0.672145860140233,824977
15,2026-07-26 18:24:57,"ntc2_C",0.318324420202771,839510
15,2026-07-26 18:24:57,"testSB_C",0.146147230822066,845496
16,2026-07-26 18:24:57,"ntc1_C",0.601678281540387,828016
16,2026-07-26 18:24:57,"ntc2_C",0.81131225982017,820540
16,2026-07-26 18:24:57,"testSB_C",0.712782147694611,823739
17,2026-07-26 18:24:57,"ntc1_C",0.885963380916166,818534
17,2026-07-26 18:24:57,"ntc2_C",0.719748033811811,823746
17,2026-07-26 18:24:57,"testSB_C",0.907517645776466,819991
18,2026-07-26 18:24:57,"ntc1_C",0.837179623280463,822729
18,2026-07-26 18:24:57,"ntc2_C",0.209419588626304,841740
18,2026-07-26 18:24:57,"testSB_C",0.592194225124786,828024
19,2026-07-26 18:24:57,"ntc1_C",0.755649016965151,825077
19,2026-07-26 18:24:57,"ntc2_C",0.396645819204593,836163
19,2026-07-26 18:24:57,"testSB_C",0.587951942970449,830899
20,2026-07-26 18:24:57,"ntc1_C",0.940673939606199,817461
20,2026-07-26 18:24:57,"ntc2_C",0.0843131873004381,847519
20,2026-07-26 18:24:57,"testSB_C",0.902823156819466,817637
21,2026-07-26 18:24:57,"ntc1_C",0.907895257656435,817349
21,2026-07-26 18:24:57,"ntc2_C",-0.0322529536855996,850627
21,2026-07-26 18:24:57,"testSB_C",0.669060735007974,827063
22,2026-07-26 18:24:57,"ntc1_C",0.963101206635542,817567
22,2026-07-26 18:24:57,"ntc2_C",0.306416049729876,840455
22,2026-07-26 18:24:57,"testSB_C",0.439784628836208,833538
23,2026-07-26 18:24:57,"ntc1_C",0.198803938423566,844763
23,2026-07-26 18:24:57,"ntc2_C",0.263254303596682,840482
23,2026-07-26 18:24:57,"testSB_C",0.372302617168998,835536
24,2026-07-26 18:24:57,"ntc1_C",0.804182796225973,822720
24,2026-07-26 18:24:57,"ntc2_C",0.28219784560855,841498
24,2026-07-26 18:24:57,"testSB_C",0.78732067907049,821603
1,2026-07-26 21:24:57,"ntc1_C",-5.62985464957285,1064115
1,2026-07-26 21:24:57,"testSB_C",-5.64773967763625,1067317
2,2026-07-26 21:24:57,"ntc1_C",-5.50695528595759,1060476
2,2026-07-26 21:24:57,"ntc2_C",-5.3188217267076,1052133
2,2026-07-26 21:24:57,"testSB_C",-5.54027282367201,1064073
3,2026-07-26 21:24:57,"ntc1_C",-4.87119354641817,1035242
3,2026-07-26 21:24:57,"ntc2_C",-4.85258688146678,1033376
3,2026-07-26 21:24:57,"testSB_C",-4.63699972173634,1024062
4,2026-07-26 21:24:57,"ntc1_C",-4.88082495853712,1035102
4,2026-07-26 21:24:57,"ntc2_C",-4.89546287720793,1033320
4,2026-07-26 21:24:57,"testSB_C",-4.63768804250435,1022752
5,2026-07-26 21:24:57,"ntc1_C",-4.70405245387963,1025578
5,2026-07-26 21:24:57,"ntc2_C",-4.84709996229782,1032977
5,2026-07-26 21:24:57,"testSB_C",-4.70088559436698,1027658
6,2026-07-26 21:24:57,"ntc1_C",-4.72284982129321,1027076
6,2026-07-26 21:24:57,"ntc2_C",-4.90572072096177,1035828
6,2026-07-26 21:24:57,"testSB_C",-4.69000840961581,1027088
7,2026-07-26 21:24:57,"ntc1_C",-4.56980250306839,1020532
7,2026-07-26 21:24:57,"ntc2_C",-4.91184532228345,1036567
7,2026-07-26 21:24:57,"testSB_C",-4.56427386386912,1022123
8,2026-07-26 21:24:57,"ntc1_C",-4.62376401100687,1026552
8,2026-07-26 21:24:57,"ntc2_C",-4.54789087093445,1019396
8,2026-07-26 21:24:57,"testSB_C",-4.73419629966958,1025328
9,2026-07-26 21:24:57,"ntc1_C",-4.55080934704864,1019268
9,2026-07-26 21:24:57,"ntc2_C",-4.65378483715881,1026986
9,2026-07-26 21:24:57,"testSB_C",-4.58954642507257,1022677
10,2026-07-26 21:24:57,"ntc1_C",-4.54630467890189,1021412
10,2026-07-26 21:24:57,"ntc2_C",-4.79307547341909,1029063
10,2026-07-26 21:24:57,"testSB_C",-4.56358115969931,1020251
11,2026-07-26 21:24:57,"ntc1_C",-4.55361098077856,1021941
11,2026-07-26 21:24:57,"ntc2_C",-4.67428436554036,1026517
11,2026-07-26 21:24:57,"testSB_C",-4.51033614593081,1018336
12,2026-07-26 21:24:57,"ntc1_C",-4.83598656589203,1032865
12,2026-07-26 21:24:57,"ntc2_C",-4.63794573935502,1024016
12,2026-07-26 21:24:57,"testSB_C",-4.65352478477433,1024470
13,2026-07-26 21:24:57,"ntc1_C",-4.60626295161444,1026205
13,2026-07-26 21:24:57,"ntc2_C",-4.65042246469284,1022804
13,2026-07-26 21:24:57,"testSB_C",-4.5181922082977,1019000
14,2026-07-26 21:24:57,"ntc1_C",-4.44647278827767,1015062
14,2026-07-26 21:24:57,"ntc2_C",-4.66332357994634,1026497
14,2026-07-26 21:24:57,"testSB_C",-4.52123159083573,1020444
15,2026-07-26 21:24:57,"ntc1_C",-4.55114762436534,1018600
15,2026-07-26 21:24:57,"ntc2_C",-4.6028360119609,1024194
15,2026-07-26 21:24:57,"testSB_C",-4.67823795391246,1027535
16,2026-07-26 21:24:57,"ntc1_C",-4.46359254469098,1015987
16,2026-07-26 21:24:57,"ntc2_C",-4.52200625678603,1017772
16,2026-07-26 21:24:57,"testSB_C",-4.49193855046491,1016476
17,2026-07-26 21:24:57,"ntc1_C",-4.45527830893076,1015564
17,2026-07-26 21:24:57,"ntc2_C",-4.51165591718728,1017485
17,2026-07-26 21:24:57,"testSB_C",-4.44973270972372,1018006
18,2026-07-26 21:24:57,"ntc1_C",-4.43377713915686,1017793
18,2026-07-26 21:24:57,"ntc2_C",-4.64590974128123,1024052
18,2026-07-26 21:24:57,"testSB_C",-4.51176516777161,1017662
19,2026-07-26 21:24:57,"ntc1_C",-4.457834926099,1018438
19,2026-07-26 21:24:57,"ntc2_C",-4.63233237457104,1024594
19,2026-07-26 21:24:57,"testSB_C",-4.53180670603876,1021828
20,2026-07-26 21:24:57,"ntc1_C",-4.33608171727582,1011612
20,2026-07-26 21:24:57,"ntc2_C",-4.68735843345144,1027861
20,2026-07-26 21:24:57,"testSB_C",-4.34953449983834,1010765
21,2026-07-26 21:24:57,"ntc1_C",-4.35895186020633,1010810
21,2026-07-26 21:24:57,"ntc2_C",-4.67420801741986,1026197
21,2026-07-26 21:24:57,"testSB_C",-4.45506702324496,1017229
22,2026-07-26 21:24:57,"ntc1_C",-4.29985023916754,1011047
22,2026-07-26 21:24:57,"ntc2_C",-4.5523036861843,1022598
22,2026-07-26 21:24:57,"testSB_C",-4.42656328113424,1014529
23,2026-07-26 21:24:57,"ntc1_C",-4.4731886548895,1020251
23,2026-07-26 21:24:57,"ntc2_C",-4.53905021256048,1020435
23,2026-07-26 21:24:57,"testSB_C",-4.52258768172601,1018034
24,2026-07-26 21:24:57,"ntc1_C",-4.35546371423845,1013321
24,2026-07-26 21:24:57,"ntc2_C",-4.49271703378861,1020549
24,2026-07-26 21:24:57,"testSB_C",-4.30545023704786,1009086
1,2026-07-27 00:24:57,"ntc1_C",-9.70323318713224,1256248
1,2026-07-27 00:24:57,"testSB_C",-9.73987105099172,1260889
2,2026-07-27 00:24:57,"ntc1_C",-9.64767829726526,1255351
2,2026-07-27 00:24:57,"ntc2_C",-9.64300738837255,1254772
2,2026-07-27 00:24:57,"testSB_C",-9.61485756613814,1255986
3,2026-07-27 00:24:57,"ntc1_C",-9.60315007202257,1255126
3,2026-07-27 00:24:57,"ntc2_C",-9.57795919054013,1252625
3,2026-07-27 00:24:57,"testSB_C",-9.55002182444406,1250692
4,2026-07-27 00:24:57,"ntc1_C",-9.54626966110072,1251630
4,2026-07-27 00:24:57,"ntc2_C",-9.54071539453867,1248392
4,2026-07-27 00:24:57,"testSB_C",-9.52279948551273,1247700
5,2026-07-27 00:24:57,"ntc1_C",-9.5214827317435,1247853
5,2026-07-27 00:24:57,"ntc2_C",-9.5109032606693,1248907
5,2026-07-27 00:24:57,"testSB_C",-9.51595904071172,1250164
6,2026-07-27 00:24:57,"ntc1_C",-9.51325257381654,1248093
6,2026-07-27 00:24:57,"ntc2_C",-9.51672086983717,1249754
6,2026-07-27 00:24:57,"testSB_C",-9.53559944841868,1250989
7,2026-07-27 00:24:57,"ntc1_C",-9.50651814706151,1247713
7,2026-07-27 00:24:57,"ntc2_C",-9.52150162639765,1250599
7,2026-07-27 00:24:57,"testSB_C",-9.52321568390659,1250668
8,2026-07-27 00:24:57,"ntc1_C",-9.49841423300643,1251891
8,2026-07-27 00:24:57,"ntc2_C",-9.49297957653272,1246673
8,2026-07-27 00:24:57,"testSB_C",-9.51037212406283,1245363
9,2026-07-27 00:24:57,"ntc1_C",-9.47330101797758,1245310
9,2026-07-27 00:24:57,"ntc2_C",-9.48543465279567,1250297
9,2026-07-27 00:24:57,"testSB_C",-9.47780676179605,1247868
10,2026-07-27 00:24:57,"ntc1_C",-9.48099814039989,1248544
10,2026-07-27 00:24:57,"ntc2_C",-9.47836230143412,1245288
10,2026-07-27 00:24:57,"testSB_C",-9.50160070824387,1247401
11,2026-07-27 00:24:57,"ntc1_C",-9.47778322662629,1248625
11,2026-07-27 00:24:57,"ntc2_C",-9.47265953397647,1247892
11,2026-07-27 00:24:57,"testSB_C",-9.46920819046022,1246002
12,2026-07-27 00:24:57,"ntc1_C",-9.47158251493056,1247306
12,2026-07-27 00:24:57,"ntc2_C",-9.46374720367959,1246208
12,2026-07-27 00:24:57,"testSB_C",-9.46900918779716,1246302
13,2026-07-27 00:24:57,"ntc1_C",-9.46670684075548,1250672
13,2026-07-27 00:24:57,"ntc2_C",-9.46181333602328,1244132
13,2026-07-27 00:24:57,"testSB_C",-9.45846095351891,1245967
14,2026-07-27 00:24:57,"ntc1_C",-9.44278844454959,1243865
14,2026-07-27 00:24:57,"ntc2_C",-9.4570149402582,1247586
14,2026-07-27 00:24:57,"testSB_C",-9.45113635625478,1247161
15,2026-07-27 00:24:57,"ntc1_C",-9.43808205962131,1242637
15,2026-07-27 00:24:57,"ntc2_C",-9.43148539992092,1246657
15,2026-07-27 00:24:57,"testSB_C",-9.42275622755068,1246456
16,2026-07-27 00:24:57,"ntc1_C",-9.39708629846245,1241935
16,2026-07-27 00:24:57,"ntc2_C",-9.410271002581,1241891
16,2026-07-27 00:24:57,"testSB_C",-9.3943166752394,1241030
17,2026-07-27 00:24:57,"ntc1_C",-9.39247298406843,1241603
17,2026-07-27 00:24:57,"ntc2_C",-9.38390453992577,1240587
17,2026-07-27 00:24:57,"testSB_C",-9.37791014727173,1244090
18,2026-07-27 00:24:57,"ntc1_C",-9.38145505937808,1244731
18,2026-07-27 00:24:57,"ntc2_C",-9.37124132338255,1241036
18,2026-07-27 00:24:57,"testSB_C",-9.37629783608412,1240565
19,2026-07-27 00:24:57,"ntc1_C",-9.366256441762,1243645
19,2026-07-27 00:24:57,"ntc2_C",-9.3604914069715,1242070
19,2026-07-27 00:24:57,"testSB_C",-9.36614387245567,1244080
20,2026-07-27 00:24:57,"ntc1_C",-9.34595552211948,1240474
20,2026-07-27 00:24:57,"ntc2_C",-9.35506773025588,1242997
20,2026-07-27 00:24:57,"testSB_C",-9.32303028499751,1237537
21,2026-07-27 00:24:57,"ntc1_C",-9.3251986253307,1237012
21,2026-07-27 00:24:57,"ntc2_C",-9.33170322938759,1240405
21,2026-07-27 00:24:57,"testSB_C",-9.31146106333273,1239557
22,2026-07-27 00:24:57,"ntc1_C",-9.2972123768019,1239051
22,2026-07-27 00:24:57,"ntc2_C",-9.32293783850685,1241612
22,2026-07-27 00:24:57,"testSB_C",-9.2669266512894,1235403
23,2026-07-27 00:24:57,"ntc1_C",-9.27895846934166,1240598
23,2026-07-27 00:24:57,"ntc2_C",-9.30091688105659,1238656
23,2026-07-27 00:24:57,"testSB_C",-9.28075674685635,1235359
24,2026-07-27 00:24:57,"ntc1_C",-9.25172231788827,1236795
24,2026-07-27 00:24:57,"ntc2_C",-9.23948131774551,1238021
24,2026-07-27 00:24:57,"testSB_C",-9.21197533121727,1232018
1,2026-07-27 03:24:57,"ntc1_C",-11.7785451477676,1367344
1,2026-07-27 03:24:57,"testSB_C",-11.7598759293398,1369243
2,2026-07-27 03:24:57,"ntc1_C",-11.7269403568461,1366567
2,2026-07-27 03:24:57,"ntc2_C",-11.6765057978789,1363376
2,2026-07-27 03:24:57,"testSB_C",-11.6793033753951,1366300
3,2026-07-27 03:24:57,"ntc1_C",-11.675028252391,1365836
3,2026-07-27 03:24:57,"ntc2_C",-11.6303372562423,1362078
3,2026-07-27 03:24:57,"testSB_C",-11.5807311625513,1358720
4,2026-07-27 03:24:57,"ntc1_C",-11.5857304436764,1360267
4,2026-07-27 03:24:57,"ntc2_C",-11.5716489373741,1356254
4,2026-07-27 03:24:57,"testSB_C",-11.515035007223,1353360
5,2026-07-27 03:24:57,"ntc1_C",-11.502243516058,1352951
5,2026-07-27 03:24:57,"ntc2_C",-11.4996972631267,1354479
5,2026-07-27 03:24:57,"testSB_C",-11.4772530784353,1354334
6,2026-07-27 03:24:57,"ntc1_C",-11.45458358505,1350935
6,2026-07-27 03:24:57,"ntc2_C",-11.4696362987788,1353444
6,2026-07-27 03:24:57,"testSB_C",-11.432787518117,1351667
7,2026-07-27 03:24:57,"ntc1_C",-11.4041561180173,1348205
7,2026-07-27 03:24:57,"ntc2_C",-11.430641497937,1351954
7,2026-07-27 03:24:57,"testSB_C",-11.3969222425862,1350028
8,2026-07-27 03:24:57,"ntc1_C",-11.3589858300201,1350658
8,2026-07-27 03:24:57,"ntc2_C",-11.3411859412813,1344341
8,2026-07-27 03:24:57,"testSB_C",-11.3811900765746,1344170
9,2026-07-27 03:24:57,"ntc1_C",-11.2939321040624,1341336
9,2026-07-27 03:24:57,"ntc2_C",-11.3082082004256,1346888
9,2026-07-27 03:24:57,"testSB_C",-11.2741176461763,1342805
10,2026-07-27 03:24:57,"ntc1_C",-11.2479376485141,1341866
10,2026-07-27 03:24:57,"ntc2_C",-11.2633204837359,1339381
10,2026-07-27 03:24:57,"testSB_C",-11.2151975340641,1337766
11,2026-07-27 03:24:57,"ntc1_C",-11.1517910118976,1336865
11,2026-07-27 03:24:57,"ntc2_C",-11.1846129486271,1338175
11,2026-07-27 03:24:57,"testSB_C",-11.1258537030267,1333128
12,2026-07-27 03:24:57,"ntc1_C",-11.163416578829,1336431
12,2026-07-27 03:24:57,"ntc2_C",-11.1154619387104,1333074
12,2026-07-27 03:24:57,"testSB_C",-11.1057152062934,1332384
13,2026-07-27 03:24:57,"ntc1_C",-11.1079916329514,1337286
13,2026-07-27 03:24:57,"ntc2_C",-11.0936404071853,1329820
13,2026-07-27 03:24:57,"testSB_C",-11.0731943084674,1330834
14,2026-07-27 03:24:57,"ntc1_C",-11.0605604365123,1328720
14,2026-07-27 03:24:57,"ntc2_C",-11.066583897385,1332245
14,2026-07-27 03:24:57,"testSB_C",-11.0528334271289,1331384
15,2026-07-27 03:24:57,"ntc1_C",-11.0408459193563,1326585
15,2026-07-27 03:24:57,"ntc2_C",-11.0365294678227,1331049
15,2026-07-27 03:24:57,"testSB_C",-11.0361066785835,1331280
16,2026-07-27 03:24:57,"ntc1_C",-11.0246938643378,1327230
16,2026-07-27 03:24:57,"ntc2_C",-11.0299074113133,1326772
16,2026-07-27 03:24:57,"testSB_C",-11.0281683141677,1326626
17,2026-07-27 03:24:57,"ntc1_C",-11.0379619560132,1327840
17,2026-07-27 03:24:57,"ntc2_C",-11.0342076403497,1326981
17,2026-07-27 03:24:57,"testSB_C",-11.0262739628519,1330636
18,2026-07-27 03:24:57,"ntc1_C",-11.0311668683567,1331365
18,2026-07-27 03:24:57,"ntc2_C",-11.0090401295862,1326735
18,2026-07-27 03:24:57,"testSB_C",-10.9941375822976,1325257
19,2026-07-27 03:24:57,"ntc1_C",-10.9676802268018,1327627
19,2026-07-27 03:24:57,"ntc2_C",-10.962173411053,1325970
19,2026-07-27 03:24:57,"testSB_C",-10.9409809873549,1326666
20,2026-07-27 03:24:57,"ntc1_C",-10.9143926667272,1322486
20,2026-07-27 03:24:57,"ntc2_C",-10.933337152187,1325699
20,2026-07-27 03:24:57,"testSB_C",-10.876675389888,1318541
21,2026-07-27 03:24:57,"ntc1_C",-10.8403999925999,1315847
21,2026-07-27 03:24:57,"ntc2_C",-10.8672193141002,1320608
21,2026-07-27 03:24:57,"testSB_C",-10.7952084951427,1316931
22,2026-07-27 03:24:57,"ntc1_C",-10.797673414812,1317285
22,2026-07-27 03:24:57,"ntc2_C",-10.8268484821593,1320155
22,2026-07-27 03:24:57,"testSB_C",-10.7836405555286,1314279
23,2026-07-27 03:24:57,"ntc1_C",-10.7945808431565,1319720
23,2026-07-27 03:24:57,"ntc2_C",-10.812953868553,1317483
23,2026-07-27 03:24:57,"testSB_C",-10.8271268470042,1315746
24,2026-07-27 03:24:57,"ntc1_C",-10.8355788101509,1319379
24,2026-07-27 03:24:57,"ntc2_C",-10.8216315221511,1320574
24,2026-07-27 03:24:57,"testSB_C",-10.8588256116511,1317634
1,2026-07-27 06:24:57,"ntc1_C",-11.3135580560903,1341623
1,2026-07-27 06:24:57,"testSB_C",-11.4438846549191,1351695
2,2026-07-27 06:24:57,"ntc1_C",-11.5430471665278,1356344
2,2026-07-27 06:24:57,"ntc2_C",-11.5785662601286,1357935
2,2026-07-27 06:24:57,"testSB_C",-11.5258457941147,1357775
3,2026-07-27 06:24:57,"ntc1_C",-10.4854665746525,1301123
3,2026-07-27 06:24:57,"ntc2_C",-10.8541935399099,1319598
3,2026-07-27 06:24:57,"testSB_C",-11.0042709097789,1327133
4,2026-07-27 06:24:57,"ntc1_C",-10.5272815999337,1302750
4,2026-07-27 06:24:57,"ntc2_C",-10.4356435767702,1294813
4,2026-07-27 06:24:57,"testSB_C",-11.0458996927283,1327695
5,2026-07-27 06:24:57,"ntc1_C",-10.9685653395131,1323787
5,2026-07-27 06:24:57,"ntc2_C",-10.8077638246926,1316766
5,2026-07-27 06:24:57,"testSB_C",-11.001240227763,1328275
6,2026-07-27 06:24:57,"ntc1_C",-10.978612593541,1324957
6,2026-07-27 06:24:57,"ntc2_C",-10.7724999120456,1315471
6,2026-07-27 06:24:57,"testSB_C",-11.0996486829145,1333416
7,2026-07-27 06:24:57,"ntc1_C",-10.953328262601,1323616
7,2026-07-27 06:24:57,"ntc2_C",-10.4355561017019,1298133
7,2026-07-27 06:24:57,"testSB_C",-11.1053404000362,1334059
8,2026-07-27 06:24:57,"ntc1_C",-11.056379139287,1334076
8,2026-07-27 06:24:57,"ntc2_C",-11.0264816806717,1327182
8,2026-07-27 06:24:57,"testSB_C",-10.6104649966658,1302541
9,2026-07-27 06:24:57,"ntc1_C",-11.0253442214212,1326714
9,2026-07-27 06:24:57,"ntc2_C",-10.8347731202848,1321100
9,2026-07-27 06:24:57,"testSB_C",-10.9646625893262,1325946
10,2026-07-27 06:24:57,"ntc1_C",-10.9952043011913,1328099
10,2026-07-27 06:24:57,"ntc2_C",-10.5980991276501,1303504
10,2026-07-27 06:24:57,"testSB_C",-10.9734756726759,1324630
11,2026-07-27 06:24:57,"ntc1_C",-11.0698133188555,1332401
11,2026-07-27 06:24:57,"ntc2_C",-10.7273723313015,1313436
11,2026-07-27 06:24:57,"testSB_C",-10.8527469342602,1318353
12,2026-07-27 06:24:57,"ntc1_C",-10.32575614461,1291528
12,2026-07-27 06:24:57,"ntc2_C",-10.6843853585926,1309831
12,2026-07-27 06:24:57,"testSB_C",-10.7906374329911,1315359
13,2026-07-27 06:24:57,"ntc1_C",-10.6602262269358,1313074
13,2026-07-27 06:24:57,"ntc2_C",-10.5865777060421,1302575
13,2026-07-27 06:24:57,"testSB_C",-10.8444423611193,1318466
14,2026-07-27 06:24:57,"ntc1_C",-10.8248409604985,1316002
14,2026-07-27 06:24:57,"ntc2_C",-10.6503623034757,1309813
14,2026-07-27 06:24:57,"testSB_C",-10.7759839231242,1316427
15,2026-07-27 06:24:57,"ntc1_C",-10.8584265773346,1316749
15,2026-07-27 06:24:57,"ntc2_C",-10.4846586834323,1301401
15,2026-07-27 06:24:57,"testSB_C",-10.4099733434259,1297690
16,2026-07-27 06:24:57,"ntc1_C",-10.8299489654797,1316721
16,2026-07-27 06:24:57,"ntc2_C",-10.8608990755409,1317648
16,2026-07-27 06:24:57,"testSB_C",-10.7999090650378,1314319
17,2026-07-27 06:24:57,"ntc1_C",-10.8155896286941,1315842
17,2026-07-27 06:24:57,"ntc2_C",-10.7843630295134,1313522
17,2026-07-27 06:24:57,"testSB_C",-10.9600544275992,1327045
18,2026-07-27 06:24:57,"ntc1_C",-10.8511772884531,1321625
18,2026-07-27 06:24:57,"ntc2_C",-10.6227681519776,1306000
18,2026-07-27 06:24:57,"testSB_C",-10.796890062323,1314627
19,2026-07-27 06:24:57,"ntc1_C",-10.8421073653574,1320840
19,2026-07-27 06:24:57,"ntc2_C",-10.7807195877418,1316185
19,2026-07-27 06:24:57,"testSB_C",-10.7480768068956,1316260
20,2026-07-27 06:24:57,"ntc1_C",-10.7670997663426,1314557
20,2026-07-27 06:24:57,"ntc2_C",-10.2869317581701,1291176
20,2026-07-27 06:24:57,"testSB_C",-10.6463937912468,1306205
21,2026-07-27 06:24:57,"ntc1_C",-10.808497938727,1314136
21,2026-07-27 06:24:57,"ntc2_C",-10.3259889691664,1291758
21,2026-07-27 06:24:57,"testSB_C",-10.9476618419014,1325152
22,2026-07-27 06:24:57,"ntc1_C",-10.7782113731005,1316239
22,2026-07-27 06:24:57,"ntc2_C",-10.4580382767978,1300441
22,2026-07-27 06:24:57,"testSB_C",-10.8026465273927,1315299
23,2026-07-27 06:24:57,"ntc1_C",-10.5749242050709,1307945
23,2026-07-27 06:24:57,"ntc2_C",-10.443942087532,1297790
23,2026-07-27 06:24:57,"testSB_C",-10.7803002943548,1313236
24,2026-07-27 06:24:57,"ntc1_C",-10.7538770576359,1314986
24,2026-07-27 06:24:57,"ntc2_C",-10.4955111365023,1303115
24,2026-07-27 06:24:57,"testSB_C",-10.638602584599,1305846
1,2026-07-27 09:24:57,"ntc1_C",-6.80443661757357,1116205
1,2026-07-27 09:24:57,"testSB_C",-6.84302013668042,1120481
2,2026-07-27 09:24:57,"ntc1_C",-6.98937438460229,1126406
2,2026-07-27 09:24:57,"ntc2_C",-7.09281746058451,1130867
2,2026-07-27 09:24:57,"testSB_C",-6.85075635777542,1122277
3,2026-07-27 09:24:57,"ntc1_C",-4.66628723309117,1026669
3,2026-07-27 09:24:57,"ntc2_C",-5.3537689697817,1054629
3,2026-07-27 09:24:57,"testSB_C",-5.83200046763778,1074978
4,2026-07-27 09:24:57,"ntc1_C",-5.13214613592356,1045720
4,2026-07-27 09:24:57,"ntc2_C",-5.04479290390236,1039603
4,2026-07-27 09:24:57,"testSB_C",-5.97507060584354,1079839
5,2026-07-27 09:24:57,"ntc1_C",-6.03394593585983,1082532
5,2026-07-27 09:24:57,"ntc2_C",-5.66566764916223,1067893
5,2026-07-27 09:24:57,"testSB_C",-5.84844735170276,1076693
6,2026-07-27 09:24:57,"ntc1_C",-6.02144937238643,1082688
6,2026-07-27 09:24:57,"ntc2_C",-5.51313073533612,1061705
6,2026-07-27 09:24:57,"testSB_C",-6.09977684377327,1087621
7,2026-07-27 09:24:57,"ntc1_C",-5.88229606796102,1076427
7,2026-07-27 09:24:57,"ntc2_C",-5.05454995502407,1042592
7,2026-07-27 09:24:57,"testSB_C",-5.77006813687206,1073412
8,2026-07-27 09:24:57,"ntc1_C",-6.00025644585281,1085599
8,2026-07-27 09:24:57,"ntc2_C",-5.98633011216788,1080728
8,2026-07-27 09:24:57,"testSB_C",-5.07775624954763,1039728
9,2026-07-27 09:24:57,"ntc1_C",-6.0376963726049,1082708
9,2026-07-27 09:24:57,"ntc2_C",-5.61926895168051,1068072
9,2026-07-27 09:24:57,"testSB_C",-5.99579951463784,1082810
10,2026-07-27 09:24:57,"ntc1_C",-5.98319967499447,1082784
10,2026-07-27 09:24:57,"ntc2_C",-5.2929731790091,1050164
10,2026-07-27 09:24:57,"testSB_C",-6.02014549953464,1082445
11,2026-07-27 09:24:57,"ntc1_C",-6.17505369045011,1091494
11,2026-07-27 09:24:57,"ntc2_C",-5.53213418518055,1062902
11,2026-07-27 09:24:57,"testSB_C",-5.91032029296582,1077899
12,2026-07-27 09:24:57,"ntc1_C",-5.12240000106613,1044943
12,2026-07-27 09:24:57,"ntc2_C",-5.56204950469612,1063165
12,2026-07-27 09:24:57,"testSB_C",-5.86840754695203,1076292
13,2026-07-27 09:24:57,"ntc1_C",-5.76258278526063,1075548
13,2026-07-27 09:24:57,"ntc2_C",-5.35046458233279,1052302
13,2026-07-27 09:24:57,"testSB_C",-5.76485219627023,1071928
14,2026-07-27 09:24:57,"ntc1_C",-5.75610738869528,1070491
14,2026-07-27 09:24:57,"ntc2_C",-5.31316594875329,1053935
14,2026-07-27 09:24:57,"testSB_C",-5.69293479811984,1070172
15,2026-07-27 09:24:57,"ntc1_C",-5.80708133942795,1071880
15,2026-07-27 09:24:57,"ntc2_C",-5.27304274741374,1052450
15,2026-07-27 09:24:57,"testSB_C",-5.19246220915863,1049217
16,2026-07-27 09:24:57,"ntc1_C",-5.92348829353642,1078061
16,2026-07-27 09:24:57,"ntc2_C",-5.73782183507319,1069306
16,2026-07-27 09:24:57,"testSB_C",-5.83519404842821,1073494
17,2026-07-27 09:24:57,"ntc1_C",-5.75787135113154,1070743
17,2026-07-27 09:24:57,"ntc2_C",-5.69037266661422,1067366
17,2026-07-27 09:24:57,"testSB_C",-6.02564123451174,1085303
18,2026-07-27 09:24:57,"ntc1_C",-5.75156852533632,1073728
18,2026-07-27 09:24:57,"ntc2_C",-5.5194881973498,1061005
18,2026-07-27 09:24:57,"testSB_C",-5.80702805394441,1072654
19,2026-07-27 09:24:57,"ntc1_C",-5.84514865943515,1077476
19,2026-07-27 09:24:57,"ntc2_C",-5.73396468079648,1071491
19,2026-07-27 09:24:57,"testSB_C",-5.6106747082851,1067605
20,2026-07-27 09:24:57,"ntc1_C",-5.76586512628114,1072111
20,2026-07-27 09:24:57,"ntc2_C",-5.09027663419948,1044819
20,2026-07-27 09:24:57,"testSB_C",-5.4846252096541,1058442
21,2026-07-27 09:24:57,"ntc1_C",-5.8056813997415,1071928
21,2026-07-27 09:24:57,"ntc2_C",-5.110654684976,1044544
21,2026-07-27 09:24:57,"testSB_C",-5.99970991299909,1083108
22,2026-07-27 09:24:57,"ntc1_C",-5.83003863485641,1075866
22,2026-07-27 09:24:57,"ntc2_C",-5.08317271166879,1044862
22,2026-07-27 09:24:57,"testSB_C",-5.94526356377986,1079073
23,2026-07-27 09:24:57,"ntc1_C",-5.63988403627241,1069746
23,2026-07-27 09:24:57,"ntc2_C",-5.24075545275247,1049923
23,2026-07-27 09:24:57,"testSB_C",-5.82757667463181,1073402
24,2026-07-27 09:24:57,"ntc1_C",-5.83263608281436,1075987
24,2026-07-27 09:24:57,"ntc2_C",-5.48541662883935,1062527
24,2026-07-27 09:24:57,"testSB_C",-5.7757675074231,1071155
1,2026-07-27 12:24:57,"ntc1_C",-2.54302598849387,938898
1,2026-07-27 12:24:57,"testSB_C",-2.18908175908058,927734
2,2026-07-27 12:24:57,"ntc1_C",-2.56205872942951,941097
2,2026-07-27 12:24:57,"ntc2_C",-2.3903898297724,934363
2,2026-07-27 12:24:57,"testSB_C",-2.25107623024826,931365
3,2026-07-27 12:24:57,"ntc1_C",-0.527380257889149,868478
3,2026-07-27 12:24:57,"ntc2_C",-0.706132096559429,873772
3,2026-07-27 12:24:57,"testSB_C",-0.9209399292684,881181
4,2026-07-27 12:24:57,"ntc1_C",-0.563832551217615,869258
4,2026-07-27 12:24:57,"ntc2_C",-0.52688720088571,866004
4,2026-07-27 12:24:57,"testSB_C",-1.07428817805589,885477
5,2026-07-27 12:24:57,"ntc1_C",-1.22590880944267,890892
5,2026-07-27 12:24:57,"ntc2_C",-0.964399573540561,882843
5,2026-07-27 12:24:57,"testSB_C",-0.88725416795279,880757
6,2026-07-27 12:24:57,"ntc1_C",-1.30461213073551,894447
6,2026-07-27 12:24:57,"ntc2_C",-0.901352563912667,880877
6,2026-07-27 12:24:57,"testSB_C",-1.04685359045618,886349
7,2026-07-27 12:24:57,"ntc1_C",-0.95269282938699,881599
7,2026-07-27 12:24:57,"ntc2_C",-0.61579782130741,871196
7,2026-07-27 12:24:57,"testSB_C",-1.10539333229946,888686
8,2026-07-27 12:24:57,"ntc1_C",-1.18630765882108,893242
8,2026-07-27 12:24:57,"ntc2_C",-1.06071812730153,885298
8,2026-07-27 12:24:57,"testSB_C",-0.666319435340256,869816
9,2026-07-27 12:24:57,"ntc1_C",-1.22380857976577,890948
9,2026-07-27 12:24:57,"ntc2_C",-0.684042443012629,874615
9,2026-07-27 12:24:57,"testSB_C",-1.20024169124753,891611
10,2026-07-27 12:24:57,"ntc1_C",-1.07912964089877,887781
10,2026-07-27 12:24:57,"ntc2_C",-0.723025169704954,872884
10,2026-07-27 12:24:57,"testSB_C",-0.943235194156159,881261
11,2026-07-27 12:24:57,"ntc1_C",-1.34930926117227,897719
11,2026-07-27 12:24:57,"ntc2_C",-0.843700729376337,879206
11,2026-07-27 12:24:57,"testSB_C",-1.16122051610427,889348
12,2026-07-27 12:24:57,"ntc1_C",-0.917179326366806,881473
12,2026-07-27 12:24:57,"ntc2_C",-0.966045960168913,882704
12,2026-07-27 12:24:57,"testSB_C",-1.29620128910631,894336
13,2026-07-27 12:24:57,"ntc1_C",-1.26189500579716,896315
13,2026-07-27 12:24:57,"ntc2_C",-0.74251385710869,873238
13,2026-07-27 12:24:57,"testSB_C",-1.0040431934658,883952
14,2026-07-27 12:24:57,"ntc1_C",-1.04818345260122,884734
14,2026-07-27 12:24:57,"ntc2_C",-0.643931977114107,872530
14,2026-07-27 12:24:57,"testSB_C",-1.02555979292885,885889
15,2026-07-27 12:24:57,"ntc1_C",-1.08154572396296,885269
15,2026-07-27 12:24:57,"ntc2_C",-0.823054610443876,878979
15,2026-07-27 12:24:57,"testSB_C",-0.841173378807639,879785
16,2026-07-27 12:24:57,"ntc1_C",-1.34579461048088,895555
16,2026-07-27 12:24:57,"ntc2_C",-0.823714626864785,876336
16,2026-07-27 12:24:57,"testSB_C",-1.11129142094819,886502
17,2026-07-27 12:24:57,"ntc1_C",-0.899896306901496,879515
17,2026-07-27 12:24:57,"ntc2_C",-0.95438148706188,881141
17,2026-07-27 12:24:57,"testSB_C",-1.15016403384357,890784
18,2026-07-27 12:24:57,"ntc1_C",-1.00136688015772,885884
18,2026-07-27 12:24:57,"ntc2_C",-0.962472142765421,882376
18,2026-07-27 12:24:57,"testSB_C",-1.11123728947331,886812
19,2026-07-27 12:24:57,"ntc1_C",-1.10114175437303,889102
19,2026-07-27 12:24:57,"ntc2_C",-1.1320935251872,889259
19,2026-07-27 12:24:57,"testSB_C",-0.822200275848104,879423
20,2026-07-27 12:24:57,"ntc1_C",-0.971068847284187,882840
20,2026-07-27 12:24:57,"ntc2_C",-0.716116065911933,875284
20,2026-07-27 12:24:57,"testSB_C",-0.735537768916231,873331
21,2026-07-27 12:24:57,"ntc1_C",-0.980283971459414,881798
21,2026-07-27 12:24:57,"ntc2_C",-0.77236360195451,876359
21,2026-07-27 12:24:57,"testSB_C",-1.13173780553774,889241
22,2026-07-27 12:24:57,"ntc1_C",-1.00620151219323,884958
22,2026-07-27 12:24:57,"ntc2_C",-0.496281009537029,868019
22,2026-07-27 12:24:57,"testSB_C",-1.35670737614555,896046
23,2026-07-27 12:24:57,"ntc1_C",-1.24430038458297,895312
23,2026-07-27 12:24:57,"ntc2_C",-0.732584396574509,874849
23,2026-07-27 12:24:57,"testSB_C",-1.13392114797369,887717
24,2026-07-27 12:24:57,"ntc1_C",-1.03522654402337,885942
24,2026-07-27 12:24:57,"ntc2_C",-0.942192099353292,884016
24,2026-07-27 12:24:57,"testSB_C",-1.12471432278744,887293
1,2026-07-27 15:24:57,"ntc1_C",0.387356215860507,834264
1,2026-07-27 15:24:57,"testSB_C",0.621949782732145,828428
2,2026-07-27 15:24:57,"ntc1_C",0.45554914625302,833274
2,2026-07-27 15:24:57,"ntc2_C",1.01186585028967,814682
2,2026-07-27 15:24:57,"testSB_C",0.803594994216269,823610
3,2026-07-27 15:24:57,"ntc1_C",1.77243292840603,791863
3,2026-07-27 15:24:57,"ntc2_C",2.02844210424036,782872
3,2026-07-27 15:24:57,"testSB_C",2.35758516779282,772526
4,2026-07-27 15:24:57,"ntc1_C",2.05178859061499,782593
4,2026-07-27 15:24:57,"ntc2_C",2.09270404797456,779576
4,2026-07-27 15:24:57,"testSB_C",2.26811862875576,774274
5,2026-07-27 15:24:57,"ntc1_C",2.11629816248376,778915
5,2026-07-27 15:24:57,"ntc2_C",1.98999706076785,784073
5,2026-07-27 15:24:57,"testSB_C",2.42264859281914,771174
6,2026-07-27 15:24:57,"ntc1_C",1.94431560939813,785008
6,2026-07-27 15:24:57,"ntc2_C",1.99708759361368,784054
6,2026-07-27 15:24:57,"testSB_C",2.34490112854775,773494
7,2026-07-27 15:24:57,"ntc1_C",2.35072981763659,772066
7,2026-07-27 15:24:57,"ntc2_C",1.88634548212599,787894
7,2026-07-27 15:24:57,"testSB_C",2.06871330812282,782321
8,2026-07-27 15:24:57,"ntc1_C",2.10013734079132,782745
8,2026-07-27 15:24:57,"ntc2_C",2.41458503538485,770025
8,2026-07-27 15:24:57,"testSB_C",2.01229523882955,781143
9,2026-07-27 15:24:57,"ntc1_C",2.22101951716894,775866
9,2026-07-27 15:24:57,"ntc2_C",2.43524380926635,771671
9,2026-07-27 15:24:57,"testSB_C",2.16004561235559,779019
10,2026-07-27 15:24:57,"ntc1_C",2.27132940514207,776045
10,2026-07-27 15:24:57,"ntc2_C",2.0846200027658,779841
10,2026-07-27 15:24:57,"testSB_C",2.33069319570177,772698
11,2026-07-27 15:24:57,"ntc1_C",2.1539901020991,779896
11,2026-07-27 15:24:57,"ntc2_C",2.23607928048915,776962
11,2026-07-27 15:24:57,"testSB_C",2.20044985656511,777060
12,2026-07-27 15:24:57,"ntc1_C",1.84226229528622,788997
12,2026-07-27 15:24:57,"ntc2_C",2.17077597054003,778244
12,2026-07-27 15:24:57,"testSB_C",1.98419418934367,783887
13,2026-07-27 15:24:57,"ntc1_C",1.90472462034251,789186
13,2026-07-27 15:24:57,"ntc2_C",2.42697908609773,768888
13,2026-07-27 15:24:57,"testSB_C",2.34323320754356,772745
14,2026-07-27 15:24:57,"ntc1_C",2.44568200547036,768951
14,2026-07-27 15:24:57,"ntc2_C",2.33339141460954,774256
14,2026-07-27 15:24:57,"testSB_C",2.20077999741716,778215
15,2026-07-27 15:24:57,"ntc1_C",2.23967693596546,774760
15,2026-07-27 15:24:57,"ntc2_C",2.14383233718144,780234
15,2026-07-27 15:24:57,"testSB_C",1.97902880624929,785534
16,2026-07-27 15:24:57,"ntc1_C",1.97673284478674,783587
16,2026-07-27 15:24:57,"ntc2_C",2.52409169276865,766108
16,2026-07-27 15:24:57,"testSB_C",2.19942376475052,776069
17,2026-07-27 15:24:57,"ntc1_C",2.44638922043902,768912
17,2026-07-27 15:24:57,"ntc2_C",2.27161646750915,774068
17,2026-07-27 15:24:57,"testSB_C",2.33330096483877,774445
18,2026-07-27 15:24:57,"ntc1_C",2.33597202928013,774772
18,2026-07-27 15:24:57,"ntc2_C",1.90570434089591,786389
18,2026-07-27 15:24:57,"testSB_C",2.11073885751409,779089
19,2026-07-27 15:24:57,"ntc1_C",2.27528593845841,776310
19,2026-07-27 15:24:57,"ntc2_C",2.06590244887468,781994
19,2026-07-27 15:24:57,"testSB_C",2.31719597586493,775233
20,2026-07-27 15:24:57,"ntc1_C",2.42380973192661,770277
20,2026-07-27 15:24:57,"ntc2_C",1.99485159776549,784943
20,2026-07-27 15:24:57,"testSB_C",2.55877954847472,765154
21,2026-07-27 15:24:57,"ntc1_C",2.45136861594079,768375
21,2026-07-27 15:24:57,"ntc2_C",1.85798323738049,788466
21,2026-07-27 15:24:57,"testSB_C",2.24822261952983,776322
22,2026-07-27 15:24:57,"ntc1_C",2.43483440629166,770765
22,2026-07-27 15:24:57,"ntc2_C",2.28379813296834,776437
22,2026-07-27 15:24:57,"testSB_C",1.90727297265471,785907
23,2026-07-27 15:24:57,"ntc1_C",1.74426182764671,793957
23,2026-07-27 15:24:57,"ntc2_C",2.10134881753555,780747
23,2026-07-27 15:24:57,"testSB_C",2.03241459312306,781767
24,2026-07-27 15:24:57,"ntc1_C",2.35966616055583,772983
24,2026-07-27 15:24:57,"ntc2_C",1.9260670649889,787784
24,2026-07-27 15:24:57,"testSB_C",2.10746465728232,779266
1,2026-07-27 18:24:57,"ntc1_C",0.519890006540322,829833
1,2026-07-27 18:24:57,"testSB_C",0.427136011869436,834934
2,2026-07-27 18:24:57,"ntc1_C",0.585892021076802,828921
2,2026-07-27 18:24:57,"ntc2_C",1.26461155160115,806463
2,2026-07-27 18:24:57,"testSB_C",0.587560300237669,830780
3,2026-07-27 18:24:57,"ntc1_C",1.79076186215889,791282
3,2026-07-27 18:24:57,"ntc2_C",2.17357096827163,778337
3,2026-07-27 18:24:57,"testSB_C",2.62159509046347,764418
4,2026-07-27 18:24:57,"ntc1_C",1.96190143146146,785414
4,2026-07-27 18:24:57,"ntc2_C",2.02044798565248,781833
4,2026-07-27 18:24:57,"testSB_C",2.55274706180501,765515
5,2026-07-27 18:24:57,"ntc1_C",2.43948599476039,768908
5,2026-07-27 18:24:57,"ntc2_C",2.04696044316267,782288
5,2026-07-27 18:24:57,"testSB_C",2.51012876530194,768482
6,2026-07-27 18:24:57,"ntc1_C",2.27827768773102,774592
6,2026-07-27 18:24:57,"ntc2_C",2.01748717617932,783414
6,2026-07-27 18:24:57,"testSB_C",2.52215723850787,768032
7,2026-07-27 18:24:57,"ntc1_C",2.60963089116473,764115
7,2026-07-27 18:24:57,"ntc2_C",1.80837811937408,790358
7,2026-07-27 18:24:57,"testSB_C",2.41919502056402,771433
8,2026-07-27 18:24:57,"ntc1_C",2.4337396465034,772369
8,2026-07-27 18:24:57,"ntc2_C",2.71437160122508,760858
8,2026-07-27 18:24:57,"testSB_C",2.07888246463841,779065
9,2026-07-27 18:24:57,"ntc1_C",2.62740004842635,763370
9,2026-07-27 18:24:57,"ntc2_C",2.50713576393764,769456
9,2026-07-27 18:24:57,"testSB_C",2.51004671553687,768192
10,2026-07-27 18:24:57,"ntc1_C",2.5941852999436,766096
10,2026-07-27 18:24:57,"ntc2_C",2.08490848813233,779832
10,2026-07-27 18:24:57,"testSB_C",2.52304828423928,766778
11,2026-07-27 18:24:57,"ntc1_C",2.56066062189672,767322
11,2026-07-27 18:24:57,"ntc2_C",2.29866712377452,775020
11,2026-07-27 18:24:57,"testSB_C",2.53664519516394,766689
12,2026-07-27 18:24:57,"ntc1_C",1.86158360837999,788387
12,2026-07-27 18:24:57,"ntc2_C",2.33334276378076,773201
12,2026-07-27 18:24:57,"testSB_C",2.2525015569135,775517
13,2026-07-27 18:24:57,"ntc1_C",2.28040534299146,777407
13,2026-07-27 18:24:57,"ntc2_C",2.49044167454662,766939
13,2026-07-27 18:24:57,"testSB_C",2.62570349938835,764065
14,2026-07-27 18:24:57,"ntc1_C",2.85653319308381,756432
14,2026-07-27 18:24:57,"ntc2_C",2.34560311832109,773878
14,2026-07-27 18:24:57,"testSB_C",2.51756454316268,768418
15,2026-07-27 18:24:57,"ntc1_C",2.53007501809861,765819
15,2026-07-27 18:24:57,"ntc2_C",2.28993487376624,775686
15,2026-07-27 18:24:57,"testSB_C",2.00848565086488,784608
16,2026-07-27 18:24:57,"ntc1_C",2.4786401217591,768007
16,2026-07-27 18:24:57,"ntc2_C",2.68432480076814,761216
16,2026-07-27 18:24:57,"testSB_C",2.57208817282844,764585
17,2026-07-27 18:24:57,"ntc1_C",2.75646190559064,759438
17,2026-07-27 18:24:57,"ntc2_C",2.58905339307921,764304
17,2026-07-27 18:24:57,"testSB_C",2.74678492932196,761745
18,2026-07-27 18:24:57,"ntc1_C",2.7165331773644,763074
18,2026-07-27 18:24:57,"ntc2_C",2.06493995749406,781395
18,2026-07-27 18:24:57,"testSB_C",2.46672155445799,768068
19,2026-07-27 18:24:57,"ntc1_C",2.65444410301927,764626
19,2026-07-27 18:24:57,"ntc2_C",2.31149472521236,774344
19,2026-07-27 18:24:57,"testSB_C",2.50491567452474,769433
20,2026-07-27 18:24:57,"ntc1_C",2.86269889824405,756876
20,2026-07-27 18:24:57,"ntc2_C",2.07112004349574,782549
20,2026-07-27 18:24:57,"testSB_C",2.88232017533267,755325
21,2026-07-27 18:24:57,"ntc1_C",2.88247143607413,755261
21,2026-07-27 18:24:57,"ntc2_C",2.00431671343426,783859
21,2026-07-27 18:24:57,"testSB_C",2.61935308267539,764884
22,2026-07-27 18:24:57,"ntc1_C",2.95147864731234,755019
22,2026-07-27 18:24:57,"ntc2_C",2.45577036723091,771120
22,2026-07-27 18:24:57,"testSB_C",2.50884247776281,767226
23,2026-07-27 18:24:57,"ntc1_C",2.31160863958496,776128
23,2026-07-27 18:24:57,"ntc2_C",2.46239082176606,769553
23,2026-07-27 18:24:57,"testSB_C",2.46103528776911,768491
24,2026-07-27 18:24:57,"ntc1_C",2.89126831371425,756726
24,2026-07-27 18:24:57,"ntc2_C",2.39728461048549,773067
24,2026-07-27 18:24:57,"testSB_C",2.72528647814732,760255
1,2026-07-27 21:24:57,"ntc1_C",-4.43789595008383,1013820
1,2026-07-27 21:24:57,"testSB_C",-4.52659732688886,1019820
2,2026-07-27 21:24:57,"ntc1_C",-4.1988626867045,1005614
2,2026-07-27 21:24:57,"ntc2_C",-3.80805193732755,989559
2,2026-07-27 21:24:57,"testSB_C",-4.30103795234442,1011902
3,2026-07-27 21:24:57,"ntc1_C",-2.90480481461077,955947
3,2026-07-27 21:24:57,"ntc2_C",-2.72068411254276,947824
3,2026-07-27 21:24:57,"testSB_C",-2.27001685017643,930475
4,2026-07-27 21:24:57,"ntc1_C",-2.81942870738459,952129
4,2026-07-27 21:24:57,"ntc2_C",-2.83595701291807,950584
4,2026-07-27 21:24:57,"testSB_C",-2.22749892241137,927658
5,2026-07-27 21:24:57,"ntc1_C",-2.37787511072872,933323
5,2026-07-27 21:24:57,"ntc2_C",-2.67584504024114,945992
5,2026-07-27 21:24:57,"testSB_C",-2.32815128651106,933493
6,2026-07-27 21:24:57,"ntc1_C",-2.38993366267795,934500
6,2026-07-27 21:24:57,"ntc2_C",-2.77108551749365,949968
6,2026-07-27 21:24:57,"testSB_C",-2.34330186071918,933966
7,2026-07-27 21:24:57,"ntc1_C",-2.08319470763621,922758
7,2026-07-27 21:24:57,"ntc2_C",-2.95085575638245,957344
7,2026-07-27 21:24:57,"testSB_C",-2.21529652425647,929395
8,2026-07-27 21:24:57,"ntc1_C",-2.19430033065208,930344
8,2026-07-27 21:24:57,"ntc2_C",-1.97903997093391,918713
8,2026-07-27 21:24:57,"testSB_C",-2.63684659085402,941807
9,2026-07-27 21:24:57,"ntc1_C",-2.04883040923966,921103
9,2026-07-27 21:24:57,"ntc2_C",-2.30388701185143,933712
9,2026-07-27 21:24:57,"testSB_C",-2.15471857827805,926638
10,2026-07-27 21:24:57,"ntc1_C",-2.08066246152202,924389
10,2026-07-27 21:24:57,"ntc2_C",-2.67046231190335,944261
10,2026-07-27 21:24:57,"testSB_C",-2.36703601649168,933396
11,2026-07-27 21:24:57,"ntc1_C",-2.09389695133524,925101
11,2026-07-27 21:24:57,"ntc2_C",-2.42667819637853,937201
11,2026-07-27 21:24:57,"testSB_C",-2.12157033262184,924484
12,2026-07-27 21:24:57,"ntc1_C",-2.84038376383057,952639
12,2026-07-27 21:24:57,"ntc2_C",-2.31044272397162,931914
12,2026-07-27 21:24:57,"testSB_C",-2.4285328007353,936177
13,2026-07-27 21:24:57,"ntc1_C",-2.40099578610483,938510
13,2026-07-27 21:24:57,"ntc2_C",-2.42389415982973,934570
13,2026-07-27 21:24:57,"testSB_C",-2.11047937298827,924327
14,2026-07-27 21:24:57,"ntc1_C",-1.97268065090236,918355
14,2026-07-27 21:24:57,"ntc2_C",-2.51771256785173,941059
14,2026-07-27 21:24:57,"testSB_C",-2.22459442401703,929818
15,2026-07-27 21:24:57,"ntc1_C",-2.22467325631021,927055
15,2026-07-27 21:24:57,"ntc2_C",-2.41136457346994,937184
15,2026-07-27 21:24:57,"testSB_C",-2.60766650921136,944835
16,2026-07-27 21:24:57,"ntc1_C",-2.05970965204438,921746
16,2026-07-27 21:24:57,"ntc2_C",-2.18234090638629,925740
16,2026-07-27 21:24:57,"testSB_C",-2.23367138572991,927608
17,2026-07-27 21:24:57,"ntc1_C",-2.1538896213479,925182
17,2026-07-27 21:24:57,"ntc2_C",-2.20887831825348,926901
17,2026-07-27 21:24:57,"testSB_C",-2.04445681088697,923531
18,2026-07-27 21:24:57,"ntc1_C",-2.09147058878307,925722
18,2026-07-27 21:24:57,"ntc2_C",-2.55520260628117,940942
18,2026-07-27 21:24:57,"testSB_C",-2.27515417918909,929496
19,2026-07-27 21:24:57,"ntc1_C",-2.14762741942877,927472
19,2026-07-27 21:24:57,"ntc2_C",-2.48503607403188,939209
19,2026-07-27 21:24:57,"testSB_C",-2.29200433915349,933188
20,2026-07-27 21:24:57,"ntc1_C",-1.98824583912653,919850
20,2026-07-27 21:24:57,"ntc2_C",-2.67146401321054,947210
20,2026-07-27 21:24:57,"testSB_C",-2.02256413262404,919882
21,2026-07-27 21:24:57,"ntc1_C",-1.94010779293762,916593
21,2026-07-27 21:24:57,"ntc2_C",-2.67508483021197,946342
21,2026-07-27 21:24:57,"testSB_C",-2.07568835311474,923783
22,2026-07-27 21:24:57,"ntc1_C",-1.84791188515709,915527
22,2026-07-27 21:24:57,"ntc2_C",-2.35505133686604,935573
22,2026-07-27 21:24:57,"testSB_C",-2.00808666626739,919915
23,2026-07-27 21:24:57,"ntc1_C",-2.19279785136354,930261
23,2026-07-27 21:24:57,"ntc2_C",-2.36944970758827,934592
23,2026-07-27 21:24:57,"testSB_C",-2.18938984894493,926322
24,2026-07-27 21:24:57,"ntc1_C",-1.87763604126656,916586
24,2026-07-27 21:24:57,"ntc2_C",-2.14850666301464,928123
24,2026-07-27 21:24:57,"testSB_C",-1.73364374119518,909358
1,2026-07-28 00:24:57,"ntc1_C",-9.53685735529302,1247746
1,2026-07-28 00:24:57,"testSB_C",-9.53843764313592,1250570
2,2026-07-28 00:24:57,"ntc1_C",-9.4889744149142,1247247
2,2026-07-28 00:24:57,"ntc2_C",-9.42112521138858,1243463
2,2026-07-28 00:24:57,"testSB_C",-9.41813685392708,1245955
3,2026-07-28 00:24:57,"ntc1_C",-9.44551612839109,1247083
3,2026-07-28 00:24:57,"ntc2_C",-9.36557805837111,1241818
3,2026-07-28 00:24:57,"testSB_C",-9.30325961478667,1238170
4,2026-07-28 00:24:57,"ntc1_C",-9.31270238801784,1239761
4,2026-07-28 00:24:57,"ntc2_C",-9.302622020341,1236328
4,2026-07-28 00:24:57,"testSB_C",-9.26634094980659,1234718
5,2026-07-28 00:24:57,"ntc1_C",-9.25389995074067,1234302
5,2026-07-28 00:24:57,"ntc2_C",-9.24010690547766,1235190
5,2026-07-28 00:24:57,"testSB_C",-9.23743871916639,1236042
6,2026-07-28 00:24:57,"ntc1_C",-9.21499838672611,1233009
6,2026-07-28 00:24:57,"ntc2_C",-9.22075126967377,1234755
6,2026-07-28 00:24:57,"testSB_C",-9.20110309959205,1234040
7,2026-07-28 00:24:57,"ntc1_C",-9.1703814961366,1230718
7,2026-07-28 00:24:57,"ntc2_C",-9.19070664619193,1233834
7,2026-07-28 00:24:57,"testSB_C",-9.17805509673497,1233187
8,2026-07-28 00:24:57,"ntc1_C",-9.1318181692339,1233308
8,2026-07-28 00:24:57,"ntc2_C",-9.11966079074585,1227833
8,2026-07-28 00:24:57,"testSB_C",-9.14225751575032,1226803
9,2026-07-28 00:24:57,"ntc1_C",-9.09591745590768,1226292
9,2026-07-28 00:24:57,"ntc2_C",-9.10503567944392,1231039
9,2026-07-28 00:24:57,"testSB_C",-9.08871699274806,1228215
10,2026-07-28 00:24:57,"ntc1_C",-9.07946359177851,1228268
10,2026-07-28 00:24:57,"ntc2_C",-9.0767233877063,1225054
10,2026-07-28 00:24:57,"testSB_C",-9.06024537711028,1225143
11,2026-07-28 00:24:57,"ntc1_C",-9.03963793933804,1226518
11,2026-07-28 00:24:57,"ntc2_C",-9.03146648783536,1225640
11,2026-07-28 00:24:57,"testSB_C",-9.02032019640029,1223402
12,2026-07-28 00:24:57,"ntc1_C",-9.03044063251343,1225071
12,2026-07-28 00:24:57,"ntc2_C",-9.01066324484628,1223396
12,2026-07-28 00:24:57,"testSB_C",-9.00957174833451,1223165
13,2026-07-28 00:24:57,"ntc1_C",-8.99333926600923,1226761
13,2026-07-28 00:24:57,"ntc2_C",-8.98924560719701,1220376
13,2026-07-28 00:24:57,"testSB_C",-8.98919370076118,1222345
14,2026-07-28 00:24:57,"ntc1_C",-8.96539236707969,1219888
14,2026-07-28 00:24:57,"ntc2_C",-8.95428841396983,1222275
14,2026-07-28 00:24:57,"testSB_C",-8.95126728326738,1221995
15,2026-07-28 00:24:57,"ntc1_C",-8.91940575641365,1216638
15,2026-07-28 00:24:57,"ntc2_C",-8.90991405234934,1220415
15,2026-07-28 00:24:57,"testSB_C",-8.90509320468806,1220414
16,2026-07-28 00:24:57,"ntc1_C",-8.86798134609222,1215419
16,2026-07-28 00:24:57,"ntc2_C",-8.85669069058457,1214157
16,2026-07-28 00:24:57,"testSB_C",-8.83501727001845,1213031
17,2026-07-28 00:24:57,"ntc1_C",-8.82578259847821,1213234
17,2026-07-28 00:24:57,"ntc2_C",-8.80608975043975,1211702
17,2026-07-28 00:24:57,"testSB_C",-8.78279738145937,1214262
18,2026-07-28 00:24:57,"ntc1_C",-8.78809023180145,1214984
18,2026-07-28 00:24:57,"ntc2_C",-8.77232689289917,1211115
18,2026-07-28 00:24:57,"testSB_C",-8.76324391014305,1209922
19,2026-07-28 00:24:57,"ntc1_C",-8.7514188364874,1212848
19,2026-07-28 00:24:57,"ntc2_C",-8.74714351568815,1211382
19,2026-07-28 00:24:57,"testSB_C",-8.74069574491023,1212742
20,2026-07-28 00:24:57,"ntc1_C",-8.7235647935795,1209374
20,2026-07-28 00:24:57,"ntc2_C",-8.7383301867531,1212116
20,2026-07-28 00:24:57,"testSB_C",-8.70473188226362,1206719
21,2026-07-28 00:24:57,"ntc1_C",-8.69798934938814,1205795
21,2026-07-28 00:24:57,"ntc2_C",-8.70198508272443,1208956
21,2026-07-28 00:24:57,"testSB_C",-8.67255874405555,1207673
22,2026-07-28 00:24:57,"ntc1_C",-8.66167453787131,1207349
22,2026-07-28 00:24:57,"ntc2_C",-8.66188068079015,1208602
22,2026-07-28 00:24:57,"testSB_C",-8.63804852046502,1204122
23,2026-07-28 00:24:57,"ntc1_C",-8.63502857192788,1208452
23,2026-07-28 00:24:57,"ntc2_C",-8.63579880416694,1205511
23,2026-07-28 00:24:57,"testSB_C",-8.64076326281247,1203561
24,2026-07-28 00:24:57,"ntc1_C",-8.62954949759165,1205804
24,2026-07-28 00:24:57,"ntc2_C",-8.60859077067261,1206578
24,2026-07-28 00:24:57,"testSB_C",-8.60947664114605,1202123
1,2026-07-28 03:24:57,"ntc1_C",-12.9118985034112,1432118
1,2026-07-28 03:24:57,"testSB_C",-12.8619438320588,1432244
2,2026-07-28 03:24:57,"ntc1_C",-12.8037501728589,1427992
2,2026-07-28 03:24:57,"ntc2_C",-12.8100133144532,1427954
2,2026-07-28 03:24:57,"testSB_C",-12.797297839117,1430042
3,2026-07-28 03:24:57,"ntc1_C",-12.7698713788253,1428238
3,2026-07-28 03:24:57,"ntc2_C",-12.7312681940331,1424690
3,2026-07-28 03:24:57,"testSB_C",-12.6426664664533,1418890
4,2026-07-28 03:24:57,"ntc1_C",-12.6979563933846,1423447
4,2026-07-28 03:24:57,"ntc2_C",-12.6994765599307,1420141
4,2026-07-28 03:24:57,"testSB_C",-12.6321649338391,1416491
5,2026-07-28 03:24:57,"ntc1_C",-12.6080775727597,1415444
5,2026-07-28 03:24:57,"ntc2_C",-12.6328097088405,1418587
5,2026-07-28 03:24:57,"testSB_C",-12.6192292483151,1418955
6,2026-07-28 03:24:57,"ntc1_C",-12.59846065257,1415469
6,2026-07-28 03:24:57,"ntc2_C",-12.6385914117679,1419594
6,2026-07-28 03:24:57,"testSB_C",-12.5744314852053,1416128
7,2026-07-28 03:24:57,"ntc1_C",-12.5317541291216,1411727
7,2026-07-28 03:24:57,"ntc2_C",-12.6324129055196,1419942
7,2026-07-28 03:24:57,"testSB_C",-12.5194980307524,1413314
8,2026-07-28 03:24:57,"ntc1_C",-12.5334801693164,1416993
8,2026-07-28 03:24:57,"ntc2_C",-12.5027252323716,1409618
8,2026-07-28 03:24:57,"testSB_C",-12.5523686796768,1409995
9,2026-07-28 03:24:57,"ntc1_C",-12.414351635753,1404093
9,2026-07-28 03:24:57,"ntc2_C",-12.4765615812847,1412705
9,2026-07-28 03:24:57,"testSB_C",-12.3867029770562,1405211
10,2026-07-28 03:24:57,"ntc1_C",-12.3839147419433,1405531
10,2026-07-28 03:24:57,"ntc2_C",-12.4361628833938,1405063
10,2026-07-28 03:24:57,"testSB_C",-12.3420441749538,1400746
11,2026-07-28 03:24:57,"ntc1_C",-12.3146238051694,1401823
11,2026-07-28 03:24:57,"ntc2_C",-12.3252472675358,1401944
11,2026-07-28 03:24:57,"testSB_C",-12.3134424523624,1399331
12,2026-07-28 03:24:57,"ntc1_C",-12.3961163939994,1405373
12,2026-07-28 03:24:57,"ntc2_C",-12.3170084955985,1400065
12,2026-07-28 03:24:57,"testSB_C",-12.270469862415,1397261
13,2026-07-28 03:24:57,"ntc1_C",-12.2504309508693,1401107
13,2026-07-28 03:24:57,"ntc2_C",-12.2107115880501,1391875
13,2026-07-28 03:24:57,"testSB_C",-12.2122291138445,1394171
14,2026-07-28 03:24:57,"ntc1_C",-12.17682680107,1390641
14,2026-07-28 03:24:57,"ntc2_C",-12.2281358791585,1396904
14,2026-07-28 03:24:57,"testSB_C",-12.1910589771333,1394688
15,2026-07-28 03:24:57,"ntc1_C",-12.1549843239471,1388279
15,2026-07-28 03:24:57,"ntc2_C",-12.1787273618971,1394581
15,2026-07-28 03:24:57,"testSB_C",-12.1947141244786,1395752
16,2026-07-28 03:24:57,"ntc1_C",-12.1331084413786,1388665
16,2026-07-28 03:24:57,"ntc2_C",-12.0602775504968,1383784
16,2026-07-28 03:24:57,"testSB_C",-12.0624385282018,1383855
17,2026-07-28 03:24:57,"ntc1_C",-12.0835808287873,1385743
17,2026-07-28 03:24:57,"ntc2_C",-12.088307586109,1385304
17,2026-07-28 03:24:57,"testSB_C",-12.0192089541349,1385664
18,2026-07-28 03:24:57,"ntc1_C",-12.003346258521,1385231
18,2026-07-28 03:24:57,"ntc2_C",-12.0206764191632,1382618
18,2026-07-28 03:24:57,"testSB_C",-11.9829109540829,1379857
19,2026-07-28 03:24:57,"ntc1_C",-11.9741916617685,1383306
19,2026-07-28 03:24:57,"ntc2_C",-12.0634237532122,1386940
19,2026-07-28 03:24:57,"testSB_C",-11.9820659003217,1384267
20,2026-07-28 03:24:57,"ntc1_C",-11.9636575645214,1380375
20,2026-07-28 03:24:57,"ntc2_C",-12.1002733790042,1390385
20,2026-07-28 03:24:57,"testSB_C",-11.9883598541876,1379758
21,2026-07-28 03:24:57,"ntc1_C",-11.937684725223,1376079
21,2026-07-28 03:24:57,"ntc2_C",-12.0362612445521,1385150
21,2026-07-28 03:24:57,"testSB_C",-11.9223830619306,1378944
22,2026-07-28 03:24:57,"ntc1_C",-11.9174931779398,1378897
22,2026-07-28 03:24:57,"ntc2_C",-11.9737090363511,1383397
22,2026-07-28 03:24:57,"testSB_C",-11.9425352783147,1377950
23,2026-07-28 03:24:57,"ntc1_C",-11.970490346691,1384589
23,2026-07-28 03:24:57,"ntc2_C",-11.9357766956427,1379270
23,2026-07-28 03:24:57,"testSB_C",-12.0057988926943,1380534
24,2026-07-28 03:24:57,"ntc1_C",-11.9799956546264,1382483
24,2026-07-28 03:24:57,"ntc2_C",-11.9473683211044,1382665
24,2026-07-28 03:24:57,"testSB_C",-11.8695261290655,1373120
1,2026-07-28 06:24:57,"ntc1_C",-11.2654552081409,1338990
1,2026-07-28 06:24:57,"testSB_C",-11.752897252949,1368853
2,2026-07-28 06:24:57,"ntc1_C",-11.3166273446698,1343862
2,2026-07-28 06:24:57,"ntc2_C",-11.299562972299,1342554
2,2026-07-28 06:24:57,"testSB_C",-11.4307334645334,1352518
3,2026-07-28 06:24:57,"ntc1_C",-10.2521936618859,1288799
3,2026-07-28 06:24:57,"ntc2_C",-10.8829328810291,1321147
3,2026-07-28 06:24:57,"testSB_C",-11.1120093280721,1332980
4,2026-07-28 06:24:57,"ntc1_C",-9.9299783592258,1271379
4,2026-07-28 06:24:57,"ntc2_C",-9.82086813567895,1262740
4,2026-07-28 06:24:57,"testSB_C",-9.93489976495073,1268851
5,2026-07-28 06:24:57,"ntc1_C",-10.0633920172692,1275760
5,2026-07-28 06:24:57,"ntc2_C",-9.82029260873924,1264768
5,2026-07-28 06:24:57,"testSB_C",-10.2243739202194,1286824
6,2026-07-28 06:24:57,"ntc1_C",-9.85636373468913,1265677
6,2026-07-28 06:24:57,"ntc2_C",-9.85112514902886,1266923
6,2026-07-28 06:24:57,"testSB_C",-10.0399433611258,1276991
7,2026-07-28 06:24:57,"ntc1_C",-10.1815490036553,1282564
7,2026-07-28 06:24:57,"ntc2_C",-9.06094498152908,1227320
7,2026-07-28 06:24:57,"testSB_C",-10.3245460161336,1292226
8,2026-07-28 06:24:57,"ntc1_C",-9.96145859598209,1275769
8,2026-07-28 06:24:57,"ntc2_C",-9.63429625134569,1253881
8,2026-07-28 06:24:57,"testSB_C",-9.83628906754808,1262033
9,2026-07-28 06:24:57,"ntc1_C",-9.78693869205478,1261343
9,2026-07-28 06:24:57,"ntc2_C",-9.52817952771085,1252480
9,2026-07-28 06:24:57,"testSB_C",-9.68937702924842,1258688
10,2026-07-28 06:24:57,"ntc1_C",-9.56238647367923,1252695
10,2026-07-28 06:24:57,"ntc2_C",-9.05393474856305,1223916
10,2026-07-28 06:24:57,"testSB_C",-9.68439116569209,1256739
11,2026-07-28 06:24:57,"ntc1_C",-9.66207630599479,1258044
11,2026-07-28 06:24:57,"ntc2_C",-10.3645051237041,1294131
11,2026-07-28 06:24:57,"testSB_C",-9.86165293405566,1266107
12,2026-07-28 06:24:57,"ntc1_C",-8.79782637643916,1213509
12,2026-07-28 06:24:57,"ntc2_C",-9.38339205521203,1242131
12,2026-07-28 06:24:57,"testSB_C",-9.7429456253526,1260308
13,2026-07-28 06:24:57,"ntc1_C",-9.69535102457405,1262390
13,2026-07-28 06:24:57,"ntc2_C",-9.7332964163121,1257991
13,2026-07-28 06:24:57,"testSB_C",-9.89324636603357,1268266
14,2026-07-28 06:24:57,"ntc1_C",-9.64960231285943,1254400
14,2026-07-28 06:24:57,"ntc2_C",-9.35458227924624,1242386
14,2026-07-28 06:24:57,"testSB_C",-9.55473331897969,1252442
15,2026-07-28 06:24:57,"ntc1_C",-9.7534921353344,1258722
15,2026-07-28 06:24:57,"ntc2_C",-9.0447736751546,1227146
15,2026-07-28 06:24:57,"testSB_C",-8.83772934091451,1217066
16,2026-07-28 06:24:57,"ntc1_C",-9.64178970076694,1254396
16,2026-07-28 06:24:57,"ntc2_C",-9.94778811665742,1269435
16,2026-07-28 06:24:57,"testSB_C",-9.83914775438302,1263766
17,2026-07-28 06:24:57,"ntc1_C",-9.35208407381793,1239559
17,2026-07-28 06:24:57,"ntc2_C",-10.1642033894602,1280705
17,2026-07-28 06:24:57,"testSB_C",-10.4022877257222,1297182
18,2026-07-28 06:24:57,"ntc1_C",-9.40154511578595,1245751
18,2026-07-28 06:24:57,"ntc2_C",-9.96800184010317,1271595
18,2026-07-28 06:24:57,"testSB_C",-9.50506986182893,1247101
19,2026-07-28 06:24:57,"ntc1_C",-9.46473562587062,1248651
19,2026-07-28 06:24:57,"ntc2_C",-9.70987093497803,1259902
19,2026-07-28 06:24:57,"testSB_C",-9.32124080678062,1241803
20,2026-07-28 06:24:57,"ntc1_C",-10.7491684565092,1313595
20,2026-07-28 06:24:57,"ntc2_C",-8.96357473887315,1223303
20,2026-07-28 06:24:57,"testSB_C",-9.46932546181432,1244945
21,2026-07-28 06:24:57,"ntc1_C",-9.47891302961699,1244787
21,2026-07-28 06:24:57,"ntc2_C",-9.10646584789396,1229062
21,2026-07-28 06:24:57,"testSB_C",-9.52096270616295,1250197
22,2026-07-28 06:24:57,"ntc1_C",-9.1291238804564,1230585
22,2026-07-28 06:24:57,"ntc2_C",-8.73010342682051,1211967
22,2026-07-28 06:24:57,"testSB_C",-10.0545739215893,1275748
23,2026-07-28 06:24:57,"ntc1_C",-8.88435165403899,1220797
23,2026-07-28 06:24:57,"ntc2_C",-9.49527230811145,1248515
23,2026-07-28 06:24:57,"testSB_C",-10.0664424296868,1275563
24,2026-07-28 06:24:57,"ntc1_C",-9.36332514890574,1242439
24,2026-07-28 06:24:57,"ntc2_C",-9.05131876098767,1228557
24,2026-07-28 06:24:57,"testSB_C",-9.86348409429144,1265195
1,2026-07-28 09:24:57,"ntc1_C",-7.04929964993767,1127391
1,2026-07-28 09:24:57,"testSB_C",-7.22070859710823,1137841
2,2026-07-28 09:24:57,"ntc1_C",-7.23621135702746,1137787
2,2026-07-28 09:24:57,"ntc2_C",-7.37212575328948,1143805
2,2026-07-28 09:24:57,"testSB_C",-7.16820646797618,1136863
3,2026-07-28 09:24:57,"ntc1_C",-4.79419947355859,1032012
3,2026-07-28 09:24:57,"ntc2_C",-5.61037213394087,1065685
3,2026-07-28 09:24:57,"testSB_C",-5.99913323602016,1082305
4,2026-07-28 09:24:57,"ntc1_C",-5.24885265536318,1050689
4,2026-07-28 09:24:57,"ntc2_C",-5.15154945057475,1044119
4,2026-07-28 09:24:57,"testSB_C",-6.17816225092207,1088792
5,2026-07-28 09:24:57,"ntc1_C",-6.17480668701728,1088753
5,2026-07-28 09:24:57,"ntc2_C",-5.78763250501049,1073199
5,2026-07-28 09:24:57,"testSB_C",-5.97755152282008,1082359
6,2026-07-28 09:24:57,"ntc1_C",-6.21226530887492,1091118
6,2026-07-28 09:24:57,"ntc2_C",-5.69682978123757,1069662
6,2026-07-28 09:24:57,"testSB_C",-6.3216216605631,1097477
7,2026-07-28 09:24:57,"ntc1_C",-6.08552714846758,1085361
7,2026-07-28 09:24:57,"ntc2_C",-5.22921990027885,1050016
7,2026-07-28 09:24:57,"testSB_C",-6.11266889953617,1088465
8,2026-07-28 09:24:57,"ntc1_C",-6.28915052444233,1098431
8,2026-07-28 09:24:57,"ntc2_C",-6.22500229348452,1091268
8,2026-07-28 09:24:57,"testSB_C",-5.30920334019601,1049547
9,2026-07-28 09:24:57,"ntc1_C",-6.28798332169532,1093782
9,2026-07-28 09:24:57,"ntc2_C",-5.8160124989646,1076651
9,2026-07-28 09:24:57,"testSB_C",-6.23668837255917,1093472
10,2026-07-28 09:24:57,"ntc1_C",-6.2059510519419,1092634
10,2026-07-28 09:24:57,"ntc2_C",-5.50672629580077,1059323
10,2026-07-28 09:24:57,"testSB_C",-6.26435106350914,1093250
11,2026-07-28 09:24:57,"ntc1_C",-6.44229948906678,1103419
11,2026-07-28 09:24:57,"ntc2_C",-5.76843043611848,1073157
11,2026-07-28 09:24:57,"testSB_C",-6.13647706078581,1087854
12,2026-07-28 09:24:57,"ntc1_C",-5.34103032408063,1054261
12,2026-07-28 09:24:57,"ntc2_C",-5.7698575120329,1072180
12,2026-07-28 09:24:57,"testSB_C",-6.07967649202146,1085577
13,2026-07-28 09:24:57,"ntc1_C",-5.96936141333123,1084627
13,2026-07-28 09:24:57,"ntc2_C",-5.59130799523172,1062653
13,2026-07-28 09:24:57,"testSB_C",-5.99682199884899,1082086
14,2026-07-28 09:24:57,"ntc1_C",-5.99841708886527,1081085
14,2026-07-28 09:24:57,"ntc2_C",-5.60317962427143,1066424
14,2026-07-28 09:24:57,"testSB_C",-5.97511233033396,1082518
15,2026-07-28 09:24:57,"ntc1_C",-6.07688273283622,1083697
15,2026-07-28 09:24:57,"ntc2_C",-5.52994606318714,1063494
15,2026-07-28 09:24:57,"testSB_C",-5.43397060728728,1059563
16,2026-07-28 09:24:57,"ntc1_C",-6.17617687389577,1089197
16,2026-07-28 09:24:57,"ntc2_C",-6.0205726151637,1081673
16,2026-07-28 09:24:57,"testSB_C",-6.09310689470624,1084815
17,2026-07-28 09:24:57,"ntc1_C",-6.00664526024025,1081629
17,2026-07-28 09:24:57,"ntc2_C",-5.94423717142706,1078436
17,2026-07-28 09:24:57,"testSB_C",-6.29189631167174,1097119
18,2026-07-28 09:24:57,"ntc1_C",-6.00406099318241,1084803
18,2026-07-28 09:24:57,"ntc2_C",-5.75859784565131,1071358
18,2026-07-28 09:24:57,"testSB_C",-6.02917777871733,1082390
19,2026-07-28 09:24:57,"ntc1_C",-6.09911290896719,1088661
19,2026-07-28 09:24:57,"ntc2_C",-5.97662402394445,1082116
19,2026-07-28 09:24:57,"testSB_C",-5.87266241583723,1079038
20,2026-07-28 09:24:57,"ntc1_C",-5.99631998557345,1082207
20,2026-07-28 09:24:57,"ntc2_C",-5.27684158447028,1052769
20,2026-07-28 09:24:57,"testSB_C",-5.70384571782114,1067915
21,2026-07-28 09:24:57,"ntc1_C",-6.02468860930549,1081508
21,2026-07-28 09:24:57,"ntc2_C",-5.28751207158047,1052075
21,2026-07-28 09:24:57,"testSB_C",-6.23979835673293,1093737
22,2026-07-28 09:24:57,"ntc1_C",-6.02817222708012,1084568
22,2026-07-28 09:24:57,"ntc2_C",-5.29695010389355,1053969
22,2026-07-28 09:24:57,"testSB_C",-6.1314000611008,1087271
23,2026-07-28 09:24:57,"ntc1_C",-5.81969110234718,1077592
23,2026-07-28 09:24:57,"ntc2_C",-5.41324830073887,1057306
23,2026-07-28 09:24:57,"testSB_C",-6.00846641941189,1081319
24,2026-07-28 09:24:57,"ntc1_C",-5.9821894741861,1082551
24,2026-07-28 09:24:57,"ntc2_C",-5.61066813126541,1067949
24,2026-07-28 09:24:57,"testSB_C",-5.89558242002653,1076384
1,2026-07-28 12:24:57,"ntc1_C",-0.804130239546737,875242
1,2026-07-28 12:24:57,"testSB_C",-0.527541879971068,867608
2,2026-07-28 12:24:57,"ntc1_C",-1.01020007675714,883923
2,2026-07-28 12:24:57,"ntc2_C",-0.766805665719232,875091
2,2026-07-28 12:24:57,"testSB_C",-0.706373417521149,875130
3,2026-07-28 12:24:57,"ntc1_C",1.11580118186549,812979
3,2026-07-28 12:24:57,"ntc2_C",0.886351319208302,819555
3,2026-07-28 12:24:57,"testSB_C",0.545798174459037,830695
4,2026-07-28 12:24:57,"ntc1_C",0.878141755499882,820290
4,2026-07-28 12:24:57,"ntc2_C",0.913192915168167,817302
4,2026-07-28 12:24:57,"testSB_C",0.365028254445008,835647
5,2026-07-28 12:24:57,"ntc1_C",0.233849168896199,840021
5,2026-07-28 12:24:57,"ntc2_C",0.46089515052762,833643
5,2026-07-28 12:24:57,"testSB_C",0.532077663881694,831871
6,2026-07-28 12:24:57,"ntc1_C",0.197537846584908,841967
6,2026-07-28 12:24:57,"ntc2_C",0.531830565937469,831509
6,2026-07-28 12:24:57,"testSB_C",0.436094631591686,834999
7,2026-07-28 12:24:57,"ntc1_C",0.565610120971712,829341
7,2026-07-28 12:24:57,"ntc2_C",0.893213080155476,819900
7,2026-07-28 12:24:57,"testSB_C",0.533453466432263,831977
8,2026-07-28 12:24:57,"ntc1_C",0.385277376689658,838473
8,2026-07-28 12:24:57,"ntc2_C",0.427064629218592,833855
8,2026-07-28 12:24:57,"testSB_C",0.925614498126379,815902
9,2026-07-28 12:24:57,"ntc1_C",0.293047347324432,838190
9,2026-07-28 12:24:57,"ntc2_C",0.818293704992811,823326
9,2026-07-28 12:24:57,"testSB_C",0.362933594556807,837228
10,2026-07-28 12:24:57,"ntc1_C",0.493213383531838,833359
10,2026-07-28 12:24:57,"ntc2_C",0.808226438533211,820764
10,2026-07-28 12:24:57,"testSB_C",0.704983069803575,824717
11,2026-07-28 12:24:57,"ntc1_C",0.237559668498648,842171
11,2026-07-28 12:24:57,"ntc2_C",0.700584015065715,826264
11,2026-07-28 12:24:57,"testSB_C",0.404762093456043,835040
12,2026-07-28 12:24:57,"ntc1_C",0.692336581214306,826220
12,2026-07-28 12:24:57,"ntc2_C",0.582297882966657,829401
12,2026-07-28 12:24:57,"testSB_C",0.290706708043388,838981
13,2026-07-28 12:24:57,"ntc1_C",0.37583854569823,839112
13,2026-07-28 12:24:57,"ntc2_C",0.8140073956896,820234
13,2026-07-28 12:24:57,"testSB_C",0.55270418586997,830261
14,2026-07-28 12:24:57,"ntc1_C",0.483520236107779,831853
14,2026-07-28 12:24:57,"ntc2_C",0.911087661038266,819653
14,2026-07-28 12:24:57,"testSB_C",0.522726809998005,832373
15,2026-07-28 12:24:57,"ntc1_C",0.450098059835,832365
15,2026-07-28 12:24:57,"ntc2_C",0.724470389046246,825921
15,2026-07-28 12:24:57,"testSB_C",0.651324973174212,828500
16,2026-07-28 12:24:57,"ntc1_C",0.216514253898879,840934
16,2026-07-28 12:24:57,"ntc2_C",0.697243832407707,824308
16,2026-07-28 12:24:57,"testSB_C",0.418299913817123,833545
17,2026-07-28 12:24:57,"ntc1_C",0.601148984888027,827952
17,2026-07-28 12:24:57,"ntc2_C",0.568208159957919,828775
17,2026-07-28 12:24:57,"testSB_C",0.374905354210568,837726
18,2026-07-28 12:24:57,"ntc1_C",0.502484284171089,833862
18,2026-07-28 12:24:57,"ntc2_C",0.51277989893714,831546
18,2026-07-28 12:24:57,"testSB_C",0.413234706547144,834002
19,2026-07-28 12:24:57,"ntc1_C",0.422110609555205,836209
19,2026-07-28 12:24:57,"ntc2_C",0.368046216688185,837125
19,2026-07-28 12:24:57,"testSB_C",0.646185768571115,828957
20,2026-07-28 12:24:57,"ntc1_C",0.493987483292699,832265
20,2026-07-28 12:24:57,"ntc2_C",0.765580050690176,824620
20,2026-07-28 12:24:57,"testSB_C",0.69538406239576,824476
21,2026-07-28 12:24:57,"ntc1_C",0.458704235128778,832216
21,2026-07-28 12:24:57,"ntc2_C",0.691353291126461,826239
21,2026-07-28 12:24:57,"testSB_C",0.349570154267326,837750
22,2026-07-28 12:24:57,"ntc1_C",0.452198131456839,834512
22,2026-07-28 12:24:57,"ntc2_C",0.993351165636113,817602
22,2026-07-28 12:24:57,"testSB_C",0.178771460305654,842326
23,2026-07-28 12:24:57,"ntc1_C",0.33880055086081,840022
23,2026-07-28 12:24:57,"ntc2_C",0.840041869557012,821232
23,2026-07-28 12:24:57,"testSB_C",0.420733155692346,833913
24,2026-07-28 12:24:57,"ntc1_C",0.46188284980002,834114
24,2026-07-28 12:24:57,"ntc2_C",0.488743672670068,834541
24,2026-07-28 12:24:57,"testSB_C",0.310547362496379,837487
1,2026-07-28 15:24:57,"ntc1_C",1.32120922376515,803569
1,2026-07-28 15:24:57,"testSB_C",1.51249983387157,799365
2,2026-07-28 15:24:57,"ntc1_C",1.36928842154566,803261
2,2026-07-28 15:24:57,"ntc2_C",2.08488517348457,780390
2,2026-07-28 15:24:57,"testSB_C",1.66992429899011,795510
3,2026-07-28 15:24:57,"ntc1_C",1.84207051299347,789658
3,2026-07-28 15:24:57,"ntc2_C",2.1748550450057,778297
3,2026-07-28 15:24:57,"testSB_C",2.59551151794005,765215
4,2026-07-28 15:24:57,"ntc1_C",2.19219710382617,778208
4,2026-07-28 15:24:57,"ntc2_C",2.05521967528927,780746
4,2026-07-28 15:24:57,"testSB_C",2.79613112391178,758109
5,2026-07-28 15:24:57,"ntc1_C",2.44078681432342,768868
5,2026-07-28 15:24:57,"ntc2_C",2.13781294942652,779450
5,2026-07-28 15:24:57,"testSB_C",2.62962353881744,764821
6,2026-07-28 15:24:57,"ntc1_C",2.29355649327147,774119
6,2026-07-28 15:24:57,"ntc2_C",2.09705540410391,780923
6,2026-07-28 15:24:57,"testSB_C",2.67795978701389,763265
7,2026-07-28 15:24:57,"ntc1_C",2.72200946919401,760691
7,2026-07-28 15:24:57,"ntc2_C",1.90822537137842,787204
7,2026-07-28 15:24:57,"testSB_C",2.38050408009758,772627
8,2026-07-28 15:24:57,"ntc1_C",2.38793287191351,773785
8,2026-07-28 15:24:57,"ntc2_C",2.6532008479067,762719
8,2026-07-28 15:24:57,"testSB_C",2.013543212277,781104
9,2026-07-28 15:24:57,"ntc1_C",2.50679436352868,767056
9,2026-07-28 15:24:57,"ntc2_C",2.53094273677897,768724
9,2026-07-28 15:24:57,"testSB_C",2.44418674229235,770217
10,2026-07-28 15:24:57,"ntc1_C",2.65841477010764,764133
10,2026-07-28 15:24:57,"ntc2_C",2.18274905270994,776786
10,2026-07-28 15:24:57,"testSB_C",2.63948498297145,763218
11,2026-07-28 15:24:57,"ntc1_C",2.75074461867126,761519
11,2026-07-28 15:24:57,"ntc2_C",2.47644503453091,769532
11,2026-07-28 15:24:57,"testSB_C",2.60066146354558,764731
12,2026-07-28 15:24:57,"ntc1_C",1.90513062796612,787014
12,2026-07-28 15:24:57,"ntc2_C",2.46387307494473,769177
12,2026-07-28 15:24:57,"testSB_C",2.41568459835605,770473
13,2026-07-28 15:24:57,"ntc1_C",2.13943156666119,781805
13,2026-07-28 15:24:57,"ntc2_C",2.48300875977378,767167
13,2026-07-28 15:24:57,"testSB_C",2.58311577465605,765367
14,2026-07-28 15:24:57,"ntc1_C",2.7821936203751,758681
14,2026-07-28 15:24:57,"ntc2_C",2.4162841688609,771694
14,2026-07-28 15:24:57,"testSB_C",2.39573872521055,772170
15,2026-07-28 15:24:57,"ntc1_C",2.57957335425942,764306
15,2026-07-28 15:24:57,"ntc2_C",2.22412763293937,777731
15,2026-07-28 15:24:57,"testSB_C",2.22153754766293,777945
16,2026-07-28 15:24:57,"ntc1_C",2.31455090825449,773064
16,2026-07-28 15:24:57,"ntc2_C",2.85631772755494,756002
16,2026-07-28 15:24:57,"testSB_C",2.58677944589414,764136
17,2026-07-28 15:24:57,"ntc1_C",2.77531444445663,758866
17,2026-07-28 15:24:57,"ntc2_C",2.68022351106487,761524
17,2026-07-28 15:24:57,"testSB_C",2.84087960679778,758886
18,2026-07-28 15:24:57,"ntc1_C",2.68886885967413,763918
18,2026-07-28 15:24:57,"ntc2_C",2.11506328645095,779830
18,2026-07-28 15:24:57,"testSB_C",2.54297147318482,765729
19,2026-07-28 15:24:57,"ntc1_C",2.62949631238729,765389
19,2026-07-28 15:24:57,"ntc2_C",2.33994353994018,773463
19,2026-07-28 15:24:57,"testSB_C",2.61406025415783,766082
20,2026-07-28 15:24:57,"ntc1_C",2.66491909182446,762884
20,2026-07-28 15:24:57,"ntc2_C",2.28457501009666,775890
20,2026-07-28 15:24:57,"testSB_C",2.93059547068958,753870
21,2026-07-28 15:24:57,"ntc1_C",2.76561494153924,758792
21,2026-07-28 15:24:57,"ntc2_C",2.07896131867494,781520
21,2026-07-28 15:24:57,"testSB_C",2.89923615712439,756377
22,2026-07-28 15:24:57,"ntc1_C",2.88211277685116,757113
22,2026-07-28 15:24:57,"ntc2_C",2.60782992711495,766451
22,2026-07-28 15:24:57,"testSB_C",2.61945162770559,763843
23,2026-07-28 15:24:57,"ntc1_C",2.39967122962986,773399
23,2026-07-28 15:24:57,"ntc2_C",2.55373753120915,766748
23,2026-07-28 15:24:57,"testSB_C",2.82855645818483,757299
24,2026-07-28 15:24:57,"ntc1_C",3.06281363064949,751558
24,2026-07-28 15:24:57,"ntc2_C",2.5159226140197,769408
24,2026-07-28 15:24:57,"testSB_C",3.20133185681971,745944
1,2026-07-28 18:24:57,"ntc1_C",0.663887674776277,825047
1,2026-07-28 18:24:57,"testSB_C",0.506800567242237,832267
2,2026-07-28 18:24:57,"ntc1_C",0.947110085371662,816983
2,2026-07-28 18:24:57,"ntc2_C",1.87417100070013,787001
2,2026-07-28 18:24:57,"testSB_C",0.861328549794678,821705
3,2026-07-28 18:24:57,"ntc1_C",1.90893336446783,787547
3,2026-07-28 18:24:57,"ntc2_C",2.59865740024117,765214
3,2026-07-28 18:24:57,"testSB_C",3.4017011881383,740986
4,2026-07-28 18:24:57,"ntc1_C",2.34954615200974,773325
4,2026-07-28 18:24:57,"ntc2_C",2.39770859596985,770125
4,2026-07-28 18:24:57,"testSB_C",3.47727040587432,737786
5,2026-07-28 18:24:57,"ntc1_C",3.2428881303706,744621
5,2026-07-28 18:24:57,"ntc2_C",2.62219952921441,764503
5,2026-07-28 18:24:57,"testSB_C",3.38069853978135,742232
6,2026-07-28 18:24:57,"ntc1_C",3.06604638859591,750601
6,2026-07-28 18:24:57,"ntc2_C",2.50459310605413,768296
6,2026-07-28 18:24:57,"testSB_C",3.37821445422713,742226
7,2026-07-28 18:24:57,"ntc1_C",3.47903796306326,738048
7,2026-07-28 18:24:57,"ntc2_C",2.02357408310826,783577
7,2026-07-28 18:24:57,"testSB_C",2.99457845049574,753907
8,2026-07-28 18:24:57,"ntc1_C",3.23637795348424,748001
8,2026-07-28 18:24:57,"ntc2_C",3.6069914907016,734247
8,2026-07-28 18:24:57,"testSB_C",2.30504438071921,772051
9,2026-07-28 18:24:57,"ntc1_C",3.39250451719926,740423
9,2026-07-28 18:24:57,"ntc2_C",3.14503361860534,750097
9,2026-07-28 18:24:57,"testSB_C",3.25058361114031,745810
10,2026-07-28 18:24:57,"ntc1_C",3.38648967308751,742253
10,2026-07-28 18:24:57,"ntc2_C",2.4168255905339,769550
10,2026-07-28 18:24:57,"testSB_C",2.93303009743823,754321
11,2026-07-28 18:24:57,"ntc1_C",3.39661208920933,742149
11,2026-07-28 18:24:57,"ntc2_C",2.8496675369081,758145
11,2026-07-28 18:24:57,"testSB_C",3.29070561087917,743961
12,2026-07-28 18:24:57,"ntc1_C",2.048743705096,782504
12,2026-07-28 18:24:57,"ntc2_C",2.95487874134392,754239
12,2026-07-28 18:24:57,"testSB_C",2.85998638885019,756916
13,2026-07-28 18:24:57,"ntc1_C",2.81357926170267,761010
13,2026-07-28 18:24:57,"ntc2_C",2.93426558830947,753455
13,2026-07-28 18:24:57,"testSB_C",3.34113628921403,742542
14,2026-07-28 18:24:57,"ntc1_C",3.60635945626035,734141
14,2026-07-28 18:24:57,"ntc2_C",2.77587641420564,760684
14,2026-07-28 18:24:57,"testSB_C",3.08918004991665,751071
15,2026-07-28 18:24:57,"ntc1_C",3.1972951675109,745690
15,2026-07-28 18:24:57,"ntc2_C",2.66642161083223,764096
15,2026-07-28 18:24:57,"testSB_C",2.39925822571479,772433
16,2026-07-28 18:24:57,"ntc1_C",3.16034973686118,747372
16,2026-07-28 18:24:57,"ntc2_C",3.36411915034273,740829
16,2026-07-28 18:24:57,"testSB_C",3.13970647000127,747440
17,2026-07-28 18:24:57,"ntc1_C",3.3523689032686,741578
17,2026-07-28 18:24:57,"ntc2_C",3.22332939894329,745185
17,2026-07-28 18:24:57,"testSB_C",3.56694156439698,737206
18,2026-07-28 18:24:57,"ntc1_C",3.38301343338628,743038
18,2026-07-28 18:24:57,"ntc2_C",2.45538184085183,769292
18,2026-07-28 18:24:57,"testSB_C",3.07722176632308,749552
19,2026-07-28 18:24:57,"ntc1_C",3.30876380775851,744901
19,2026-07-28 18:24:57,"ntc2_C",2.79881951117767,759399
19,2026-07-28 18:24:57,"testSB_C",3.04823360520606,752905
20,2026-07-28 18:24:57,"ntc1_C",3.45022971050707,739324
20,2026-07-28 18:24:57,"ntc2_C",2.36524851592446,773389
20,2026-07-28 18:24:57,"testSB_C",3.46287873350235,738024
21,2026-07-28 18:24:57,"ntc1_C",3.55337349519095,735325
21,2026-07-28 18:24:57,"ntc2_C",2.24038837585954,776487
21,2026-07-28 18:24:57,"testSB_C",3.40301564953108,741318
22,2026-07-28 18:24:57,"ntc1_C",3.67618538276446,733508
22,2026-07-28 18:24:57,"ntc2_C",2.81105521525996,760258
22,2026-07-28 18:24:57,"testSB_C",3.26984818413837,744270
23,2026-07-28 18:24:57,"ntc1_C",2.8584838879828,759345
23,2026-07-28 18:24:57,"ntc2_C",2.74237166894954,760990
23,2026-07-28 18:24:57,"testSB_C",3.16409278351875,747233
24,2026-07-28 18:24:57,"ntc1_C",3.60476353764807,735477
24,2026-07-28 18:24:57,"ntc2_C",2.87257062799512,758519
24,2026-07-28 18:24:57,"testSB_C",3.81599140071467,727890
1,2026-07-28 21:24:57,"ntc1_C",-5.61672199534513,1063547
1,2026-07-28 21:24:57,"testSB_C",-5.72124507329551,1070510
2,2026-07-28 21:24:57,"ntc1_C",-5.42224483610437,1056831
2,2026-07-28 21:24:57,"ntc2_C",-5.13443753631799,1044281
2,2026-07-28 21:24:57,"testSB_C",-5.52538575808518,1063430
3,2026-07-28 21:24:57,"ntc1_C",-3.81848154025897,991974
3,2026-07-28 21:24:57,"ntc2_C",-3.91377497235533,994752
3,2026-07-28 21:24:57,"testSB_C",-3.58425292315155,981281
4,2026-07-28 21:24:57,"ntc1_C",-3.86236960685875,993206
4,2026-07-28 21:24:57,"ntc2_C",-3.86246950719806,990923
4,2026-07-28 21:24:57,"testSB_C",-3.5672352459635,979320
5,2026-07-28 21:24:57,"ntc1_C",-3.63260028529595,981957
5,2026-07-28 21:24:57,"ntc2_C",-3.81788997019868,990750
5,2026-07-28 21:24:57,"testSB_C",-3.65416279179345,984952
6,2026-07-28 21:24:57,"ntc1_C",-3.65403791263435,983530
6,2026-07-28 21:24:57,"ntc2_C",-3.85938491121817,992775
6,2026-07-28 21:24:57,"testSB_C",-3.67828312065228,985807
7,2026-07-28 21:24:57,"ntc1_C",-3.40107285341935,973296
7,2026-07-28 21:24:57,"ntc2_C",-3.85599234381317,993097
7,2026-07-28 21:24:57,"testSB_C",-3.48367284499682,978321
8,2026-07-28 21:24:57,"ntc1_C",-3.52034714250141,981630
8,2026-07-28 21:24:57,"ntc2_C",-3.36834504137175,971805
8,2026-07-28 21:24:57,"testSB_C",-3.62799683606789,980355
9,2026-07-28 21:24:57,"ntc1_C",-3.39068933737724,972458
9,2026-07-28 21:24:57,"ntc2_C",-3.51400164475888,980587
9,2026-07-28 21:24:57,"testSB_C",-3.42876546638382,975657
10,2026-07-28 21:24:57,"ntc1_C",-3.35509040180415,973275
10,2026-07-28 21:24:57,"ntc2_C",-3.63852734807443,981995
10,2026-07-28 21:24:57,"testSB_C",-3.56581246427669,979797
11,2026-07-28 21:24:57,"ntc1_C",-3.39790929575105,975186
11,2026-07-28 21:24:57,"ntc2_C",-3.48551909420297,978222
11,2026-07-28 21:24:57,"testSB_C",-3.2754198984004,968635
12,2026-07-28 21:24:57,"ntc1_C",-3.63573938432069,983806
12,2026-07-28 21:24:57,"ntc2_C",-3.33254180209997,971247
12,2026-07-28 21:24:57,"testSB_C",-3.45095731051532,975720
13,2026-07-28 21:24:57,"ntc1_C",-3.36166869374756,975711
13,2026-07-28 21:24:57,"ntc2_C",-3.38862157407397,971784
13,2026-07-28 21:24:57,"testSB_C",-3.21722472729562,966651
14,2026-07-28 21:24:57,"ntc1_C",-3.07158383898025,960069
14,2026-07-28 21:24:57,"ntc2_C",-3.4289628212598,976402
14,2026-07-28 21:24:57,"testSB_C",-3.21915909846132,967987
15,2026-07-28 21:24:57,"ntc1_C",-3.25371708164016,966440
15,2026-07-28 21:24:57,"ntc2_C",-3.21484624040596,968154
15,2026-07-28 21:24:57,"testSB_C",-3.37018845716949,974453
16,2026-07-28 21:24:57,"ntc1_C",-3.08311774856901,960700
16,2026-07-28 21:24:57,"ntc2_C",-3.22744425939936,965727
16,2026-07-28 21:24:57,"testSB_C",-3.15302742210918,962766
17,2026-07-28 21:24:57,"ntc1_C",-3.10531856988376,961485
17,2026-07-28 21:24:57,"ntc2_C",-3.13978785056497,962463
17,2026-07-28 21:24:57,"testSB_C",-3.09846357801888,963752
18,2026-07-28 21:24:57,"ntc1_C",-3.02439242444331,961306
18,2026-07-28 21:24:57,"ntc2_C",-3.28005210586809,968930
18,2026-07-28 21:24:57,"testSB_C",-3.09817103216392,960974
19,2026-07-28 21:24:57,"ntc1_C",-3.01518172052943,960596
19,2026-07-28 21:24:57,"ntc2_C",-3.23546287840031,968173
19,2026-07-28 21:24:57,"testSB_C",-3.09294051091376,963926
20,2026-07-28 21:24:57,"ntc1_C",-2.79486226019526,950354
20,2026-07-28 21:24:57,"ntc2_C",-3.21053386462052,968109
20,2026-07-28 21:24:57,"testSB_C",-2.7490804459627,947303
21,2026-07-28 21:24:57,"ntc1_C",-2.78538822301715,948429
21,2026-07-28 21:24:57,"ntc2_C",-3.16385612390945,965248
21,2026-07-28 21:24:57,"testSB_C",-2.97191080929804,957882
22,2026-07-28 21:24:57,"ntc1_C",-2.67404101780005,946610
22,2026-07-28 21:24:57,"ntc2_C",-2.99301063185396,960013
22,2026-07-28 21:24:57,"testSB_C",-2.80564887782901,950053
23,2026-07-28 21:24:57,"ntc1_C",-2.85297483404651,955428
23,2026-07-28 21:24:57,"ntc2_C",-2.95933520388502,957158
23,2026-07-28 21:24:57,"testSB_C",-2.95023057728019,955241
24,2026-07-28 21:24:57,"ntc1_C",-2.67566378717959,946642
24,2026-07-28 21:24:57,"ntc2_C",-2.79722749476684,952791
24,2026-07-28 21:24:57,"testSB_C",-2.5722535378668,940693
1,2026-07-29 00:24:57,"ntc1_C",-11.0843812761896,1329125
1,2026-07-29 00:24:57,"testSB_C",-11.0597660880637,1330667
2,2026-07-29 00:24:57,"ntc1_C",-10.958553869961,1324357
2,2026-07-29 00:24:57,"ntc2_C",-10.9290494138291,1322398
2,2026-07-29 00:24:57,"testSB_C",-10.937465409723,1325580
3,2026-07-29 00:24:57,"ntc1_C",-10.8636787928918,1321357
3,2026-07-29 00:24:57,"ntc2_C",-10.8699867465302,1320449
3,2026-07-29 00:24:57,"testSB_C",-10.7652666568334,1314254
4,2026-07-29 00:24:57,"ntc1_C",-10.8040017345006,1317547
4,2026-07-29 00:24:57,"ntc2_C",-10.829029544101,1315766
4,2026-07-29 00:24:57,"testSB_C",-10.6650909395318,1307222
5,2026-07-29 00:24:57,"ntc1_C",-10.6526021746497,1306819
5,2026-07-29 00:24:57,"ntc2_C",-10.6518530139509,1308415
5,2026-07-29 00:24:57,"testSB_C",-10.5784450033198,1305552
6,2026-07-29 00:24:57,"ntc1_C",-10.5779963491096,1303481
6,2026-07-29 00:24:57,"ntc2_C",-10.6477005966232,1308787
6,2026-07-29 00:24:57,"testSB_C",-10.4460002686674,1298322
7,2026-07-29 00:24:57,"ntc1_C",-10.4162415591734,1294910
7,2026-07-29 00:24:57,"ntc2_C",-10.5027410745984,1301698
7,2026-07-29 00:24:57,"testSB_C",-10.345097828753,1293310
8,2026-07-29 00:24:57,"ntc1_C",-10.3957799272805,1298584
8,2026-07-29 00:24:57,"ntc2_C",-10.3061529290219,1288731
8,2026-07-29 00:24:57,"testSB_C",-10.3896297305529,1290854
9,2026-07-29 00:24:57,"ntc1_C",-10.2388775138232,1284814
9,2026-07-29 00:24:57,"ntc2_C",-10.273465190599,1291168
9,2026-07-29 00:24:57,"testSB_C",-10.162289460179,1283218
10,2026-07-29 00:24:57,"ntc1_C",-10.1931195904799,1285341
10,2026-07-29 00:24:57,"ntc2_C",-10.2371372202768,1284443
10,2026-07-29 00:24:57,"testSB_C",-10.1144699216587,1278990
11,2026-07-29 00:24:57,"ntc1_C",-10.0203636963667,1276562
11,2026-07-29 00:24:57,"ntc2_C",-10.0599441403351,1278149
11,2026-07-29 00:24:57,"testSB_C",-10.0425951609881,1275487
12,2026-07-29 00:24:57,"ntc1_C",-10.0763985487338,1278457
12,2026-07-29 00:24:57,"ntc2_C",-10.0265788689858,1275147
12,2026-07-29 00:24:57,"testSB_C",-9.93508857902259,1270227
13,2026-07-29 00:24:57,"ntc1_C",-9.93153410401175,1274611
13,2026-07-29 00:24:57,"ntc2_C",-9.89805696659033,1266478
13,2026-07-29 00:24:57,"testSB_C",-9.80165137766278,1263535
14,2026-07-29 00:24:57,"ntc1_C",-9.80044879842882,1262141
14,2026-07-29 00:24:57,"ntc2_C",-9.81310398598578,1265835
14,2026-07-29 00:24:57,"testSB_C",-9.72385674100053,1261112
15,2026-07-29 00:24:57,"ntc1_C",-9.60360394089133,1251052
15,2026-07-29 00:24:57,"ntc2_C",-9.6002675425114,1255271
15,2026-07-29 00:24:57,"testSB_C",-9.59176993155143,1255080
16,2026-07-29 00:24:57,"ntc1_C",-9.46480845902857,1245371
16,2026-07-29 00:24:57,"ntc2_C",-9.36480223505697,1239589
16,2026-07-29 00:24:57,"testSB_C",-9.38371069263775,1240493
17,2026-07-29 00:24:57,"ntc1_C",-9.40153343742554,1242062
17,2026-07-29 00:24:57,"ntc2_C",-9.40455198454532,1241632
17,2026-07-29 00:24:57,"testSB_C",-9.29222631668694,1239750
18,2026-07-29 00:24:57,"ntc1_C",-9.2910406404834,1240151
18,2026-07-29 00:24:57,"ntc2_C",-9.27093490983162,1235973
18,2026-07-29 00:24:57,"testSB_C",-9.2277226594681,1233067
19,2026-07-29 00:24:57,"ntc1_C",-9.17114715966699,1233787
19,2026-07-29 00:24:57,"ntc2_C",-9.21254035435948,1234596
19,2026-07-29 00:24:57,"testSB_C",-9.19505869777089,1235427
20,2026-07-29 00:24:57,"ntc1_C",-9.18557170594909,1232383
20,2026-07-29 00:24:57,"ntc2_C",-9.18939719435161,1234624
20,2026-07-29 00:24:57,"testSB_C",-9.08283483648455,1225471
21,2026-07-29 00:24:57,"ntc1_C",-9.132245827058,1227322
21,2026-07-29 00:24:57,"ntc2_C",-9.11290877187753,1229385
21,2026-07-29 00:24:57,"testSB_C",-9.09049023692336,1228434
22,2026-07-29 00:24:57,"ntc1_C",-9.0418794744478,1226214
22,2026-07-29 00:24:57,"ntc2_C",-9.04716049053985,1227731
22,2026-07-29 00:24:57,"testSB_C",-9.03178058512879,1223611
23,2026-07-29 00:24:57,"ntc1_C",-9.01585865112656,1227360
23,2026-07-29 00:24:57,"ntc2_C",-9.00148099238857,1223621
23,2026-07-29 00:24:57,"testSB_C",-8.95647831046398,1219142
24,2026-07-29 00:24:57,"ntc1_C",-8.93046271867331,1220693
24,2026-07-29 00:24:57,"ntc2_C",-8.89553175331844,1220777
24,2026-07-29 00:24:57,"testSB_C",-8.88860343720177,1215880
1,2026-07-29 03:24:57,"ntc1_C",-15.7831327422389,1610110
1,2026-07-29 03:24:57,"testSB_C",-15.843246470728,1617401
2,2026-07-29 03:24:57,"ntc1_C",-15.8036785762415,1613889
2,2026-07-29 03:24:57,"ntc2_C",-15.795389365172,1612874
2,2026-07-29 03:24:57,"testSB_C",-15.7320330126554,1611700
3,2026-07-29 03:24:57,"ntc1_C",-15.699441158894,1609420
3,2026-07-29 03:24:57,"ntc2_C",-15.6843005406985,1607046
3,2026-07-29 03:24:57,"testSB_C",-15.6667116482027,1605068
4,2026-07-29 03:24:57,"ntc1_C",-15.6765061690992,1607305
4,2026-07-29 03:24:57,"ntc2_C",-15.6479206537365,1601582
4,2026-07-29 03:24:57,"testSB_C",-15.642950320035,1601531
5,2026-07-29 03:24:57,"ntc1_C",-15.6545380494668,1602779
5,2026-07-29 03:24:57,"ntc2_C",-15.6332584804569,1603222
5,2026-07-29 03:24:57,"testSB_C",-15.6368319133207,1604776
6,2026-07-29 03:24:57,"ntc1_C",-15.6356766925467,1602006
6,2026-07-29 03:24:57,"ntc2_C",-15.6179546143833,1603017
6,2026-07-29 03:24:57,"testSB_C",-15.6434579649579,1604897
7,2026-07-29 03:24:57,"ntc1_C",-15.5991404612339,1599924
7,2026-07-29 03:24:57,"ntc2_C",-15.5766995136726,1601154
7,2026-07-29 03:24:57,"testSB_C",-15.6190187705412,1603721
8,2026-07-29 03:24:57,"ntc1_C",-15.5687525487652,1603738
8,2026-07-29 03:24:57,"ntc2_C",-15.5865319603764,1598560
8,2026-07-29 03:24:57,"testSB_C",-15.5810147243141,1595403
9,2026-07-29 03:24:57,"ntc1_C",-15.5754431635279,1597277
9,2026-07-29 03:24:57,"ntc2_C",-15.5803500878089,1603428
9,2026-07-29 03:24:57,"testSB_C",-15.5571217844701,1599251
10,2026-07-29 03:24:57,"ntc1_C",-15.5758482360692,1600889
10,2026-07-29 03:24:57,"ntc2_C",-15.5463561637176,1595111
10,2026-07-29 03:24:57,"testSB_C",-15.5838985975265,1598807
11,2026-07-29 03:24:57,"ntc1_C",-15.579882252761,1601441
11,2026-07-29 03:24:57,"ntc2_C",-15.5606750936695,1599692
11,2026-07-29 03:24:57,"testSB_C",-15.5520177935059,1596909
12,2026-07-29 03:24:57,"ntc1_C",-15.5315425705613,1597032
12,2026-07-29 03:24:57,"ntc2_C",-15.5414025383145,1596795
12,2026-07-29 03:24:57,"testSB_C",-15.521584551703,1595406
13,2026-07-29 03:24:57,"ntc1_C",-15.5082309346181,1600161
13,2026-07-29 03:24:57,"ntc2_C",-15.5059559630424,1592172
13,2026-07-29 03:24:57,"testSB_C",-15.5134894450992,1595132
14,2026-07-29 03:24:57,"ntc1_C",-15.5010412448348,1592520
14,2026-07-29 03:24:57,"ntc2_C",-15.4899382433579,1595597
14,2026-07-29 03:24:57,"testSB_C",-15.5101468162422,1596835
15,2026-07-29 03:24:57,"ntc1_C",-15.4974008026296,1590977
15,2026-07-29 03:24:57,"ntc2_C",-15.4822778053619,1595773
15,2026-07-29 03:24:57,"testSB_C",-15.4785513997967,1595802
16,2026-07-29 03:24:57,"ntc1_C",-15.4725116963044,1591341
16,2026-07-29 03:24:57,"ntc2_C",-15.4876815717741,1591508
16,2026-07-29 03:24:57,"testSB_C",-15.4762970564062,1590721
17,2026-07-29 03:24:57,"ntc1_C",-15.488513850791,1592229
17,2026-07-29 03:24:57,"ntc2_C",-15.4653310763167,1589834
17,2026-07-29 03:24:57,"testSB_C",-15.4829981047739,1595903
18,2026-07-29 03:24:57,"ntc1_C",-15.4819078906228,1596292
18,2026-07-29 03:24:57,"ntc2_C",-15.4768925054917,1591763
18,2026-07-29 03:24:57,"testSB_C",-15.4962640895092,1592559
19,2026-07-29 03:24:57,"ntc1_C",-15.4660217045815,1595057
19,2026-07-29 03:24:57,"ntc2_C",-15.5042258406378,1595942
19,2026-07-29 03:24:57,"testSB_C",-15.4898970987541,1597243
20,2026-07-29 03:24:57,"ntc1_C",-15.4729037268629,1592886
20,2026-07-29 03:24:57,"ntc2_C",-15.499387353618,1597203
20,2026-07-29 03:24:57,"testSB_C",-15.4753242824102,1590691
21,2026-07-29 03:24:57,"ntc1_C",-15.4873959747522,1590337
21,2026-07-29 03:24:57,"ntc2_C",-15.4874290106965,1594530
21,2026-07-29 03:24:57,"testSB_C",-15.485878174854,1594714
22,2026-07-29 03:24:57,"ntc1_C",-15.4772584690039,1594412
22,2026-07-29 03:24:57,"ntc2_C",-15.4936418933185,1596910
22,2026-07-29 03:24:57,"testSB_C",-15.4881002059487,1592417
23,2026-07-29 03:24:57,"ntc1_C",-15.4946177638507,1598569
23,2026-07-29 03:24:57,"ntc2_C",-15.4814003508541,1593913
23,2026-07-29 03:24:57,"testSB_C",-15.5059830210677,1592173
24,2026-07-29 03:24:57,"ntc1_C",-15.4608697155127,1593437
24,2026-07-29 03:24:57,"ntc2_C",-15.4294024196846,1593671
24,2026-07-29 03:24:57,"testSB_C",-15.4154620039292,1586800
1,2026-07-29 06:24:57,"ntc1_C",-13.9192472307062,1492243
1,2026-07-29 06:24:57,"testSB_C",-14.0472864575901,1503221
2,2026-07-29 06:24:57,"ntc1_C",-14.2279879827346,1513463
2,2026-07-29 06:24:57,"ntc2_C",-14.2260132577506,1512907
2,2026-07-29 06:24:57,"testSB_C",-14.0595105235041,1505561
3,2026-07-29 06:24:57,"ntc1_C",-12.809703213492,1430561
3,2026-07-29 06:24:57,"ntc2_C",-13.1444255854123,1448919
3,2026-07-29 06:24:57,"testSB_C",-13.2063691857052,1451900
4,2026-07-29 06:24:57,"ntc1_C",-12.6677137660798,1421691
4,2026-07-29 06:24:57,"ntc2_C",-12.4447798845869,1405456
4,2026-07-29 06:24:57,"testSB_C",-13.289673386844,1455010
5,2026-07-29 06:24:57,"ntc1_C",-13.1413900836998,1446602
5,2026-07-29 06:24:57,"ntc2_C",-12.9411622723089,1436550
5,2026-07-29 06:24:57,"testSB_C",-13.1154828736518,1447985
6,2026-07-29 06:24:57,"ntc1_C",-13.1115107686121,1445402
6,2026-07-29 06:24:57,"ntc2_C",-12.8428342924045,1431478
6,2026-07-29 06:24:57,"testSB_C",-13.3941124270498,1464288
7,2026-07-29 06:24:57,"ntc1_C",-13.0136895455559,1439778
7,2026-07-29 06:24:57,"ntc2_C",-12.457698445215,1409850
7,2026-07-29 06:24:57,"testSB_C",-13.2383840653615,1455385
8,2026-07-29 06:24:57,"ntc1_C",-13.1751150511676,1454592
8,2026-07-29 06:24:57,"ntc2_C",-13.1654408387643,1448267
8,2026-07-29 06:24:57,"testSB_C",-12.4899671085065,1406408
9,2026-07-29 06:24:57,"ntc1_C",-13.2286713968339,1451533
9,2026-07-29 06:24:57,"ntc2_C",-12.9305385118241,1439135
9,2026-07-29 06:24:57,"testSB_C",-13.1518822821772,1449800
10,2026-07-29 06:24:57,"ntc1_C",-13.0560891695314,1444611
10,2026-07-29 06:24:57,"ntc2_C",-12.545159841306,1411328
10,2026-07-29 06:24:57,"testSB_C",-12.994496112652,1438555
11,2026-07-29 06:24:57,"ntc1_C",-13.2226306413048,1454726
11,2026-07-29 06:24:57,"ntc2_C",-12.8769347636202,1433866
11,2026-07-29 06:24:57,"testSB_C",-12.9028092162886,1433394
12,2026-07-29 06:24:57,"ntc1_C",-12.381620587558,1404542
12,2026-07-29 06:24:57,"ntc2_C",-12.6226616680609,1417636
12,2026-07-29 06:24:57,"testSB_C",-12.7593217303482,1425421
13,2026-07-29 06:24:57,"ntc1_C",-12.7902254593105,1432310
13,2026-07-29 06:24:57,"ntc2_C",-12.6994219916978,1419925
13,2026-07-29 06:24:57,"testSB_C",-12.8436413540369,1430568
14,2026-07-29 06:24:57,"ntc1_C",-12.8644151978824,1430208
14,2026-07-29 06:24:57,"ntc2_C",-12.5780919736371,1416992
14,2026-07-29 06:24:57,"testSB_C",-12.820778838998,1430992
15,2026-07-29 06:24:57,"ntc1_C",-12.9001934079112,1431135
15,2026-07-29 06:24:57,"ntc2_C",-12.436118669485,1409311
15,2026-07-29 06:24:57,"testSB_C",-12.19697832469,1395881
16,2026-07-29 06:24:57,"ntc1_C",-12.6984461506926,1421085
16,2026-07-29 06:24:57,"ntc2_C",-12.8849500254723,1431172
16,2026-07-29 06:24:57,"testSB_C",-12.7167365998016,1421326
17,2026-07-29 06:24:57,"ntc1_C",-12.6683295985333,1419217
17,2026-07-29 06:24:57,"ntc2_C",-12.6540496757034,1417655
17,2026-07-29 06:24:57,"testSB_C",-12.9930942869953,1441841
18,2026-07-29 06:24:57,"ntc1_C",-12.76895064154,1429178
18,2026-07-29 06:24:57,"ntc2_C",-12.4431804722639,1406648
18,2026-07-29 06:24:57,"testSB_C",-12.6655318889161,1418857
19,2026-07-29 06:24:57,"ntc1_C",-12.7661219262217,1428749
19,2026-07-29 06:24:57,"ntc2_C",-12.653083399939,1420729
19,2026-07-29 06:24:57,"testSB_C",-12.5457273175487,1416489
20,2026-07-29 06:24:57,"ntc1_C",-12.5814034389173,1415634
20,2026-07-29 06:24:57,"ntc2_C",-12.0100491470146,1385273
20,2026-07-29 06:24:57,"testSB_C",-12.4448974255182,1405714
21,2026-07-29 06:24:57,"ntc1_C",-12.6193390763975,1414877
21,2026-07-29 06:24:57,"ntc2_C",-12.0804928852733,1387653
21,2026-07-29 06:24:57,"testSB_C",-12.7130341089509,1424176
22,2026-07-29 06:24:57,"ntc1_C",-12.5548072768361,1415240
22,2026-07-29 06:24:57,"ntc2_C",-12.2009273892733,1396282
22,2026-07-29 06:24:57,"testSB_C",-12.4764726196574,1408315
23,2026-07-29 06:24:57,"ntc1_C",-12.145600234638,1394518
23,2026-07-29 06:24:57,"ntc2_C",-12.1380818280091,1390707
23,2026-07-29 06:24:57,"testSB_C",-12.5441486792797,1411176
24,2026-07-29 06:24:57,"ntc1_C",-12.5352631421392,1414179
24,2026-07-29 06:24:57,"ntc2_C",-12.1303338433845,1393029
24,2026-07-29 06:24:57,"testSB_C",-12.1214197821084,1387309
1,2026-07-29 09:24:57,"ntc1_C",-6.75181417880924,1113816
1,2026-07-29 09:24:57,"testSB_C",-6.89388515116923,1122803
2,2026-07-29 09:24:57,"ntc1_C",-7.23933982227834,1137932
2,2026-07-29 09:24:57,"ntc2_C",-7.19355664084941,1135516
2,2026-07-29 09:24:57,"testSB_C",-7.12252224672005,1134752
3,2026-07-29 09:24:57,"ntc1_C",-5.04521303218627,1042581
3,2026-07-29 09:24:57,"ntc2_C",-5.59494651197252,1065017
3,2026-07-29 09:24:57,"testSB_C",-5.91535974255635,1078626
4,2026-07-29 09:24:57,"ntc1_C",-5.0133731992504,1040688
4,2026-07-29 09:24:57,"ntc2_C",-4.86038902575405,1031850
4,2026-07-29 09:24:57,"testSB_C",-6.01178821497689,1081452
5,2026-07-29 09:24:57,"ntc1_C",-5.94097244843772,1078446
5,2026-07-29 09:24:57,"ntc2_C",-5.55409842753176,1063063
5,2026-07-29 09:24:57,"testSB_C",-5.92839394414636,1080198
6,2026-07-29 09:24:57,"ntc1_C",-5.98542407250306,1081104
6,2026-07-29 09:24:57,"ntc2_C",-5.36100639136362,1055162
6,2026-07-29 09:24:57,"testSB_C",-6.1583643999524,1090215
7,2026-07-29 09:24:57,"ntc1_C",-5.87507584381433,1076111
7,2026-07-29 09:24:57,"ntc2_C",-4.87477970499043,1035008
7,2026-07-29 09:24:57,"testSB_C",-6.14137225891682,1089736
8,2026-07-29 09:24:57,"ntc1_C",-6.08601536301796,1089392
8,2026-07-29 09:24:57,"ntc2_C",-6.04354376068932,1083245
8,2026-07-29 09:24:57,"testSB_C",-5.17368229457094,1043786
9,2026-07-29 09:24:57,"ntc1_C",-6.04310320905432,1082946
9,2026-07-29 09:24:57,"ntc2_C",-5.63149379380457,1068603
9,2026-07-29 09:24:57,"testSB_C",-5.9913029448702,1082612
10,2026-07-29 09:24:57,"ntc1_C",-6.04253934109744,1085399
10,2026-07-29 09:24:57,"ntc2_C",-5.26113938482183,1048807
10,2026-07-29 09:24:57,"testSB_C",-6.04076390582048,1083353
11,2026-07-29 09:24:57,"ntc1_C",-6.2435113979231,1094536
11,2026-07-29 09:24:57,"ntc2_C",-5.49264226198221,1061198
11,2026-07-29 09:24:57,"testSB_C",-5.80605132614022,1073341
12,2026-07-29 09:24:57,"ntc1_C",-4.91698636053138,1036266
12,2026-07-29 09:24:57,"ntc2_C",-5.46686597825385,1059062
12,2026-07-29 09:24:57,"testSB_C",-5.75264063345139,1071239
13,2026-07-29 09:24:57,"ntc1_C",-5.66734926630807,1071393
13,2026-07-29 09:24:57,"ntc2_C",-5.34464080349721,1052053
13,2026-07-29 09:24:57,"testSB_C",-5.80694687327963,1073764
14,2026-07-29 09:24:57,"ntc1_C",-5.77327397758279,1071238
14,2026-07-29 09:24:57,"ntc2_C",-5.34930520775026,1055483
14,2026-07-29 09:24:57,"testSB_C",-5.6523890977968,1068410
15,2026-07-29 09:24:57,"ntc1_C",-5.87195051129612,1074709
15,2026-07-29 09:24:57,"ntc2_C",-5.21804117021304,1050101
15,2026-07-29 09:24:57,"testSB_C",-5.0704758761533,1044031
16,2026-07-29 09:24:57,"ntc1_C",-5.91789874345244,1077816
16,2026-07-29 09:24:57,"ntc2_C",-5.77861111868413,1071081
16,2026-07-29 09:24:57,"testSB_C",-5.78291202050457,1071214
17,2026-07-29 09:24:57,"ntc1_C",-5.72716057031943,1069407
17,2026-07-29 09:24:57,"ntc2_C",-5.66712171810963,1066358
17,2026-07-29 09:24:57,"testSB_C",-6.07638998472743,1087545
18,2026-07-29 09:24:57,"ntc1_C",-5.8572678476466,1078350
18,2026-07-29 09:24:57,"ntc2_C",-5.43214445436303,1057249
18,2026-07-29 09:24:57,"testSB_C",-5.75640389286451,1070448
19,2026-07-29 09:24:57,"ntc1_C",-5.87186423904109,1078647
19,2026-07-29 09:24:57,"ntc2_C",-5.70123108848748,1070066
19,2026-07-29 09:24:57,"testSB_C",-5.62067262333386,1068039
20,2026-07-29 09:24:57,"ntc1_C",-5.73979435495681,1070975
20,2026-07-29 09:24:57,"ntc2_C",-4.9052047190242,1036994
20,2026-07-29 09:24:57,"testSB_C",-5.43957350856823,1056506
21,2026-07-29 09:24:57,"ntc1_C",-5.77691039318916,1070676
21,2026-07-29 09:24:57,"ntc2_C",-4.93757780522355,1037228
21,2026-07-29 09:24:57,"testSB_C",-6.07095617014664,1086251
22,2026-07-29 09:24:57,"ntc1_C",-5.80311287507436,1074689
22,2026-07-29 09:24:57,"ntc2_C",-5.08831255784276,1045080
22,2026-07-29 09:24:57,"testSB_C",-5.89908367039101,1077049
23,2026-07-29 09:24:57,"ntc1_C",-5.53357730613868,1065135
23,2026-07-29 09:24:57,"ntc2_C",-5.21309366786977,1048744
23,2026-07-29 09:24:57,"testSB_C",-5.80947398422558,1072613
24,2026-07-29 09:24:57,"ntc1_C",-5.83300176797025,1076003
24,2026-07-29 09:24:57,"ntc2_C",-5.34881293560568,1056646
24,2026-07-29 09:24:57,"testSB_C",-5.73010287546009,1069169
1,2026-07-29 12:24:57,"ntc1_C",-1.49760423312489,900066
1,2026-07-29 12:24:57,"testSB_C",-1.5343323222441,903533
2,2026-07-29 12:24:57,"ntc1_C",-1.72179421069859,909673
2,2026-07-29 12:24:57,"ntc2_C",-1.66475070063564,907367
2,2026-07-29 12:24:57,"testSB_C",-1.47811364310746,902765
3,2026-07-29 12:24:57,"ntc1_C",0.724254041894312,825854
3,2026-07-29 12:24:57,"ntc2_C",0.0844937329390518,846396
3,2026-07-29 12:24:57,"testSB_C",-0.228453050617588,856953
4,2026-07-29 12:24:57,"ntc1_C",0.259006462732714,840948
4,2026-07-29 12:24:57,"ntc2_C",0.314103587748718,837201
4,2026-07-29 12:24:57,"testSB_C",-0.361212452525137,860409
5,2026-07-29 12:24:57,"ntc1_C",-0.452278651009578,863539
5,2026-07-29 12:24:57,"ntc2_C",-0.111377090904227,853040
5,2026-07-29 12:24:57,"testSB_C",-0.178419249660408,855974
6,2026-07-29 12:24:57,"ntc1_C",-0.519626419584199,866605
6,2026-07-29 12:24:57,"ntc2_C",-0.0768218350904704,852108
6,2026-07-29 12:24:57,"testSB_C",-0.475876325855495,866194
7,2026-07-29 12:24:57,"ntc1_C",-0.279359244738828,858007
7,2026-07-29 12:24:57,"ntc2_C",0.235012964339887,841870
7,2026-07-29 12:24:57,"testSB_C",-0.395498004978265,863636
8,2026-07-29 12:24:57,"ntc1_C",-0.495030363818728,868700
8,2026-07-29 12:24:57,"ntc2_C",-0.420970607157642,862778
8,2026-07-29 12:24:57,"testSB_C",0.161372991887902,841329
9,2026-07-29 12:24:57,"ntc1_C",-0.548632783369214,867044
9,2026-07-29 12:24:57,"ntc2_C",-0.0542986648866872,852716
9,2026-07-29 12:24:57,"testSB_C",-0.515665928607802,867349
10,2026-07-29 12:24:57,"ntc1_C",-0.452519940581965,865656
10,2026-07-29 12:24:57,"ntc2_C",0.052378650622984,846067
10,2026-07-29 12:24:57,"testSB_C",-0.491627284219192,865372
11,2026-07-29 12:24:57,"ntc1_C",-0.718489219452238,875188
11,2026-07-29 12:24:57,"ntc2_C",-0.0888657690894661,852894
11,2026-07-29 12:24:57,"testSB_C",-0.425790138463924,863393
12,2026-07-29 12:24:57,"ntc1_C",0.148712945820478,844461
12,2026-07-29 12:24:57,"ntc2_C",-0.0643865657859806,851238
12,2026-07-29 12:24:57,"testSB_C",-0.401629461339724,862673
13,2026-07-29 12:24:57,"ntc1_C",-0.363702508984261,864451
13,2026-07-29 12:24:57,"ntc2_C",0.147672340614236,842496
13,2026-07-29 12:24:57,"testSB_C",-0.248777915530923,857460
14,2026-07-29 12:24:57,"ntc1_C",-0.27805411705225,857716
14,2026-07-29 12:24:57,"ntc2_C",0.0700992929487256,847816
14,2026-07-29 12:24:57,"testSB_C",-0.300122326227893,860376
15,2026-07-29 12:24:57,"ntc1_C",-0.398105896927405,861237
15,2026-07-29 12:24:57,"ntc2_C",0.0186840678314297,849687
15,2026-07-29 12:24:57,"testSB_C",0.0453229028354372,848932
16,2026-07-29 12:24:57,"ntc1_C",-0.574378128918624,868132
16,2026-07-29 12:24:57,"ntc2_C",-0.228014383245068,855557
16,2026-07-29 12:24:57,"testSB_C",-0.423121945033927,862250
17,2026-07-29 12:24:57,"ntc1_C",-0.261329661643003,857177
17,2026-07-29 12:24:57,"ntc2_C",-0.235855614355614,856007
17,2026-07-29 12:24:57,"testSB_C",-0.535084600653533,868971
18,2026-07-29 12:24:57,"ntc1_C",-0.301137230385393,861248
18,2026-07-29 12:24:57,"ntc2_C",-0.227798443539712,856665
18,2026-07-29 12:24:57,"testSB_C",-0.393090769164701,861508
19,2026-07-29 12:24:57,"ntc1_C",-0.404294314588753,864480
19,2026-07-29 12:24:57,"ntc2_C",-0.346600941553447,861547
19,2026-07-29 12:24:57,"testSB_C",-0.201679257448632,857712
20,2026-07-29 12:24:57,"ntc1_C",-0.31628715784467,859847
20,2026-07-29 12:24:57,"ntc2_C",0.181371459367767,844216
20,2026-07-29 12:24:57,"testSB_C",0.0150763404478198,847333
21,2026-07-29 12:24:57,"ntc1_C",-0.352613242277471,859798
21,2026-07-29 12:24:57,"ntc2_C",0.0689746934955338,847170
21,2026-07-29 12:24:57,"testSB_C",-0.616800843677197,870973
22,2026-07-29 12:24:57,"ntc1_C",-0.434114672866201,864796
22,2026-07-29 12:24:57,"ntc2_C",0.217269283430539,843470
22,2026-07-29 12:24:57,"testSB_C",-0.59852135350792,869082
23,2026-07-29 12:24:57,"ntc1_C",-0.412403306107194,865795
23,2026-07-29 12:24:57,"ntc2_C",0.0418958649562455,847996
23,2026-07-29 12:24:57,"testSB_C",-0.432658062677888,863007
24,2026-07-29 12:24:57,"ntc1_C",-0.359477167281511,862140
24,2026-07-29 12:24:57,"ntc2_C",-0.125998202353742,855428
24,2026-07-29 12:24:57,"testSB_C",-0.458717601212925,863804
1,2026-07-29 15:24:57,"ntc1_C",1.78904303837675,788645
1,2026-07-29 15:24:57,"testSB_C",1.68103121185925,793988
2,2026-07-29 15:24:57,"ntc1_C",1.62800751057796,794973
2,2026-07-29 15:24:57,"ntc2_C",2.00568141792877,782868
2,2026-07-29 15:24:57,"testSB_C",1.84683553557181,789898
3,2026-07-29 15:24:57,"ntc1_C",2.99190718608543,754179
3,2026-07-29 15:24:57,"ntc2_C",2.85597252570017,757385
3,2026-07-29 15:24:57,"testSB_C",3.04182132281966,751699
4,2026-07-29 15:24:57,"ntc1_C",2.89060288852909,756782
4,2026-07-29 15:24:57,"ntc2_C",2.94055084304858,753605
4,2026-07-29 15:24:57,"testSB_C",2.96534536157998,753005
5,2026-07-29 15:24:57,"ntc1_C",2.89101198450072,755156
5,2026-07-29 15:24:57,"ntc2_C",2.80331393915498,758993
5,2026-07-29 15:24:57,"testSB_C",3.04633292006412,752199
6,2026-07-29 15:24:57,"ntc1_C",2.73262491926619,760657
6,2026-07-29 15:24:57,"ntc2_C",2.76466170575469,760352
6,2026-07-29 15:24:57,"testSB_C",2.8995627021888,756539
7,2026-07-29 15:24:57,"ntc1_C",2.99547909426349,752427
7,2026-07-29 15:24:57,"ntc2_C",2.77578036647111,760357
7,2026-07-29 15:24:57,"testSB_C",2.80473994188679,759642
8,2026-07-29 15:24:57,"ntc1_C",2.79101892903367,761419
8,2026-07-29 15:24:57,"ntc2_C",2.97969571436761,752842
8,2026-07-29 15:24:57,"testSB_C",2.84802473100933,755485
9,2026-07-29 15:24:57,"ntc1_C",2.87148252096324,755968
9,2026-07-29 15:24:57,"ntc2_C",3.05298769782223,752858
9,2026-07-29 15:24:57,"testSB_C",2.87216450074936,757159
10,2026-07-29 15:24:57,"ntc1_C",2.9032286459809,756700
10,2026-07-29 15:24:57,"ntc2_C",2.85312111428811,756254
10,2026-07-29 15:24:57,"testSB_C",2.78558407195624,758776
11,2026-07-29 15:24:57,"ntc1_C",2.77743287355571,760708
11,2026-07-29 15:24:57,"ntc2_C",2.96983742495433,754517
11,2026-07-29 15:24:57,"testSB_C",2.92820235118137,754796
12,2026-07-29 15:24:57,"ntc1_C",2.87196981813958,757177
12,2026-07-29 15:24:57,"ntc2_C",2.98386070236,753367
12,2026-07-29 15:24:57,"testSB_C",2.84626010837871,757331
13,2026-07-29 15:24:57,"ntc1_C",2.85966808484142,759610
13,2026-07-29 15:24:57,"ntc2_C",3.19108907298585,745768
13,2026-07-29 15:24:57,"testSB_C",3.01979892628685,752128
14,2026-07-29 15:24:57,"ntc1_C",3.12959026829691,748232
14,2026-07-29 15:24:57,"ntc2_C",3.00706339504995,753694
14,2026-07-29 15:24:57,"testSB_C",2.90199903438526,756705
15,2026-07-29 15:24:57,"ntc1_C",2.88487763524682,755044
15,2026-07-29 15:24:57,"ntc2_C",2.92260788022293,756315
15,2026-07-29 15:24:57,"testSB_C",2.83314353872834,759150
16,2026-07-29 15:24:57,"ntc1_C",2.74437532657498,759892
16,2026-07-29 15:24:57,"ntc2_C",3.04853279819059,750220
16,2026-07-29 15:24:57,"testSB_C",2.90364287843215,754520
17,2026-07-29 15:24:57,"ntc1_C",3.06457295291676,750147
17,2026-07-29 15:24:57,"ntc2_C",2.95168666637647,753310
17,2026-07-29 15:24:57,"testSB_C",2.90785381602376,756858
18,2026-07-29 15:24:57,"ntc1_C",2.98403267009076,754964
18,2026-07-29 15:24:57,"ntc2_C",2.66210058881785,762965
18,2026-07-29 15:24:57,"testSB_C",2.84114446683424,756655
19,2026-07-29 15:24:57,"ntc1_C",2.91137582861063,756815
19,2026-07-29 15:24:57,"ntc2_C",2.78189008061014,759913
19,2026-07-29 15:24:57,"testSB_C",2.90454325285333,757239
20,2026-07-29 15:24:57,"ntc1_C",3.04679370316603,751329
20,2026-07-29 15:24:57,"ntc2_C",2.89967984095159,757036
20,2026-07-29 15:24:57,"testSB_C",3.26240277989746,743950
21,2026-07-29 15:24:57,"ntc1_C",3.01442070658214,751295
21,2026-07-29 15:24:57,"ntc2_C",2.75803595690462,760579
21,2026-07-29 15:24:57,"testSB_C",2.74215383016519,761139
22,2026-07-29 15:24:57,"ntc1_C",2.99032557112827,753849
22,2026-07-29 15:24:57,"ntc2_C",3.05199017986547,752985
22,2026-07-29 15:24:57,"testSB_C",2.67914120683849,762024
23,2026-07-29 15:24:57,"ntc1_C",2.64245661200573,765928
23,2026-07-29 15:24:57,"ntc2_C",2.96000616380314,754404
23,2026-07-29 15:24:57,"testSB_C",2.78381973241522,758652
24,2026-07-29 15:24:57,"ntc1_C",3.02400009050109,752724
24,2026-07-29 15:24:57,"ntc2_C",2.8073812426569,760497
24,2026-07-29 15:24:57,"testSB_C",2.82421683674846,757257
1,2026-07-29 18:24:57,"ntc1_C",0.607669824794357,826912
1,2026-07-29 18:24:57,"testSB_C",0.433339366196662,834726
2,2026-07-29 18:24:57,"ntc1_C",0.706215204637999,824924
2,2026-07-29 18:24:57,"ntc2_C",1.16483675231933,809697
2,2026-07-29 18:24:57,"testSB_C",0.638151893482529,829095
3,2026-07-29 18:24:57,"ntc1_C",1.69388474592051,794358
3,2026-07-29 18:24:57,"ntc2_C",1.78611497886106,790507
3,2026-07-29 18:24:57,"testSB_C",2.23834391910776,776218
4,2026-07-29 18:24:57,"ntc1_C",1.74587660278672,792238
4,2026-07-29 18:24:57,"ntc2_C",1.79952537103287,788777
4,2026-07-29 18:24:57,"testSB_C",2.23713169983216,775234
5,2026-07-29 18:24:57,"ntc1_C",2.17696583781196,777026
5,2026-07-29 18:24:57,"ntc2_C",1.8287933001406,789148
5,2026-07-29 18:24:57,"testSB_C",2.19318718477405,778283
6,2026-07-29 18:24:57,"ntc1_C",2.02266615427675,782551
6,2026-07-29 18:24:57,"ntc2_C",1.77192949587493,791155
6,2026-07-29 18:24:57,"testSB_C",2.15745561034629,779315
7,2026-07-29 18:24:57,"ntc1_C",2.26574868042007,774695
7,2026-07-29 18:24:57,"ntc2_C",1.65779823466471,795140
7,2026-07-29 18:24:57,"testSB_C",2.10113365332131,781307
8,2026-07-29 18:24:57,"ntc1_C",2.09898811062857,782781
8,2026-07-29 18:24:57,"ntc2_C",2.31419677295719,773121
8,2026-07-29 18:24:57,"testSB_C",1.83823091711355,786603
9,2026-07-29 18:24:57,"ntc1_C",2.27524663229804,774186
9,2026-07-29 18:24:57,"ntc2_C",2.14954016405881,780541
9,2026-07-29 18:24:57,"testSB_C",2.1996097061388,777787
10,2026-07-29 18:24:57,"ntc1_C",2.25589682735693,776524
10,2026-07-29 18:24:57,"ntc2_C",1.83294226971577,787735
10,2026-07-29 18:24:57,"testSB_C",1.99488405685594,783150
11,2026-07-29 18:24:57,"ntc1_C",2.1864289020881,778885
11,2026-07-29 18:24:57,"ntc2_C",2.04851263561488,782813
11,2026-07-29 18:24:57,"testSB_C",2.28253827710569,774514
12,2026-07-29 18:24:57,"ntc1_C",1.77220550493666,791213
12,2026-07-29 18:24:57,"ntc2_C",2.10728686097229,780223
12,2026-07-29 18:24:57,"testSB_C",2.0536852334983,781710
13,2026-07-29 18:24:57,"ntc1_C",2.13102808560365,782068
13,2026-07-29 18:24:57,"ntc2_C",2.19800439658331,775964
13,2026-07-29 18:24:57,"testSB_C",2.26872522531448,775052
14,2026-07-29 18:24:57,"ntc1_C",2.48312469223629,767801
14,2026-07-29 18:24:57,"ntc2_C",2.01229526707698,784266
14,2026-07-29 18:24:57,"testSB_C",2.18751911748279,778628
15,2026-07-29 18:24:57,"ntc1_C",2.1671922696367,777009
15,2026-07-29 18:24:57,"ntc2_C",2.0332232340067,783696
15,2026-07-29 18:24:57,"testSB_C",1.87261169714725,788889
16,2026-07-29 18:24:57,"ntc1_C",2.18608098086969,777048
16,2026-07-29 18:24:57,"ntc2_C",2.23796798963753,774927
16,2026-07-29 18:24:57,"testSB_C",2.25657412348818,774296
17,2026-07-29 18:24:57,"ntc1_C",2.3725042134929,771188
17,2026-07-29 18:24:57,"ntc2_C",2.25018408123833,774732
17,2026-07-29 18:24:57,"testSB_C",2.32123394920126,774819
18,2026-07-29 18:24:57,"ntc1_C",2.35201581398934,774275
18,2026-07-29 18:24:57,"ntc2_C",1.83501001383547,788617
18,2026-07-29 18:24:57,"testSB_C",2.19725906293803,776395
19,2026-07-29 18:24:57,"ntc1_C",2.29029155288316,775844
19,2026-07-29 18:24:57,"ntc2_C",2.00052397873748,784044
19,2026-07-29 18:24:57,"testSB_C",2.14126528748909,780711
20,2026-07-29 18:24:57,"ntc1_C",2.50718246387572,767712
20,2026-07-29 18:24:57,"ntc2_C",1.9095742436553,787629
20,2026-07-29 18:24:57,"testSB_C",2.56695376444026,764904
21,2026-07-29 18:24:57,"ntc1_C",2.46052363449076,768094
21,2026-07-29 18:24:57,"ntc2_C",1.82681429649199,789451
21,2026-07-29 18:24:57,"testSB_C",2.17811653899417,778503
22,2026-07-29 18:24:57,"ntc1_C",2.52858221159454,767882
22,2026-07-29 18:24:57,"ntc2_C",2.10185017041789,782105
22,2026-07-29 18:24:57,"testSB_C",2.18223309293637,777309
23,2026-07-29 18:24:57,"ntc1_C",2.04307805845974,784513
23,2026-07-29 18:24:57,"ntc2_C",2.12008008545638,780162
23,2026-07-29 18:24:57,"testSB_C",2.10675447589665,779447
24,2026-07-29 18:24:57,"ntc1_C",2.47073215195849,769556
24,2026-07-29 18:24:57,"ntc2_C",2.10748524089308,782083
24,2026-07-29 18:24:57,"testSB_C",2.42277833711086,769501
1,2026-07-29 21:24:57,"ntc1_C",-5.70575694589132,1067404
1,2026-07-29 21:24:57,"testSB_C",-5.76763010653457,1072530
2,2026-07-29 21:24:57,"ntc1_C",-5.55393294118539,1062503
2,2026-07-29 21:24:57,"ntc2_C",-5.35570507998892,1053711
2,2026-07-29 21:24:57,"testSB_C",-5.61299988899037,1067220
3,2026-07-29 21:24:57,"ntc1_C",-4.63558937804993,1025391
3,2026-07-29 21:24:57,"ntc2_C",-4.7021362515265,1027083
3,2026-07-29 21:24:57,"testSB_C",-4.42962549816258,1015484
4,2026-07-29 21:24:57,"ntc1_C",-4.65066310995502,1025476
4,2026-07-29 21:24:57,"ntc2_C",-4.65487317322447,1023280
4,2026-07-29 21:24:57,"testSB_C",-4.38594820154191,1012361
5,2026-07-29 21:24:57,"ntc1_C",-4.42182524582279,1013896
5,2026-07-29 21:24:57,"ntc2_C",-4.59703277280539,1022548
5,2026-07-29 21:24:57,"testSB_C",-4.4349344411213,1016628
6,2026-07-29 21:24:57,"ntc1_C",-4.43167969581594,1015018
6,2026-07-29 21:24:57,"ntc2_C",-4.62580973185163,1024124
6,2026-07-29 21:24:57,"testSB_C",-4.41414606281722,1015657
7,2026-07-29 21:24:57,"ntc1_C",-4.23476769640456,1006752
7,2026-07-29 21:24:57,"ntc2_C",-4.59992280046663,1023523
7,2026-07-29 21:24:57,"testSB_C",-4.26792067050843,1009911
8,2026-07-29 21:24:57,"ntc1_C",-4.3086712364792,1013510
8,2026-07-29 21:24:57,"ntc2_C",-4.20555897918535,1005339
8,2026-07-29 21:24:57,"testSB_C",-4.40735678485987,1011821
9,2026-07-29 21:24:57,"ntc1_C",-4.20791431998902,1005193
9,2026-07-29 21:24:57,"ntc2_C",-4.32624633375809,1013423
9,2026-07-29 21:24:57,"testSB_C",-4.23357919950746,1008012
10,2026-07-29 21:24:57,"ntc1_C",-4.20006012745642,1007170
10,2026-07-29 21:24:57,"ntc2_C",-4.44337941823028,1014564
10,2026-07-29 21:24:57,"testSB_C",-4.31764658341001,1010121
11,2026-07-29 21:24:57,"ntc1_C",-4.22998903098227,1008618
11,2026-07-29 21:24:57,"ntc2_C",-4.31011407440991,1011464
11,2026-07-29 21:24:57,"testSB_C",-4.12823283340697,1002680
12,2026-07-29 21:24:57,"ntc1_C",-4.42873370279563,1015940
12,2026-07-29 21:24:57,"ntc2_C",-4.23777918407984,1007530
12,2026-07-29 21:24:57,"testSB_C",-4.28522075299855,1009276
13,2026-07-29 21:24:57,"ntc1_C",-4.20399154337917,1009594
13,2026-07-29 21:24:57,"ntc2_C",-4.25509211372923,1006526
13,2026-07-29 21:24:57,"testSB_C",-4.13479458356136,1003273
14,2026-07-29 21:24:57,"ntc1_C",-4.02950900364351,998046
14,2026-07-29 21:24:57,"ntc2_C",-4.30308713312439,1011607
14,2026-07-29 21:24:57,"testSB_C",-4.12131940608162,1004025
15,2026-07-29 21:24:57,"ntc1_C",-4.17042417306652,1002997
15,2026-07-29 21:24:57,"ntc2_C",-4.16471034265322,1006149
15,2026-07-29 21:24:57,"testSB_C",-4.24742886304892,1009728
16,2026-07-29 21:24:57,"ntc1_C",-4.03084646235618,998308
16,2026-07-29 21:24:57,"ntc2_C",-4.15287663503506,1002641
16,2026-07-29 21:24:57,"testSB_C",-4.07463004953019,999409
17,2026-07-29 21:24:57,"ntc1_C",-4.04886549367586,998958
17,2026-07-29 21:24:57,"ntc2_C",-4.09800061319936,1000558
17,2026-07-29 21:24:57,"testSB_C",-4.05392999511696,1001793
18,2026-07-29 21:24:57,"ntc1_C",-4.0117722241605,1000526
18,2026-07-29 21:24:57,"ntc2_C",-4.2224761335342,1006623
18,2026-07-29 21:24:57,"testSB_C",-4.06305164902722,999300
19,2026-07-29 21:24:57,"ntc1_C",-4.01842586838222,1000446
19,2026-07-29 21:24:57,"ntc2_C",-4.19916243885092,1006741
19,2026-07-29 21:24:57,"testSB_C",-4.0941586079116,1003843
20,2026-07-29 21:24:57,"ntc1_C",-3.83925683956608,991428
20,2026-07-29 21:24:57,"ntc2_C",-4.17935253037058,1006886
20,2026-07-29 21:24:57,"testSB_C",-3.82491024022568,989488
21,2026-07-29 21:24:57,"ntc1_C",-3.86715805633287,990867
21,2026-07-29 21:24:57,"ntc2_C",-4.18385297423708,1005982
21,2026-07-29 21:24:57,"testSB_C",-4.01707516160712,999315
22,2026-07-29 21:24:57,"ntc1_C",-3.78941846061048,990338
22,2026-07-29 21:24:57,"ntc2_C",-4.08345615915266,1003345
22,2026-07-29 21:24:57,"testSB_C",-3.91422140284561,993670
23,2026-07-29 21:24:57,"ntc1_C",-3.96161562886255,999303
23,2026-07-29 21:24:57,"ntc2_C",-4.05155655510333,1000456
23,2026-07-29 21:24:57,"testSB_C",-4.04072558691615,998346
24,2026-07-29 21:24:57,"ntc1_C",-3.84843046075247,992694
24,2026-07-29 21:24:57,"ntc2_C",-3.95434100004627,998506
24,2026-07-29 21:24:57,"testSB_C",-3.7648759158202,987215
1,2026-07-30 00:24:57,"ntc1_C",-11.6823371449217,1361982
1,2026-07-30 00:24:57,"testSB_C",-11.6434659291213,1362752
2,2026-07-30 00:24:57,"ntc1_C",-11.5272430993712,1355469
2,2026-07-30 00:24:57,"ntc2_C",-11.4731875718813,1352105
2,2026-07-30 00:24:57,"testSB_C",-11.438291553983,1352935
3,2026-07-30 00:24:57,"ntc1_C",-11.5011468825073,1356179
3,2026-07-30 00:24:57,"ntc2_C",-11.4082398389763,1349784
3,2026-07-30 00:24:57,"testSB_C",-11.3306443619854,1344925
4,2026-07-30 00:24:57,"ntc1_C",-11.3616079923399,1347879
4,2026-07-30 00:24:57,"ntc2_C",-11.3402739581667,1343507
4,2026-07-30 00:24:57,"testSB_C",-11.219193316291,1337118
5,2026-07-30 00:24:57,"ntc1_C",-11.2257533830168,1337762
5,2026-07-30 00:24:57,"ntc2_C",-11.2114606532069,1338639
5,2026-07-30 00:24:57,"testSB_C",-11.1676629289439,1337328
6,2026-07-30 00:24:57,"ntc1_C",-11.1676328798249,1335213
6,2026-07-30 00:24:57,"ntc2_C",-11.1881535026011,1337981
6,2026-07-30 00:24:57,"testSB_C",-11.1361388960856,1335403
7,2026-07-30 00:24:57,"ntc1_C",-11.1169360985857,1332487
7,2026-07-30 00:24:57,"ntc2_C",-11.1658110616094,1337415
7,2026-07-30 00:24:57,"testSB_C",-11.0928832455184,1333381
8,2026-07-30 00:24:57,"ntc1_C",-11.0834490274897,1335551
8,2026-07-30 00:24:57,"ntc2_C",-11.0798443957996,1330076
8,2026-07-30 00:24:57,"testSB_C",-11.1139625924343,1329587
9,2026-07-30 00:24:57,"ntc1_C",-11.074960135686,1329403
9,2026-07-30 00:24:57,"ntc2_C",-11.0869726734746,1334775
9,2026-07-30 00:24:57,"testSB_C",-11.0810929170748,1332264
10,2026-07-30 00:24:57,"ntc1_C",-11.0687403811391,1332090
10,2026-07-30 00:24:57,"ntc2_C",-11.0770114436245,1329234
10,2026-07-30 00:24:57,"testSB_C",-11.0782902119743,1330310
11,2026-07-30 00:24:57,"ntc1_C",-11.0682312931276,1332315
11,2026-07-30 00:24:57,"ntc2_C",-11.0708419145798,1331976
11,2026-07-30 00:24:57,"testSB_C",-11.0618029108381,1329648
12,2026-07-30 00:24:57,"ntc1_C",-11.0910207499227,1332489
12,2026-07-30 00:24:57,"ntc2_C",-11.0484353835799,1329433
12,2026-07-30 00:24:57,"testSB_C",-11.0465454202372,1329170
13,2026-07-30 00:24:57,"ntc1_C",-11.0507876265216,1334168
13,2026-07-30 00:24:57,"ntc2_C",-11.0320250229568,1326479
13,2026-07-30 00:24:57,"testSB_C",-11.0092681741562,1327366
14,2026-07-30 00:24:57,"ntc1_C",-10.991644744538,1324989
14,2026-07-30 00:24:57,"ntc2_C",-10.9920526509324,1328200
14,2026-07-30 00:24:57,"testSB_C",-10.9841965075956,1327660
15,2026-07-30 00:24:57,"ntc1_C",-10.9585960642824,1322141
15,2026-07-30 00:24:57,"ntc2_C",-10.9606570529821,1326933
15,2026-07-30 00:24:57,"testSB_C",-10.9602786545803,1327166
16,2026-07-30 00:24:57,"ntc1_C",-10.9352329142262,1322392
16,2026-07-30 00:24:57,"ntc2_C",-10.9311528263441,1321433
16,2026-07-30 00:24:57,"testSB_C",-10.923067877158,1320945
17,2026-07-30 00:24:57,"ntc1_C",-10.9188359281094,1321399
17,2026-07-30 00:24:57,"ntc2_C",-10.915257125444,1320556
17,2026-07-30 00:24:57,"testSB_C",-10.8989866689986,1323742
18,2026-07-30 00:24:57,"ntc1_C",-10.8985763336217,1324183
18,2026-07-30 00:24:57,"ntc2_C",-10.8864540539241,1320119
18,2026-07-30 00:24:57,"testSB_C",-10.8837049379878,1319295
19,2026-07-30 00:24:57,"ntc1_C",-10.8733250578398,1322524
19,2026-07-30 00:24:57,"ntc2_C",-10.8706788490882,1321027
19,2026-07-30 00:24:57,"testSB_C",-10.8639172274889,1322499
20,2026-07-30 00:24:57,"ntc1_C",-10.8573570879256,1319410
20,2026-07-30 00:24:57,"ntc2_C",-10.888302604033,1323264
20,2026-07-30 00:24:57,"testSB_C",-10.8483624183019,1317018
21,2026-07-30 00:24:57,"ntc1_C",-10.8316595158055,1315378
21,2026-07-30 00:24:57,"ntc2_C",-10.8495131233183,1319654
21,2026-07-30 00:24:57,"testSB_C",-10.7940923191609,1316871
22,2026-07-30 00:24:57,"ntc1_C",-10.7893211548224,1316836
22,2026-07-30 00:24:57,"ntc2_C",-10.8041303860709,1318932
22,2026-07-30 00:24:57,"testSB_C",-10.7528454774092,1312628
23,2026-07-30 00:24:57,"ntc1_C",-10.7586944698049,1317789
23,2026-07-30 00:24:57,"ntc2_C",-10.763249471627,1314813
23,2026-07-30 00:24:57,"testSB_C",-10.7276016714667,1310417
24,2026-07-30 00:24:57,"ntc1_C",-10.6938911234078,1311770
24,2026-07-30 00:24:57,"ntc2_C",-10.6935648614684,1313690
24,2026-07-30 00:24:57,"testSB_C",-10.659162228224,1306942
1,2026-07-30 03:24:57,"ntc1_C",-13.3893081094236,1460308
1,2026-07-30 03:24:57,"testSB_C",-13.3554084267007,1461380
2,2026-07-30 03:24:57,"ntc1_C",-13.2519124350753,1454359
2,2026-07-30 03:24:57,"ntc2_C",-13.2214906597318,1452142
2,2026-07-30 03:24:57,"testSB_C",-13.1753495684017,1452259
3,2026-07-30 03:24:57,"ntc1_C",-13.2084571577431,1454024
3,2026-07-30 03:24:57,"ntc2_C",-13.1370177234551,1448481
3,2026-07-30 03:24:57,"testSB_C",-13.088207337322,1444918
4,2026-07-30 03:24:57,"ntc1_C",-13.1063692695866,1447373
4,2026-07-30 03:24:57,"ntc2_C",-13.1013241698216,1443621
4,2026-07-30 03:24:57,"testSB_C",-13.0315009160269,1439763
5,2026-07-30 03:24:57,"ntc1_C",-13.039889909413,1440620
5,2026-07-30 03:24:57,"ntc2_C",-13.0242199634106,1441427
5,2026-07-30 03:24:57,"testSB_C",-12.9815572803035,1440093
6,2026-07-30 03:24:57,"ntc1_C",-12.976249682279,1437450
6,2026-07-30 03:24:57,"ntc2_C",-12.989334838058,1440063
6,2026-07-30 03:24:57,"testSB_C",-12.9472868984304,1437837
7,2026-07-30 03:24:57,"ntc1_C",-12.92119892808,1434352
7,2026-07-30 03:24:57,"ntc2_C",-12.9538491078505,1438697
7,2026-07-30 03:24:57,"testSB_C",-12.8889978399519,1434785
8,2026-07-30 03:24:57,"ntc1_C",-12.8692361410497,1436546
8,2026-07-30 03:24:57,"ntc2_C",-12.8505610812023,1429774
8,2026-07-30 03:24:57,"testSB_C",-12.8752513901649,1428701
9,2026-07-30 03:24:57,"ntc1_C",-12.8294015446863,1428077
9,2026-07-30 03:24:57,"ntc2_C",-12.8318156068624,1433346
9,2026-07-30 03:24:57,"testSB_C",-12.8323388424954,1431011
10,2026-07-30 03:24:57,"ntc1_C",-12.8113231794808,1430257
10,2026-07-30 03:24:57,"ntc2_C",-12.8147790050771,1426945
10,2026-07-30 03:24:57,"testSB_C",-12.7936960719793,1426812
11,2026-07-30 03:24:57,"ntc1_C",-12.7622904610659,1427662
11,2026-07-30 03:24:57,"ntc2_C",-12.7759806204505,1427971
11,2026-07-30 03:24:57,"testSB_C",-12.7523592619443,1424621
12,2026-07-30 03:24:57,"ntc1_C",-12.7882091775385,1428037
12,2026-07-30 03:24:57,"ntc2_C",-12.7360162314397,1424208
12,2026-07-30 03:24:57,"testSB_C",-12.7277259625145,1423584
13,2026-07-30 03:24:57,"ntc1_C",-12.7157124157594,1427962
13,2026-07-30 03:24:57,"ntc2_C",-12.682026842909,1418917
13,2026-07-30 03:24:57,"testSB_C",-12.6214236068845,1417652
14,2026-07-30 03:24:57,"ntc1_C",-12.5980516989711,1414749
14,2026-07-30 03:24:57,"ntc2_C",-12.6043190357549,1418509
14,2026-07-30 03:24:57,"testSB_C",-12.5691681523779,1416375
15,2026-07-30 03:24:57,"ntc1_C",-12.5271216726421,1409518
15,2026-07-30 03:24:57,"ntc2_C",-12.5348979993528,1415005
15,2026-07-30 03:24:57,"testSB_C",-12.5203987306261,1414430
16,2026-07-30 03:24:57,"ntc1_C",-12.4499174563763,1406741
16,2026-07-30 03:24:57,"ntc2_C",-12.4310122050674,1404891
16,2026-07-30 03:24:57,"testSB_C",-12.4211758310909,1404276
17,2026-07-30 03:24:57,"ntc1_C",-12.3952416742497,1403485
17,2026-07-30 03:24:57,"ntc2_C",-12.3711344320394,1401384
17,2026-07-30 03:24:57,"testSB_C",-12.3352774410442,1403653
18,2026-07-30 03:24:57,"ntc1_C",-12.3349500511304,1404098
18,2026-07-30 03:24:57,"ntc2_C",-12.3205357865922,1399630
18,2026-07-30 03:24:57,"testSB_C",-12.3119721413989,1398522
19,2026-07-30 03:24:57,"ntc1_C",-12.2914209696295,1401334
19,2026-07-30 03:24:57,"ntc2_C",-12.2803965414741,1399279
19,2026-07-30 03:24:57,"testSB_C",-12.2502364549723,1399505
20,2026-07-30 03:24:57,"ntc1_C",-12.218424777968,1394809
20,2026-07-30 03:24:57,"ntc2_C",-12.2489864218572,1398852
20,2026-07-30 03:24:57,"testSB_C",-12.1688505990116,1389962
21,2026-07-30 03:24:57,"ntc1_C",-12.1411982195815,1387550
21,2026-07-30 03:24:57,"ntc2_C",-12.1654631132496,1392474
21,2026-07-30 03:24:57,"testSB_C",-12.1017128366597,1389076
22,2026-07-30 03:24:57,"ntc1_C",-12.1198948756382,1390337
22,2026-07-30 03:24:57,"ntc2_C",-12.1294881950649,1392218
22,2026-07-30 03:24:57,"testSB_C",-12.1130769028744,1387577
23,2026-07-30 03:24:57,"ntc1_C",-12.113243677255,1392678
23,2026-07-30 03:24:57,"ntc2_C",-12.1073403692918,1388963
23,2026-07-30 03:24:57,"testSB_C",-12.0911239604719,1385346
24,2026-07-30 03:24:57,"ntc1_C",-12.0641535248861,1387241
24,2026-07-30 03:24:57,"ntc2_C",-12.048517453245,1388385
24,2026-07-30 03:24:57,"testSB_C",-12.0247425118166,1381846
1,2026-07-30 06:24:57,"ntc1_C",-12.907605986331,1431867
1,2026-07-30 06:24:57,"testSB_C",-13.0654786906217,1444191
2,2026-07-30 06:24:57,"ntc1_C",-13.2204617620596,1452493
2,2026-07-30 06:24:57,"ntc2_C",-13.2326903029545,1452806
2,2026-07-30 06:24:57,"testSB_C",-13.1732217245942,1452133
3,2026-07-30 06:24:57,"ntc1_C",-12.0560465822387,1387238
3,2026-07-30 06:24:57,"ntc2_C",-12.4047865955208,1405829
3,2026-07-30 06:24:57,"testSB_C",-12.5849754431715,1415554
4,2026-07-30 06:24:57,"ntc1_C",-12.0263741172334,1384956
4,2026-07-30 06:24:57,"ntc2_C",-11.9043525758749,1374796
4,2026-07-30 06:24:57,"testSB_C",-12.5847887363954,1413755
5,2026-07-30 06:24:57,"ntc1_C",-12.5076373197638,1409651
5,2026-07-30 06:24:57,"ntc2_C",-12.3045889458201,1399712
5,2026-07-30 06:24:57,"testSB_C",-12.5572469121809,1415370
6,2026-07-30 06:24:57,"ntc1_C",-12.499646758383,1409775
6,2026-07-30 06:24:57,"ntc2_C",-12.2304825387582,1396141
6,2026-07-30 06:24:57,"testSB_C",-12.6393631424581,1419885
7,2026-07-30 06:24:57,"ntc1_C",-12.4700850693989,1408177
7,2026-07-30 06:24:57,"ntc2_C",-11.8649194287077,1376139
7,2026-07-30 06:24:57,"testSB_C",-12.6289749833996,1419642
8,2026-07-30 06:24:57,"ntc1_C",-12.5637001465915,1418742
8,2026-07-30 06:24:57,"ntc2_C",-12.5303433105187,1411208
8,2026-07-30 06:24:57,"testSB_C",-12.0711757352945,1382569
9,2026-07-30 06:24:57,"ntc1_C",-12.5057867435038,1409342
9,2026-07-30 06:24:57,"ntc2_C",-12.3225200613268,1403847
9,2026-07-30 06:24:57,"testSB_C",-12.4487972852542,1408778
10,2026-07-30 06:24:57,"ntc1_C",-12.4950831801575,1411921
10,2026-07-30 06:24:57,"ntc2_C",-12.0362500915442,1382313
10,2026-07-30 06:24:57,"testSB_C",-12.4701362964285,1408090
11,2026-07-30 06:24:57,"ntc1_C",-12.5755264044586,1416825
11,2026-07-30 06:24:57,"ntc2_C",-12.173987371113,1393316
11,2026-07-30 06:24:57,"testSB_C",-12.305158318158,1398858
12,2026-07-30 06:24:57,"ntc1_C",-11.689212968263,1365414
12,2026-07-30 06:24:57,"ntc2_C",-12.1147098753583,1388555
12,2026-07-30 06:24:57,"testSB_C",-12.22485818197,1394662
13,2026-07-30 06:24:57,"ntc1_C",-12.1279735944435,1394123
13,2026-07-30 06:24:57,"ntc2_C",-12.0329189746485,1381808
13,2026-07-30 06:24:57,"testSB_C",-12.297675457922,1399042
14,2026-07-30 06:24:57,"ntc1_C",-12.2466728079455,1394610
14,2026-07-30 06:24:57,"ntc2_C",-12.0727179500989,1388074
14,2026-07-30 06:24:57,"testSB_C",-12.1726744359894,1393642
15,2026-07-30 06:24:57,"ntc1_C",-12.290656275386,1395985
15,2026-07-30 06:24:57,"ntc2_C",-11.8784560774672,1377591
15,2026-07-30 06:24:57,"testSB_C",-11.7842012896613,1372559
16,2026-07-30 06:24:57,"ntc1_C",-12.242637434359,1394888
16,2026-07-30 06:24:57,"ntc2_C",-12.2762291406954,1396040
16,2026-07-30 06:24:57,"testSB_C",-12.1935515409617,1391284
17,2026-07-30 06:24:57,"ntc1_C",-12.2164082844592,1393277
17,2026-07-30 06:24:57,"ntc2_C",-12.182116965693,1390617
17,2026-07-30 06:24:57,"testSB_C",-12.3916012517799,1406883
18,2026-07-30 06:24:57,"ntc1_C",-12.2500104706302,1399241
18,2026-07-30 06:24:57,"ntc2_C",-11.9874731174841,1380747
18,2026-07-30 06:24:57,"testSB_C",-12.1836754896497,1391215
19,2026-07-30 06:24:57,"ntc1_C",-12.2269977585711,1397654
19,2026-07-30 06:24:57,"ntc2_C",-12.1423351625407,1391415
19,2026-07-30 06:24:57,"testSB_C",-12.1091070349061,1391465
20,2026-07-30 06:24:57,"ntc1_C",-12.1369025652699,1390174
20,2026-07-30 06:24:57,"ntc2_C",-11.6334821065161,1364139
20,2026-07-30 06:24:57,"testSB_C",-12.0001630566972,1380423
21,2026-07-30 06:24:57,"ntc1_C",-12.1736157078518,1389386
21,2026-07-30 06:24:57,"ntc2_C",-11.6481707943282,1363381
21,2026-07-30 06:24:57,"testSB_C",-12.3332224260241,1402266
22,2026-07-30 06:24:57,"ntc1_C",-12.1455005640437,1391791
22,2026-07-30 06:24:57,"ntc2_C",-11.7874083844088,1372921
22,2026-07-30 06:24:57,"testSB_C",-12.1798749582264,1391366
23,2026-07-30 06:24:57,"ntc1_C",-11.9207051044587,1381779
23,2026-07-30 06:24:57,"ntc2_C",-11.7764340539522,1370328
23,2026-07-30 06:24:57,"testSB_C",-12.1744253557077,1390060
24,2026-07-30 06:24:57,"ntc1_C",-12.1460353277217,1391886
24,2026-07-30 06:24:57,"ntc2_C",-11.8467791360248,1377000
24,2026-07-30 06:24:57,"testSB_C",-12.0280226459717,1382031
1,2026-07-30 09:24:57,"ntc1_C",-7.13799057824309,1131471
1,2026-07-30 09:24:57,"testSB_C",-7.2949548898473,1141286
2,2026-07-30 09:24:57,"ntc1_C",-7.47318055067876,1148824
2,2026-07-30 09:24:57,"ntc2_C",-7.48236203523737,1148953
2,2026-07-30 09:24:57,"testSB_C",-7.4027177811243,1147763
3,2026-07-30 09:24:57,"ntc1_C",-5.38749903213352,1057174
3,2026-07-30 09:24:57,"ntc2_C",-6.06253249607403,1085459
3,2026-07-30 09:24:57,"testSB_C",-6.36068583085864,1098332
4,2026-07-30 09:24:57,"ntc1_C",-5.57691129148901,1064788
4,2026-07-30 09:24:57,"ntc2_C",-5.44049211816451,1056444
4,2026-07-30 09:24:57,"testSB_C",-6.47155202187702,1101861
5,2026-07-30 09:24:57,"ntc1_C",-6.38744753818213,1098214
5,2026-07-30 09:24:57,"ntc2_C",-6.04241106277846,1084371
5,2026-07-30 09:24:57,"testSB_C",-6.3421542772611,1098527
6,2026-07-30 09:24:57,"ntc1_C",-6.46188319072638,1102248
6,2026-07-30 09:24:57,"ntc2_C",-5.96052757582851,1081192
6,2026-07-30 09:24:57,"testSB_C",-6.57274889953243,1108745
7,2026-07-30 09:24:57,"ntc1_C",-6.34072807727756,1096688
7,2026-07-30 09:24:57,"ntc2_C",-5.43940235030254,1059022
7,2026-07-30 09:24:57,"testSB_C",-6.58968013241355,1109787
8,2026-07-30 09:24:57,"ntc1_C",-6.55939295493374,1110576
8,2026-07-30 09:24:57,"ntc2_C",-6.49247686518294,1103206
8,2026-07-30 09:24:57,"testSB_C",-5.69665756764851,1066200
9,2026-07-30 09:24:57,"ntc1_C",-6.4783061650362,1102281
9,2026-07-30 09:24:57,"ntc2_C",-6.07351413606727,1087987
9,2026-07-30 09:24:57,"testSB_C",-6.42118083839699,1101711
10,2026-07-30 09:24:57,"ntc1_C",-6.44026482182761,1103095
10,2026-07-30 09:24:57,"ntc2_C",-5.74219049717232,1069508
10,2026-07-30 09:24:57,"testSB_C",-6.46473287073491,1102199
11,2026-07-30 09:24:57,"ntc1_C",-6.6220898108902,1111517
11,2026-07-30 09:24:57,"ntc2_C",-5.93656358178475,1080516
11,2026-07-30 09:24:57,"testSB_C",-6.23956121010087,1092423
12,2026-07-30 09:24:57,"ntc1_C",-5.35270533502938,1054761
12,2026-07-30 09:24:57,"ntc2_C",-5.88911099626023,1077389
12,2026-07-30 09:24:57,"testSB_C",-6.16160828546322,1089200
13,2026-07-30 09:24:57,"ntc1_C",-6.01114130950117,1086471
13,2026-07-30 09:24:57,"ntc2_C",-5.68716539633436,1066802
13,2026-07-30 09:24:57,"testSB_C",-6.17599655155283,1090000
14,2026-07-30 09:24:57,"ntc1_C",-6.21929051343108,1090836
14,2026-07-30 09:24:57,"ntc2_C",-5.79691461460794,1074852
14,2026-07-30 09:24:57,"testSB_C",-6.16221176155773,1090785
15,2026-07-30 09:24:57,"ntc1_C",-6.31898101302585,1094415
15,2026-07-30 09:24:57,"ntc2_C",-5.73213285571211,1072270
15,2026-07-30 09:24:57,"testSB_C",-5.59287972998959,1066428
16,2026-07-30 09:24:57,"ntc1_C",-6.42043114470391,1100074
16,2026-07-30 09:24:57,"ntc2_C",-6.29088638172857,1093634
16,2026-07-30 09:24:57,"testSB_C",-6.30616620211663,1094260
17,2026-07-30 09:24:57,"ntc1_C",-6.27448681690993,1093477
17,2026-07-30 09:24:57,"ntc2_C",-6.21404353922924,1090331
17,2026-07-30 09:24:57,"testSB_C",-6.57506584725672,1109831
18,2026-07-30 09:24:57,"ntc1_C",-6.38794054064033,1101867
18,2026-07-30 09:24:57,"ntc2_C",-6.0232136908021,1082937
18,2026-07-30 09:24:57,"testSB_C",-6.33046342882767,1095740
19,2026-07-30 09:24:57,"ntc1_C",-6.44241426434627,1103971
19,2026-07-30 09:24:57,"ntc2_C",-6.29593566493799,1096263
19,2026-07-30 09:24:57,"testSB_C",-6.23197642444387,1094924
20,2026-07-30 09:24:57,"ntc1_C",-6.34491017442065,1097665
20,2026-07-30 09:24:57,"ntc2_C",-5.51829733899075,1063151
20,2026-07-30 09:24:57,"testSB_C",-6.07981921224234,1084366
21,2026-07-30 09:24:57,"ntc1_C",-6.4441786901233,1100105
21,2026-07-30 09:24:57,"ntc2_C",-5.65436463701536,1067876
21,2026-07-30 09:24:57,"testSB_C",-6.70654721130842,1114709
22,2026-07-30 09:24:57,"ntc1_C",-6.44694233324816,1103200
22,2026-07-30 09:24:57,"ntc2_C",-5.72509319204505,1072456
22,2026-07-30 09:24:57,"testSB_C",-6.56797390239132,1106752
23,2026-07-30 09:24:57,"ntc1_C",-6.23657190018213,1096012
23,2026-07-30 09:24:57,"ntc2_C",-5.84227898522971,1075903
23,2026-07-30 09:24:57,"testSB_C",-6.44911844834769,1100858
24,2026-07-30 09:24:57,"ntc1_C",-6.48071000020286,1104731
24,2026-07-30 09:24:57,"ntc2_C",-6.03370681766796,1086474
24,2026-07-30 09:24:57,"testSB_C",-6.39867094012715,1098629
1,2026-07-30 12:24:57,"ntc1_C",-1.67200725614907,906425
1,2026-07-30 12:24:57,"testSB_C",-1.68304806055158,908971
2,2026-07-30 12:24:57,"ntc1_C",-1.80266686469764,912649
2,2026-07-30 12:24:57,"ntc2_C",-1.78819304375179,911901
2,2026-07-30 12:24:57,"testSB_C",-1.52035848657886,904304
3,2026-07-30 12:24:57,"ntc1_C",0.602183594795179,829912
3,2026-07-30 12:24:57,"ntc2_C",0.00114025896772318,849239
3,2026-07-30 12:24:57,"testSB_C",-0.36038140278248,861514
4,2026-07-30 12:24:57,"ntc1_C",0.099405347490233,846362
4,2026-07-30 12:24:57,"ntc2_C",0.139517269362102,843096
4,2026-07-30 12:24:57,"testSB_C",-0.494667118536768,865043
5,2026-07-30 12:24:57,"ntc1_C",-0.615517848692377,869236
5,2026-07-30 12:24:57,"ntc2_C",-0.260805031009966,858183
5,2026-07-30 12:24:57,"testSB_C",-0.275144821056585,859312
6,2026-07-30 12:24:57,"ntc1_C",-0.614245234544114,869912
6,2026-07-30 12:24:57,"ntc2_C",-0.174856797335337,855476
6,2026-07-30 12:24:57,"testSB_C",-0.55611677839903,868997
7,2026-07-30 12:24:57,"ntc1_C",-0.353910895068225,860586
7,2026-07-30 12:24:57,"ntc2_C",0.142046684383672,845023
7,2026-07-30 12:24:57,"testSB_C",-0.373046159553837,862856
8,2026-07-30 12:24:57,"ntc1_C",-0.564303774142616,871127
8,2026-07-30 12:24:57,"ntc2_C",-0.506000671667664,865736
8,2026-07-30 12:24:57,"testSB_C",0.107759798735174,843144
9,2026-07-30 12:24:57,"ntc1_C",-0.632697758683491,869983
9,2026-07-30 12:24:57,"ntc2_C",-0.129693382937205,855307
9,2026-07-30 12:24:57,"testSB_C",-0.580025192418418,869600
10,2026-07-30 12:24:57,"ntc1_C",-0.523048834662404,868117
10,2026-07-30 12:24:57,"ntc2_C",-0.0244267026462239,848684
10,2026-07-30 12:24:57,"testSB_C",-0.561000623003054,867793
11,2026-07-30 12:24:57,"ntc1_C",-0.790963683617463,877746
11,2026-07-30 12:24:57,"ntc2_C",-0.17500073684289,855854
11,2026-07-30 12:24:57,"testSB_C",-0.515935567761289,866531
12,2026-07-30 12:24:57,"ntc1_C",0.0247752866547444,848679
12,2026-07-30 12:24:57,"ntc2_C",-0.176522368914277,855086
12,2026-07-30 12:24:57,"testSB_C",-0.504926047457047,866268
13,2026-07-30 12:24:57,"ntc1_C",-0.447480620224042,867372
13,2026-07-30 12:24:57,"ntc2_C",0.0478702092480603,845885
13,2026-07-30 12:24:57,"testSB_C",-0.316530986289308,859802
14,2026-07-30 12:24:57,"ntc1_C",-0.350034607387329,860204
14,2026-07-30 12:24:57,"ntc2_C",-0.0138521133758331,850683
14,2026-07-30 12:24:57,"testSB_C",-0.374419779076732,862953
15,2026-07-30 12:24:57,"ntc1_C",-0.48712895427974,864328
15,2026-07-30 12:24:57,"ntc2_C",-0.0985745748023419,853705
15,2026-07-30 12:24:57,"testSB_C",-0.0650405731190062,852710
16,2026-07-30 12:24:57,"ntc1_C",-0.674792925529914,871651
16,2026-07-30 12:24:57,"ntc2_C",-0.352618507618786,859860
16,2026-07-30 12:24:57,"testSB_C",-0.535927741692831,866177
17,2026-07-30 12:24:57,"ntc1_C",-0.383904024383526,861418
17,2026-07-30 12:24:57,"ntc2_C",-0.368401681245473,860586
17,2026-07-30 12:24:57,"testSB_C",-0.667358349467463,873614
18,2026-07-30 12:24:57,"ntc1_C",-0.431922961074463,865794
18,2026-07-30 12:24:57,"ntc2_C",-0.388219534552491,862211
18,2026-07-30 12:24:57,"testSB_C",-0.536626865289122,866504
19,2026-07-30 12:24:57,"ntc1_C",-0.542141230690675,869293
19,2026-07-30 12:24:57,"ntc2_C",-0.495832371339759,866741
19,2026-07-30 12:24:57,"testSB_C",-0.360255187356813,863206
20,2026-07-30 12:24:57,"ntc1_C",-0.471106492324225,865226
20,2026-07-30 12:24:57,"ntc2_C",-0.00998081328566514,850741
20,2026-07-30 12:24:57,"testSB_C",-0.154031049404864,853118
21,2026-07-30 12:24:57,"ntc1_C",-0.510415828454597,865274
21,2026-07-30 12:24:57,"ntc2_C",-0.139679699389546,854312
21,2026-07-30 12:24:57,"testSB_C",-0.784937780160419,876894
22,2026-07-30 12:24:57,"ntc1_C",-0.599831110838295,870586
22,2026-07-30 12:24:57,"ntc2_C",0.0153339526932541,850342
22,2026-07-30 12:24:57,"testSB_C",-0.776306948904164,875327
23,2026-07-30 12:24:57,"ntc1_C",-0.609459740671241,872693
23,2026-07-30 12:24:57,"ntc2_C",-0.148622852480742,854520
23,2026-07-30 12:24:57,"testSB_C",-0.610327461608392,869198
24,2026-07-30 12:24:57,"ntc1_C",-0.528653628152142,868035
24,2026-07-30 12:24:57,"ntc2_C",-0.350388316695273,863189
24,2026-07-30 12:24:57,"testSB_C",-0.648103419528979,870416
1,2026-07-30 15:24:57,"ntc1_C",0.973360268919407,814860
1,2026-07-30 15:24:57,"testSB_C",0.883734200273011,819770
2,2026-07-30 15:24:57,"ntc1_C",0.933210002216924,817439
2,2026-07-30 15:24:57,"ntc2_C",1.23136791270787,807539
2,2026-07-30 15:24:57,"testSB_C",1.16726146782895,811688
3,2026-07-30 15:24:57,"ntc1_C",2.25701061236026,776654
3,2026-07-30 15:24:57,"ntc2_C",2.15736553538716,778842
3,2026-07-30 15:24:57,"testSB_C",2.28394065559621,774804
4,2026-07-30 15:24:57,"ntc1_C",2.10797928914553,780835
4,2026-07-30 15:24:57,"ntc2_C",2.14592561164824,777918
4,2026-07-30 15:24:57,"testSB_C",2.22452269249499,775625
5,2026-07-30 15:24:57,"ntc1_C",2.12704568717834,778580
5,2026-07-30 15:24:57,"ntc2_C",2.05712306123564,781970
5,2026-07-30 15:24:57,"testSB_C",2.35466425003841,773273
6,2026-07-30 15:24:57,"ntc1_C",2.01921667818038,782659
6,2026-07-30 15:24:57,"ntc2_C",2.04639568274393,782508
6,2026-07-30 15:24:57,"testSB_C",2.18784882161248,778368
7,2026-07-30 15:24:57,"ntc1_C",2.27488175079446,774412
7,2026-07-30 15:24:57,"ntc2_C",2.03135435244116,783333
7,2026-07-30 15:24:57,"testSB_C",2.22695380548259,777385
8,2026-07-30 15:24:57,"ntc1_C",2.10281909675768,782661
8,2026-07-30 15:24:57,"ntc2_C",2.28144318031985,774134
8,2026-07-30 15:24:57,"testSB_C",2.19597972111058,775425
9,2026-07-30 15:24:57,"ntc1_C",2.15656213672776,777868
9,2026-07-30 15:24:57,"ntc2_C",2.36366855421028,773883
9,2026-07-30 15:24:57,"testSB_C",2.16835752447673,778760
10,2026-07-30 15:24:57,"ntc1_C",2.21342107016989,777844
10,2026-07-30 15:24:57,"ntc2_C",2.13920684446265,778140
10,2026-07-30 15:24:57,"testSB_C",2.10157636476367,779813
11,2026-07-30 15:24:57,"ntc1_C",2.07994362605189,782209
11,2026-07-30 15:24:57,"ntc2_C",2.24808758738351,776589
11,2026-07-30 15:24:57,"testSB_C",2.1931769932952,777286
12,2026-07-30 15:24:57,"ntc1_C",2.08291326141142,781435
12,2026-07-30 15:24:57,"ntc2_C",2.24709991192628,775872
12,2026-07-30 15:24:57,"testSB_C",2.11059296849857,779932
13,2026-07-30 15:24:57,"ntc1_C",2.12157376811473,782364
13,2026-07-30 15:24:57,"ntc2_C",2.43797262391422,768550
13,2026-07-30 15:24:57,"testSB_C",2.31116613051722,773737
14,2026-07-30 15:24:57,"ntc1_C",2.43637942951517,769237
14,2026-07-30 15:24:57,"ntc2_C",2.28966873357604,775611
14,2026-07-30 15:24:57,"testSB_C",2.18639565819137,778663
15,2026-07-30 15:24:57,"ntc1_C",2.18074398775315,776588
15,2026-07-30 15:24:57,"ntc2_C",2.1804652879099,779091
15,2026-07-30 15:24:57,"testSB_C",2.09880388784978,781776
16,2026-07-30 15:24:57,"ntc1_C",2.0405656140519,781587
16,2026-07-30 15:24:57,"ntc2_C",2.33222167477737,772010
16,2026-07-30 15:24:57,"testSB_C",2.1894777725895,776378
17,2026-07-30 15:24:57,"ntc1_C",2.34866133065862,771924
17,2026-07-30 15:24:57,"ntc2_C",2.22380776686236,775550
17,2026-07-30 15:24:57,"testSB_C",2.17899489952475,779242
18,2026-07-30 15:24:57,"ntc1_C",2.29051495974215,776182
18,2026-07-30 15:24:57,"ntc2_C",1.92426983435644,785805
18,2026-07-30 15:24:57,"testSB_C",2.11766414714555,778873
19,2026-07-30 15:24:57,"ntc1_C",2.19812312863002,778711
19,2026-07-30 15:24:57,"ntc2_C",2.06274096294896,782093
19,2026-07-30 15:24:57,"testSB_C",2.17309073958944,779717
20,2026-07-30 15:24:57,"ntc1_C",2.319208777965,773508
20,2026-07-30 15:24:57,"ntc2_C",2.12712484562314,780796
20,2026-07-30 15:24:57,"testSB_C",2.5228141271615,766255
21,2026-07-30 15:24:57,"ntc1_C",2.28809092063244,773405
21,2026-07-30 15:24:57,"ntc2_C",1.99189366109692,784249
21,2026-07-30 15:24:57,"testSB_C",2.01540884867978,783590
22,2026-07-30 15:24:57,"ntc1_C",2.26194878060465,776112
22,2026-07-30 15:24:57,"ntc2_C",2.31772401869495,775385
22,2026-07-30 15:24:57,"testSB_C",1.95481971265218,784413
23,2026-07-30 15:24:57,"ntc1_C",1.91364369183435,788589
23,2026-07-30 15:24:57,"ntc2_C",2.23204226466657,776675
23,2026-07-30 15:24:57,"testSB_C",2.06305127058636,780810
24,2026-07-30 15:24:57,"ntc1_C",2.32386893481959,774091
24,2026-07-30 15:24:57,"ntc2_C",2.06927774773897,783280
24,2026-07-30 15:24:57,"testSB_C",2.1133991738435,779081
1,2026-07-30 18:24:57,"ntc1_C",0.130854218180332,842911
1,2026-07-30 18:24:57,"testSB_C",-0.0277184167117639,850336
2,2026-07-30 18:24:57,"ntc1_C",0.313367110041327,838050
2,2026-07-30 18:24:57,"ntc2_C",0.737280483055827,823712
2,2026-07-30 18:24:57,"testSB_C",0.278547228686875,841151
3,2026-07-30 18:24:57,"ntc1_C",1.40848334811346,803494
3,2026-07-30 18:24:57,"ntc2_C",1.53876225424307,798382
3,2026-07-30 18:24:57,"testSB_C",1.91618688274946,786287
4,2026-07-30 18:24:57,"ntc1_C",1.39923681022708,803320
4,2026-07-30 18:24:57,"ntc2_C",1.44140664789541,800173
4,2026-07-30 18:24:57,"testSB_C",1.91714144805144,785222
5,2026-07-30 18:24:57,"ntc1_C",1.80854597260856,788573
5,2026-07-30 18:24:57,"ntc2_C",1.49580694393035,799742
5,2026-07-30 18:24:57,"testSB_C",1.90577415077757,787286
6,2026-07-30 18:24:57,"ntc1_C",1.69559999751192,792862
6,2026-07-30 18:24:57,"ntc2_C",1.4701162244578,800781
6,2026-07-30 18:24:57,"testSB_C",1.84332126130261,789175
7,2026-07-30 18:24:57,"ntc1_C",1.95235296130988,784473
7,2026-07-30 18:24:57,"ntc2_C",1.31037267498073,806291
7,2026-07-30 18:24:57,"testSB_C",1.89839641055664,787671
8,2026-07-30 18:24:57,"ntc1_C",1.79829971330417,792261
8,2026-07-30 18:24:57,"ntc2_C",2.01143201569471,782539
8,2026-07-30 18:24:57,"testSB_C",1.55661113329097,795523
9,2026-07-30 18:24:57,"ntc1_C",1.94024505262422,784627
9,2026-07-30 18:24:57,"ntc2_C",1.83490719593834,790435
9,2026-07-30 18:24:57,"testSB_C",1.85601456307631,788556
10,2026-07-30 18:24:57,"ntc1_C",1.92066820988401,787007
10,2026-07-30 18:24:57,"ntc2_C",1.49155420587562,798579
10,2026-07-30 18:24:57,"testSB_C",1.67346909473537,793295
11,2026-07-30 18:24:57,"ntc1_C",1.85545882490453,789266
11,2026-07-30 18:24:57,"ntc2_C",1.70187198033443,793750
11,2026-07-30 18:24:57,"testSB_C",1.91007072964101,786138
12,2026-07-30 18:24:57,"ntc1_C",1.34965291703429,804720
12,2026-07-30 18:24:57,"ntc2_C",1.73130170303534,792053
12,2026-07-30 18:24:57,"testSB_C",1.66307669822197,794031
13,2026-07-30 18:24:57,"ntc1_C",1.71344685354666,795256
13,2026-07-30 18:24:57,"ntc2_C",1.80509567566156,788268
13,2026-07-30 18:24:57,"testSB_C",1.90746769461691,786342
14,2026-07-30 18:24:57,"ntc1_C",2.14534617706317,778242
14,2026-07-30 18:24:57,"ntc2_C",1.65890490808704,795442
14,2026-07-30 18:24:57,"testSB_C",1.82785051569414,789919
15,2026-07-30 18:24:57,"ntc1_C",1.81924334681963,787902
15,2026-07-30 18:24:57,"ntc2_C",1.64638003527864,795933
15,2026-07-30 18:24:57,"testSB_C",1.4777316681425,801472
16,2026-07-30 18:24:57,"ntc1_C",1.81502504570062,788678
16,2026-07-30 18:24:57,"ntc2_C",1.88517270258774,785950
16,2026-07-30 18:24:57,"testSB_C",1.8795394199359,786073
17,2026-07-30 18:24:57,"ntc1_C",2.00981170151596,782465
17,2026-07-30 18:24:57,"ntc2_C",1.87869069489898,786338
17,2026-07-30 18:24:57,"testSB_C",1.94918067029761,786445
18,2026-07-30 18:24:57,"ntc1_C",2.02256408397676,784549
18,2026-07-30 18:24:57,"ntc2_C",1.44480196573647,801036
18,2026-07-30 18:24:57,"testSB_C",1.80559366809064,788670
19,2026-07-30 18:24:57,"ntc1_C",1.91412868933782,787616
19,2026-07-30 18:24:57,"ntc2_C",1.61967242343013,796100
19,2026-07-30 18:24:57,"testSB_C",1.76901499610346,792438
20,2026-07-30 18:24:57,"ntc1_C",2.12048877089478,779686
20,2026-07-30 18:24:57,"ntc2_C",1.48468725177474,801158
20,2026-07-30 18:24:57,"testSB_C",2.18326722185861,776733
21,2026-07-30 18:24:57,"ntc1_C",2.09033903117717,779544
21,2026-07-30 18:24:57,"ntc2_C",1.41349443855609,802637
21,2026-07-30 18:24:57,"testSB_C",1.81434739912498,789925
22,2026-07-30 18:24:57,"ntc1_C",2.14571755154236,779729
22,2026-07-30 18:24:57,"ntc2_C",1.74219392795658,793439
22,2026-07-30 18:24:57,"testSB_C",1.793223271351,789503
23,2026-07-30 18:24:57,"ntc1_C",1.64749849382144,797041
23,2026-07-30 18:24:57,"ntc2_C",1.73880729802693,792162
23,2026-07-30 18:24:57,"testSB_C",1.71316800792107,791814
24,2026-07-30 18:24:57,"ntc1_C",2.09596000543274,781185
24,2026-07-30 18:24:57,"ntc2_C",1.69579183131481,795084
24,2026-07-30 18:24:57,"testSB_C",2.02073537243132,781975
1,2026-07-30 21:24:57,"ntc1_C",-5.56263525834532,1061211
1,2026-07-30 21:24:57,"testSB_C",-5.61837077994517,1066044
2,2026-07-30 21:24:57,"ntc1_C",-5.40754960112776,1056200
2,2026-07-30 21:24:57,"ntc2_C",-5.23352340692998,1048493
2,2026-07-30 21:24:57,"testSB_C",-5.46590679594891,1060865
3,2026-07-30 21:24:57,"ntc1_C",-4.59558423976512,1023728
3,2026-07-30 21:24:57,"ntc2_C",-4.6447944908129,1024695
3,2026-07-30 21:24:57,"testSB_C",-4.38266813781212,1013552
4,2026-07-30 21:24:57,"ntc1_C",-4.62607107925913,1024453
4,2026-07-30 21:24:57,"ntc2_C",-4.63554920042992,1022478
4,2026-07-30 21:24:57,"testSB_C",-4.36321344985424,1011428
5,2026-07-30 21:24:57,"ntc1_C",-4.42184954925614,1013897
5,2026-07-30 21:24:57,"ntc2_C",-4.60363656697092,1022822
5,2026-07-30 21:24:57,"testSB_C",-4.43435250035441,1016604
6,2026-07-30 21:24:57,"ntc1_C",-4.4452816162804,1015578
6,2026-07-30 21:24:57,"ntc2_C",-4.65132089115292,1025185
6,2026-07-30 21:24:57,"testSB_C",-4.43583672287593,1016551
7,2026-07-30 21:24:57,"ntc1_C",-4.27542804862969,1008414
7,2026-07-30 21:24:57,"ntc2_C",-4.64972139044551,1025594
7,2026-07-30 21:24:57,"testSB_C",-4.27995647097418,1010404
8,2026-07-30 21:24:57,"ntc1_C",-4.34951970122404,1015191
8,2026-07-30 21:24:57,"ntc2_C",-4.25444557625218,1007334
8,2026-07-30 21:24:57,"testSB_C",-4.45214663416442,1013661
9,2026-07-30 21:24:57,"ntc1_C",-4.25449268329533,1007093
9,2026-07-30 21:24:57,"ntc2_C",-4.37075328669988,1015255
9,2026-07-30 21:24:57,"testSB_C",-4.27453279934355,1009688
10,2026-07-30 21:24:57,"ntc1_C",-4.23625292284811,1008649
10,2026-07-30 21:24:57,"ntc2_C",-4.50322093959903,1017030
10,2026-07-30 21:24:57,"testSB_C",-4.34991132787712,1011444
11,2026-07-30 21:24:57,"ntc1_C",-4.26820880844213,1010182
11,2026-07-30 21:24:57,"ntc2_C",-4.36852775416639,1013863
11,2026-07-30 21:24:57,"testSB_C",-4.18114598662498,1004833
12,2026-07-30 21:24:57,"ntc1_C",-4.51567841323288,1019529
12,2026-07-30 21:24:57,"ntc2_C",-4.30612374393002,1010326
12,2026-07-30 21:24:57,"testSB_C",-4.34165841793191,1011589
13,2026-07-30 21:24:57,"ntc1_C",-4.25827168434768,1011819
13,2026-07-30 21:24:57,"ntc2_C",-4.3244677378313,1009363
13,2026-07-30 21:24:57,"testSB_C",-4.1916942346744,1005591
14,2026-07-30 21:24:57,"ntc1_C",-4.07732028471685,999982
14,2026-07-30 21:24:57,"ntc2_C",-4.36244550208443,1014045
14,2026-07-30 21:24:57,"testSB_C",-4.17649758608775,1006274
15,2026-07-30 21:24:57,"ntc1_C",-4.22067268442294,1005042
15,2026-07-30 21:24:57,"ntc2_C",-4.24509809390008,1009435
15,2026-07-30 21:24:57,"testSB_C",-4.3214346664758,1012764
16,2026-07-30 21:24:57,"ntc1_C",-4.10082460425053,1001145
16,2026-07-30 21:24:57,"ntc2_C",-4.22478126034451,1005570
16,2026-07-30 21:24:57,"testSB_C",-4.14556670103934,1002289
17,2026-07-30 21:24:57,"ntc1_C",-4.11121105120577,1001487
17,2026-07-30 21:24:57,"ntc2_C",-4.16473763054108,1003269
17,2026-07-30 21:24:57,"testSB_C",-4.11311013021691,1004200
18,2026-07-30 21:24:57,"ntc1_C",-4.06517168378804,1002694
18,2026-07-30 21:24:57,"ntc2_C",-4.30156898209634,1009855
18,2026-07-30 21:24:57,"testSB_C",-4.13633072901968,1002275
19,2026-07-30 21:24:57,"ntc1_C",-4.09909134615594,1003724
19,2026-07-30 21:24:57,"ntc2_C",-4.28953902800555,1010439
19,2026-07-30 21:24:57,"testSB_C",-4.19532585943267,1007971
20,2026-07-30 21:24:57,"ntc1_C",-3.93765489293997,995392
20,2026-07-30 21:24:57,"ntc2_C",-4.3135425068952,1012383
20,2026-07-30 21:24:57,"testSB_C",-3.93274378043321,993823
21,2026-07-30 21:24:57,"ntc1_C",-3.9721513734342,995090
21,2026-07-30 21:24:57,"ntc2_C",-4.31681037122684,1011422
21,2026-07-30 21:24:57,"testSB_C",-4.1344190207692,1004082
22,2026-07-30 21:24:57,"ntc1_C",-3.90546307062544,995007
22,2026-07-30 21:24:57,"ntc2_C",-4.21856026518708,1008854
22,2026-07-30 21:24:57,"testSB_C",-4.04930627121053,999126
23,2026-07-30 21:24:57,"ntc1_C",-4.10377647724425,1005079
23,2026-07-30 21:24:57,"ntc2_C",-4.19538772460851,1006308
23,2026-07-30 21:24:57,"testSB_C",-4.17984085613739,1003989
24,2026-07-30 21:24:57,"ntc1_C",-3.97873547706729,997953
24,2026-07-30 21:24:57,"ntc2_C",-4.1159898536481,1005072
24,2026-07-30 21:24:57,"testSB_C",-3.90506323906493,992839
1,2026-07-31 00:24:57,"ntc1_C",-11.6106082277842,1357998
1,2026-07-31 00:24:57,"testSB_C",-11.6403018115757,1362576
2,2026-07-31 00:24:57,"ntc1_C",-11.5272069640872,1355467
2,2026-07-31 00:24:57,"ntc2_C",-11.47853069289,1352400
2,2026-07-31 00:24:57,"testSB_C",-11.5099320489737,1356894
3,2026-07-31 00:24:57,"ntc1_C",-11.5212503384197,1357292
3,2026-07-31 00:24:57,"ntc2_C",-11.4578237085088,1352519
3,2026-07-31 00:24:57,"testSB_C",-11.4076013932435,1349155
4,2026-07-31 00:24:57,"ntc1_C",-11.4497796283312,1352739
4,2026-07-31 00:24:57,"ntc2_C",-11.4429539732479,1349149
4,2026-07-31 00:24:57,"testSB_C",-11.3786155151608,1345846
5,2026-07-31 00:24:57,"ntc1_C",-11.389324292908,1346727
5,2026-07-31 00:24:57,"ntc2_C",-11.4085717283872,1349451
5,2026-07-31 00:24:57,"testSB_C",-11.3725052985548,1348556
6,2026-07-31 00:24:57,"ntc1_C",-11.376963744012,1346664
6,2026-07-31 00:24:57,"ntc2_C",-11.4133553595227,1350338
6,2026-07-31 00:24:57,"testSB_C",-11.3600532112624,1347661
7,2026-07-31 00:24:57,"ntc1_C",-11.3440973114525,1344903
7,2026-07-31 00:24:57,"ntc2_C",-11.4228681513943,1351525
7,2026-07-31 00:24:57,"testSB_C",-11.3491573630808,1347399
8,2026-07-31 00:24:57,"ntc1_C",-11.3495529950042,1350138
8,2026-07-31 00:24:57,"ntc2_C",-11.3379602979609,1344164
8,2026-07-31 00:24:57,"testSB_C",-11.3925778376336,1344795
9,2026-07-31 00:24:57,"ntc1_C",-11.3260263002376,1343094
9,2026-07-31 00:24:57,"ntc2_C",-11.3534390199091,1349378
9,2026-07-31 00:24:57,"testSB_C",-11.3384004895543,1346334
10,2026-07-31 00:24:57,"ntc1_C",-11.3351896721228,1346652
10,2026-07-31 00:24:57,"ntc2_C",-11.3737681032226,1345433
10,2026-07-31 00:24:57,"testSB_C",-11.3333989170716,1344237
11,2026-07-31 00:24:57,"ntc1_C",-11.3267599228977,1346443
11,2026-07-31 00:24:57,"ntc2_C",-11.3542906879175,1347474
11,2026-07-31 00:24:57,"testSB_C",-11.3242794155945,1343967
12,2026-07-31 00:24:57,"ntc1_C",-11.3748172574007,1348009
12,2026-07-31 00:24:57,"ntc2_C",-11.3360582760833,1345128
12,2026-07-31 00:24:57,"testSB_C",-11.331443728425,1344717
13,2026-07-31 00:24:57,"ntc1_C",-11.3034310829074,1347994
13,2026-07-31 00:24:57,"ntc2_C",-11.3019325890998,1341177
13,2026-07-31 00:24:57,"testSB_C",-11.2955354269724,1342967
14,2026-07-31 00:24:57,"ntc1_C",-11.2907905843419,1341261
14,2026-07-31 00:24:57,"ntc2_C",-11.3162081608737,1345883
14,2026-07-31 00:24:57,"testSB_C",-11.3058033826194,1345200
15,2026-07-31 00:24:57,"ntc1_C",-11.2717644576342,1339142
15,2026-07-31 00:24:57,"ntc2_C",-11.2948504520428,1345159
15,2026-07-31 00:24:57,"testSB_C",-11.2930011099317,1345313
16,2026-07-31 00:24:57,"ntc1_C",-11.2469395936649,1339326
16,2026-07-31 00:24:57,"ntc2_C",-11.2504936690812,1338776
16,2026-07-31 00:24:57,"testSB_C",-11.2666894914485,1339610
17,2026-07-31 00:24:57,"ntc1_C",-11.272181009179,1340596
17,2026-07-31 00:24:57,"ntc2_C",-11.2646214518487,1339516
17,2026-07-31 00:24:57,"testSB_C",-11.2414101966946,1342370
18,2026-07-31 00:24:57,"ntc1_C",-11.2511843830308,1343369
18,2026-07-31 00:24:57,"ntc2_C",-11.271459971283,1341010
18,2026-07-31 00:24:57,"testSB_C",-11.2521289656552,1339291
19,2026-07-31 00:24:57,"ntc1_C",-11.2552340776753,1343301
19,2026-07-31 00:24:57,"ntc2_C",-11.2680642751878,1342631
19,2026-07-31 00:24:57,"testSB_C",-11.2818464874829,1345256
20,2026-07-31 00:24:57,"ntc1_C",-11.2492663351953,1340692
20,2026-07-31 00:24:57,"ntc2_C",-11.2921269724565,1345260
20,2026-07-31 00:24:57,"testSB_C",-11.250146072651,1338797
21,2026-07-31 00:24:57,"ntc1_C",-11.2581332934742,1338459
21,2026-07-31 00:24:57,"ntc2_C",-11.3085363718098,1344611
21,2026-07-31 00:24:57,"testSB_C",-11.2358949721219,1340836
22,2026-07-31 00:24:57,"ntc1_C",-11.2356760197927,1341048
22,2026-07-31 00:24:57,"ntc2_C",-11.2666482763754,1344057
22,2026-07-31 00:24:57,"testSB_C",-11.2350634770206,1338722
23,2026-07-31 00:24:57,"ntc1_C",-11.2617568182958,1345119
23,2026-07-31 00:24:57,"ntc2_C",-11.2748855314456,1342559
23,2026-07-31 00:24:57,"testSB_C",-11.2462782631717,1338429
24,2026-07-31 00:24:57,"ntc1_C",-11.2374924316221,1341205
24,2026-07-31 00:24:57,"ntc2_C",-11.2270229378698,1342605
24,2026-07-31 00:24:57,"testSB_C",-11.2217062289932,1337292
1,2026-07-31 03:24:57,"ntc1_C",-6.63303771330408,1108443
1,2026-07-31 03:24:57,"testSB_C",-6.62258436119481,1110475
2,2026-07-31 03:24:57,"ntc1_C",-6.56362859634049,1107050
2,2026-07-31 03:24:57,"ntc2_C",-6.54295864660986,1105834
2,2026-07-31 03:24:57,"testSB_C",-6.56611503847301,1109362
3,2026-07-31 03:24:57,"ntc1_C",-6.62452678935506,1111696
3,2026-07-31 03:24:57,"ntc2_C",-6.57242182526085,1108212
3,2026-07-31 03:24:57,"testSB_C",-6.49798252407152,1104482
4,2026-07-31 03:24:57,"ntc1_C",-6.56847531677118,1108602
4,2026-07-31 03:24:57,"ntc2_C",-6.53899194323628,1104690
4,2026-07-31 03:24:57,"testSB_C",-6.49857871876452,1103073
5,2026-07-31 03:24:57,"ntc1_C",-6.48456129260006,1102563
5,2026-07-31 03:24:57,"ntc2_C",-6.5307917672265,1106123
5,2026-07-31 03:24:57,"testSB_C",-6.47647747623722,1104546
6,2026-07-31 03:24:57,"ntc1_C",-6.4486269517086,1101654
6,2026-07-31 03:24:57,"ntc2_C",-6.52406713415058,1106264
6,2026-07-31 03:24:57,"testSB_C",-6.43088372727954,1102365
7,2026-07-31 03:24:57,"ntc1_C",-6.44727447593294,1101453
7,2026-07-31 03:24:57,"ntc2_C",-6.50991475015394,1106146
7,2026-07-31 03:24:57,"testSB_C",-6.40045999169951,1101278
8,2026-07-31 03:24:57,"ntc1_C",-6.43211821403128,1104839
8,2026-07-31 03:24:57,"ntc2_C",-6.3997450626249,1099052
8,2026-07-31 03:24:57,"testSB_C",-6.47544857617368,1100504
9,2026-07-31 03:24:57,"ntc1_C",-6.38829413341392,1098253
9,2026-07-31 03:24:57,"ntc2_C",-6.42792719544195,1103791
9,2026-07-31 03:24:57,"testSB_C",-6.42334444160821,1101808
10,2026-07-31 03:24:57,"ntc1_C",-6.40147234776072,1101356
10,2026-07-31 03:24:57,"ntc2_C",-6.45353845579461,1100896
10,2026-07-31 03:24:57,"testSB_C",-6.39309417786365,1098991
11,2026-07-31 03:24:57,"ntc1_C",-6.37800825594616,1100538
11,2026-07-31 03:24:57,"ntc2_C",-6.42794234000831,1102323
11,2026-07-31 03:24:57,"testSB_C",-6.3870817971877,1098996
12,2026-07-31 03:24:57,"ntc1_C",-6.45494864781659,1103087
12,2026-07-31 03:24:57,"ntc2_C",-6.39738793891803,1099885
12,2026-07-31 03:24:57,"testSB_C",-6.39529077387164,1099602
13,2026-07-31 03:24:57,"ntc1_C",-6.36676134322084,1102298
13,2026-07-31 03:24:57,"ntc2_C",-6.37250782226266,1096957
13,2026-07-31 03:24:57,"testSB_C",-6.32184437396768,1096486
14,2026-07-31 03:24:57,"ntc1_C",-6.34311185689813,1096342
14,2026-07-31 03:24:57,"ntc2_C",-6.39954559038534,1101510
14,2026-07-31 03:24:57,"testSB_C",-6.36581130036893,1099855
15,2026-07-31 03:24:57,"ntc1_C",-6.35428379090553,1095987
15,2026-07-31 03:24:57,"ntc2_C",-6.38377870217283,1101067
15,2026-07-31 03:24:57,"testSB_C",-6.36724471354984,1100544
16,2026-07-31 03:24:57,"ntc1_C",-6.31479043054259,1095356
16,2026-07-31 03:24:57,"ntc2_C",-6.31384171584403,1094656
16,2026-07-31 03:24:57,"testSB_C",-6.3332120759768,1095465
17,2026-07-31 03:24:57,"ntc1_C",-6.33210116937903,1096043
17,2026-07-31 03:24:57,"ntc2_C",-6.33528219276752,1095720
17,2026-07-31 03:24:57,"testSB_C",-6.31465228119134,1098135
18,2026-07-31 03:24:57,"ntc1_C",-6.3185241801408,1098761
18,2026-07-31 03:24:57,"ntc2_C",-6.3582106095916,1097781
18,2026-07-31 03:24:57,"testSB_C",-6.31222386346707,1094927
19,2026-07-31 03:24:57,"ntc1_C",-6.3365199941768,1099225
19,2026-07-31 03:24:57,"ntc2_C",-6.34301744045689,1098365
19,2026-07-31 03:24:57,"testSB_C",-6.36499585952981,1100866
20,2026-07-31 03:24:57,"ntc1_C",-6.3355730172006,1097248
20,2026-07-31 03:24:57,"ntc2_C",-6.38270923611964,1101193
20,2026-07-31 03:24:57,"testSB_C",-6.34055549734609,1095928
21,2026-07-31 03:24:57,"ntc1_C",-6.31757742643043,1094458
21,2026-07-31 03:24:57,"ntc2_C",-6.39425618530578,1100494
21,2026-07-31 03:24:57,"testSB_C",-6.30560358205815,1096669
22,2026-07-31 03:24:57,"ntc1_C",-6.32088535064952,1097557
22,2026-07-31 03:24:57,"ntc2_C",-6.34195792158062,1099683
22,2026-07-31 03:24:57,"testSB_C",-6.32022302360025,1095653
23,2026-07-31 03:24:57,"ntc1_C",-6.32715145135768,1100057
23,2026-07-31 03:24:57,"ntc2_C",-6.34346544263138,1098056
23,2026-07-31 03:24:57,"testSB_C",-6.3313799590855,1095602
24,2026-07-31 03:24:57,"ntc1_C",-6.3321321025972,1098072
24,2026-07-31 03:24:57,"ntc2_C",-6.34010652855659,1100098
24,2026-07-31 03:24:57,"testSB_C",-6.29772970697184,1094128
1,2026-07-31 06:24:57,"ntc1_C",-5.86343166997938,1074270
1,2026-07-31 06:24:57,"testSB_C",-5.86760118713664,1076897
2,2026-07-31 06:24:57,"ntc1_C",-5.85779108763467,1075711
2,2026-07-31 06:24:57,"ntc2_C",-5.85229972380398,1075197
2,2026-07-31 06:24:57,"testSB_C",-5.85125145379175,1077597
3,2026-07-31 06:24:57,"ntc1_C",-5.75535877828071,1073093
3,2026-07-31 06:24:57,"ntc2_C",-5.77210768667254,1072715
3,2026-07-31 06:24:57,"testSB_C",-5.75356251353548,1071557
4,2026-07-31 06:24:57,"ntc1_C",-5.73963924748369,1071854
4,2026-07-31 06:24:57,"ntc2_C",-5.74796907793666,1069725
4,2026-07-31 06:24:57,"testSB_C",-5.75384485494664,1070173
5,2026-07-31 06:24:57,"ntc1_C",-5.75514752548111,1070327
5,2026-07-31 06:24:57,"ntc2_C",-5.75032325045834,1071573
5,2026-07-31 06:24:57,"testSB_C",-5.75243127133103,1072499
6,2026-07-31 06:24:57,"ntc1_C",-5.74661354926536,1070664
6,2026-07-31 06:24:57,"ntc2_C",-5.75494284524154,1072192
6,2026-07-31 06:24:57,"testSB_C",-5.75797778694368,1072614
7,2026-07-31 06:24:57,"ntc1_C",-5.72972693450401,1069770
7,2026-07-31 06:24:57,"ntc2_C",-5.739834505148,1072034
7,2026-07-31 06:24:57,"testSB_C",-5.73939899641675,1072075
8,2026-07-31 06:24:57,"ntc1_C",-5.73334860949075,1073881
8,2026-07-31 06:24:57,"ntc2_C",-5.71427803290345,1068842
8,2026-07-31 06:24:57,"testSB_C",-5.74173209422742,1068155
9,2026-07-31 06:24:57,"ntc1_C",-5.72080728529687,1068853
9,2026-07-31 06:24:57,"ntc2_C",-5.70654682945423,1071869
9,2026-07-31 06:24:57,"testSB_C",-5.7396222688443,1071589
10,2026-07-31 06:24:57,"ntc1_C",-5.72341395453464,1071412
10,2026-07-31 06:24:57,"ntc2_C",-5.72377958270135,1068708
10,2026-07-31 06:24:57,"testSB_C",-5.72262962986491,1069430
11,2026-07-31 06:24:57,"ntc1_C",-5.74423160784971,1072549
11,2026-07-31 06:24:57,"ntc2_C",-5.7297422550941,1071471
11,2026-07-31 06:24:57,"testSB_C",-5.71670109128422,1069451
12,2026-07-31 06:24:57,"ntc1_C",-5.72956521024213,1071033
12,2026-07-31 06:24:57,"ntc2_C",-5.70912037130438,1069537
12,2026-07-31 06:24:57,"testSB_C",-5.75587866131139,1071380
13,2026-07-31 06:24:57,"ntc1_C",-5.70427305108416,1073002
13,2026-07-31 06:24:57,"ntc2_C",-5.69795376443437,1067270
13,2026-07-31 06:24:57,"testSB_C",-5.73125612218843,1070465
14,2026-07-31 06:24:57,"ntc1_C",-5.71238823947158,1068591
14,2026-07-31 06:24:57,"ntc2_C",-5.69697958007447,1070496
14,2026-07-31 06:24:57,"testSB_C",-5.73240168697566,1071890
15,2026-07-31 06:24:57,"ntc1_C",-5.71565801420695,1067906
15,2026-07-31 06:24:57,"ntc2_C",-5.6926184907864,1070549
15,2026-07-31 06:24:57,"testSB_C",-5.70253562333681,1071192
16,2026-07-31 06:24:57,"ntc1_C",-5.69947597745227,1068287
16,2026-07-31 06:24:57,"ntc2_C",-5.6899806964326,1067228
16,2026-07-31 06:24:57,"testSB_C",-5.70473375877947,1067814
17,2026-07-31 06:24:57,"ntc1_C",-5.70196013644073,1068312
17,2026-07-31 06:24:57,"ntc2_C",-5.69698858256652,1067653
17,2026-07-31 06:24:57,"testSB_C",-5.69716041683387,1070906
18,2026-07-31 06:24:57,"ntc1_C",-5.70752247304108,1071808
18,2026-07-31 06:24:57,"ntc2_C",-5.70667487419593,1069101
18,2026-07-31 06:24:57,"testSB_C",-5.69966247689968,1067981
19,2026-07-31 06:24:57,"ntc1_C",-5.71040818348234,1071590
19,2026-07-31 06:24:57,"ntc2_C",-5.71145798699052,1070511
19,2026-07-31 06:24:57,"testSB_C",-5.72828725706233,1072722
20,2026-07-31 06:24:57,"ntc1_C",-5.70544113457134,1069480
20,2026-07-31 06:24:57,"ntc2_C",-5.70708376336427,1071342
20,2026-07-31 06:24:57,"testSB_C",-5.68711613473835,1067189
21,2026-07-31 06:24:57,"ntc1_C",-5.70976567500929,1067760
21,2026-07-31 06:24:57,"ntc2_C",-5.73617426817151,1071433
21,2026-07-31 06:24:57,"testSB_C",-5.73083613009658,1071331
22,2026-07-31 06:24:57,"ntc1_C",-5.6963460094882,1070035
22,2026-07-31 06:24:57,"ntc2_C",-5.70828630986682,1071724
22,2026-07-31 06:24:57,"testSB_C",-5.70220517462872,1068464
23,2026-07-31 06:24:57,"ntc1_C",-5.71718893567697,1073112
23,2026-07-31 06:24:57,"ntc2_C",-5.72155240978634,1070636
23,2026-07-31 06:24:57,"testSB_C",-5.73418562478201,1069338
24,2026-07-31 06:24:57,"ntc1_C",-5.70705767654653,1070507
24,2026-07-31 06:24:57,"ntc2_C",-5.69431750215608,1071586
24,2026-07-31 06:24:57,"testSB_C",-5.67122602861679,1066614
1,2026-07-31 09:24:57,"ntc1_C",-4.43286431303198,1013613
1,2026-07-31 09:24:57,"testSB_C",-4.87396149437194,1034297
2,2026-07-31 09:24:57,"ntc1_C",-4.86351293434598,1033112
2,2026-07-31 09:24:57,"ntc2_C",-4.88023015012942,1033555
2,2026-07-31 09:24:57,"testSB_C",-4.62446831108008,1025257
3,2026-07-31 09:24:57,"ntc1_C",-3.23092764291789,968647
3,2026-07-31 09:24:57,"ntc2_C",-3.67670373143096,985238
3,2026-07-31 09:24:57,"testSB_C",-3.85015604764919,991908
4,2026-07-31 09:24:57,"ntc1_C",-3.40140167039141,974827
4,2026-07-31 09:24:57,"ntc2_C",-3.36153350726994,971019
4,2026-07-31 09:24:57,"testSB_C",-4.01784370122721,997364
5,2026-07-31 09:24:57,"ntc1_C",-4.06204269889213,999204
5,2026-07-31 09:24:57,"ntc2_C",-3.73071884068037,987257
5,2026-07-31 09:24:57,"testSB_C",-4.09656248029552,1002772
6,2026-07-31 09:24:57,"ntc1_C",-4.35056235968096,1011685
6,2026-07-31 09:24:57,"ntc2_C",-3.76193080071624,988861
6,2026-07-31 09:24:57,"testSB_C",-4.1362679108276,1004276
7,2026-07-31 09:24:57,"ntc1_C",-3.85166928908404,991232
7,2026-07-31 09:24:57,"ntc2_C",-3.51268361308126,979375
7,2026-07-31 09:24:57,"testSB_C",-4.55281577526603,1021648
8,2026-07-31 09:24:57,"ntc1_C",-4.12722468885983,1006078
8,2026-07-31 09:24:57,"ntc2_C",-4.14722882193229,1002964
8,2026-07-31 09:24:57,"testSB_C",-3.69121616483915,982869
9,2026-07-31 09:24:57,"ntc1_C",-4.12263514654677,1001724
9,2026-07-31 09:24:57,"ntc2_C",-3.8274943906921,993127
9,2026-07-31 09:24:57,"testSB_C",-4.17780179432413,1005734
10,2026-07-31 09:24:57,"ntc1_C",-4.04135045416518,1000711
10,2026-07-31 09:24:57,"ntc2_C",-3.65051463772846,982472
10,2026-07-31 09:24:57,"testSB_C",-4.06072333857787,999650
11,2026-07-31 09:24:57,"ntc1_C",-4.19954511973583,1007374
11,2026-07-31 09:24:57,"ntc2_C",-3.81119708209928,991213
11,2026-07-31 09:24:57,"testSB_C",-4.08205550451993,1000805
12,2026-07-31 09:24:57,"ntc1_C",-3.46902373955925,977186
12,2026-07-31 09:24:57,"ntc2_C",-3.81283402719185,990325
12,2026-07-31 09:24:57,"testSB_C",-4.09451835194307,1001501
13,2026-07-31 09:24:57,"ntc1_C",-3.96100808825685,999696
13,2026-07-31 09:24:57,"ntc2_C",-3.66673413961638,982797
13,2026-07-31 09:24:57,"testSB_C",-4.2241821244819,1006917
14,2026-07-31 09:24:57,"ntc1_C",-4.0636979622364,999430
14,2026-07-31 09:24:57,"ntc2_C",-3.62733807628734,984278
14,2026-07-31 09:24:57,"testSB_C",-4.01400642159479,999666
15,2026-07-31 09:24:57,"ntc1_C",-4.02675910635992,997174
15,2026-07-31 09:24:57,"ntc2_C",-3.6244090719415,984350
15,2026-07-31 09:24:57,"testSB_C",-3.61010534193377,983971
16,2026-07-31 09:24:57,"ntc1_C",-4.33722216435427,1010791
16,2026-07-31 09:24:57,"ntc2_C",-3.95201680811886,994506
16,2026-07-31 09:24:57,"testSB_C",-4.02096645279022,997236
17,2026-07-31 09:24:57,"ntc1_C",-3.91571341930381,993579
17,2026-07-31 09:24:57,"ntc2_C",-3.83716137183967,990035
17,2026-07-31 09:24:57,"testSB_C",-4.18135139315348,1006983
18,2026-07-31 09:24:57,"ntc1_C",-4.05919238723806,1002451
18,2026-07-31 09:24:57,"ntc2_C",-3.86435574317034,992123
18,2026-07-31 09:24:57,"testSB_C",-4.00169268699807,996816
19,2026-07-31 09:24:57,"ntc1_C",-4.17860203173166,1006966
19,2026-07-31 09:24:57,"ntc2_C",-4.14015148896425,1004334
19,2026-07-31 09:24:57,"testSB_C",-3.97829700648379,999137
20,2026-07-31 09:24:57,"ntc1_C",-3.91168017245576,994344
20,2026-07-31 09:24:57,"ntc2_C",-3.61411787607017,984070
20,2026-07-31 09:24:57,"testSB_C",-3.84026324679337,990104
21,2026-07-31 09:24:57,"ntc1_C",-4.04729756578166,998124
21,2026-07-31 09:24:57,"ntc2_C",-3.64017862459247,984052
21,2026-07-31 09:24:57,"testSB_C",-4.41469747387708,1015564
22,2026-07-31 09:24:57,"ntc1_C",-3.94029708983373,996413
22,2026-07-31 09:24:57,"ntc2_C",-3.69084458638719,987513
22,2026-07-31 09:24:57,"testSB_C",-4.17385257531208,1004184
23,2026-07-31 09:24:57,"ntc1_C",-4.06258927664982,1003402
23,2026-07-31 09:24:57,"ntc2_C",-3.7418245968546,987974
23,2026-07-31 09:24:57,"testSB_C",-4.28425022873165,1008246
24,2026-07-31 09:24:57,"ntc1_C",-4.04971849304417,1000830
24,2026-07-31 09:24:57,"ntc2_C",-3.97838969819577,999480
24,2026-07-31 09:24:57,"testSB_C",-3.18520158809645,964310
1,2026-07-31 12:24:57,"ntc1_C",-1.85312850378341,913079
1,2026-07-31 12:24:57,"testSB_C",-1.85411772885863,915269
2,2026-07-31 12:24:57,"ntc1_C",-2.26942715542378,930026
2,2026-07-31 12:24:57,"ntc2_C",-2.13722438118521,924850
2,2026-07-31 12:24:57,"testSB_C",-1.9897812828462,921592
3,2026-07-31 12:24:57,"ntc1_C",-0.772694877656704,877101
3,2026-07-31 12:24:57,"ntc2_C",-0.893933579444649,880411
3,2026-07-31 12:24:57,"testSB_C",-0.951480278303677,882266
4,2026-07-31 12:24:57,"ntc1_C",-1.00037477348542,884684
4,2026-07-31 12:24:57,"ntc2_C",-0.78819192974953,875165
4,2026-07-31 12:24:57,"testSB_C",-1.28355711044571,892979
5,2026-07-31 12:24:57,"ntc1_C",-1.42392929865025,898039
5,2026-07-31 12:24:57,"ntc2_C",-1.18651203611824,890782
5,2026-07-31 12:24:57,"testSB_C",-1.47473362141051,901870
6,2026-07-31 12:24:57,"ntc1_C",-1.38190745302251,897239
6,2026-07-31 12:24:57,"ntc2_C",-1.12196803048209,888747
6,2026-07-31 12:24:57,"testSB_C",-1.61093860064301,906746
7,2026-07-31 12:24:57,"ntc1_C",-0.989354118489473,882903
7,2026-07-31 12:24:57,"ntc2_C",-1.0073609002647,885053
7,2026-07-31 12:24:57,"testSB_C",-1.75300546525142,912206
8,2026-07-31 12:24:57,"ntc1_C",-1.27327796971605,896381
8,2026-07-31 12:24:57,"ntc2_C",-1.27947239034791,893140
8,2026-07-31 12:24:57,"testSB_C",-1.1992287854892,888695
9,2026-07-31 12:24:57,"ntc1_C",-1.46685403383043,899722
9,2026-07-31 12:24:57,"ntc2_C",-1.07443194819285,888488
9,2026-07-31 12:24:57,"testSB_C",-1.75303334908915,911724
10,2026-07-31 12:24:57,"ntc1_C",-1.4597903193407,901512
10,2026-07-31 12:24:57,"ntc2_C",-1.08560067733589,885730
10,2026-07-31 12:24:57,"testSB_C",-1.36802052272623,896487
11,2026-07-31 12:24:57,"ntc1_C",-1.49211892314759,902904
11,2026-07-31 12:24:57,"ntc2_C",-1.10442108184213,888492
11,2026-07-31 12:24:57,"testSB_C",-1.45605137406153,899983
12,2026-07-31 12:24:57,"ntc1_C",-0.90873084963016,881173
12,2026-07-31 12:24:57,"ntc2_C",-1.03841118718668,885282
12,2026-07-31 12:24:57,"testSB_C",-1.62198640838204,906169
13,2026-07-31 12:24:57,"ntc1_C",-1.1305131639873,891578
13,2026-07-31 12:24:57,"ntc2_C",-0.92505909976785,879687
13,2026-07-31 12:24:57,"testSB_C",-1.38449630690849,897622
14,2026-07-31 12:24:57,"ntc1_C",-1.06180870649683,885220
14,2026-07-31 12:24:57,"ntc2_C",-1.02000838723018,885851
14,2026-07-31 12:24:57,"testSB_C",-1.28631041567905,895253
15,2026-07-31 12:24:57,"ntc1_C",-1.32265924316829,893915
15,2026-07-31 12:24:57,"ntc2_C",-1.00168314126103,885331
15,2026-07-31 12:24:57,"testSB_C",-1.00374163349585,885570
16,2026-07-31 12:24:57,"ntc1_C",-1.45144136021884,899381
16,2026-07-31 12:24:57,"ntc2_C",-1.11495740942684,886688
16,2026-07-31 12:24:57,"testSB_C",-1.34603176906614,894938
17,2026-07-31 12:24:57,"ntc1_C",-1.18225555529563,889587
17,2026-07-31 12:24:57,"ntc2_C",-1.1562699794747,888342
17,2026-07-31 12:24:57,"testSB_C",-1.45337057319347,901748
18,2026-07-31 12:24:57,"ntc1_C",-1.2297323038502,894078
18,2026-07-31 12:24:57,"ntc2_C",-1.26123804920559,893063
18,2026-07-31 12:24:57,"testSB_C",-1.21340539967048,890475
19,2026-07-31 12:24:57,"ntc1_C",-1.32551359585932,897186
19,2026-07-31 12:24:57,"ntc2_C",-1.22441059845852,892577
19,2026-07-31 12:24:57,"testSB_C",-1.30827654320365,896834
20,2026-07-31 12:24:57,"ntc1_C",-1.04425774799876,885450
20,2026-07-31 12:24:57,"ntc2_C",-0.922828840395539,882609
20,2026-07-31 12:24:57,"testSB_C",-0.985016550157297,882157
21,2026-07-31 12:24:57,"ntc1_C",-1.20776537024784,889917
21,2026-07-31 12:24:57,"ntc2_C",-1.08525425265555,887483
21,2026-07-31 12:24:57,"testSB_C",-1.71342613347429,910363
22,2026-07-31 12:24:57,"ntc1_C",-1.14293896313438,889850
22,2026-07-31 12:24:57,"ntc2_C",-0.877309311361785,881436
22,2026-07-31 12:24:57,"testSB_C",-1.46589075761943,900001
23,2026-07-31 12:24:57,"ntc1_C",-1.42661207018381,901921
23,2026-07-31 12:24:57,"ntc2_C",-1.10496150256529,888078
23,2026-07-31 12:24:57,"testSB_C",-1.71522531392691,908765
24,2026-07-31 12:24:57,"ntc1_C",-1.29612904320095,895316
24,2026-07-31 12:24:57,"ntc2_C",-1.32286823719545,897692
24,2026-07-31 12:24:57,"testSB_C",-0.87794013399872,878512
1,2026-07-31 15:24:57,"ntc1_C",1.91587724972084,784650
1,2026-07-31 15:24:57,"testSB_C",2.05246086485897,782273
2,2026-07-31 15:24:57,"ntc1_C",1.88894307504131,786706
2,2026-07-31 15:24:57,"ntc2_C",2.83383194091596,757367
2,2026-07-31 15:24:57,"testSB_C",2.29532052318933,775859
3,2026-07-31 15:24:57,"ntc1_C",3.36170132950372,743133
3,2026-07-31 15:24:57,"ntc2_C",3.92674782599403,725712
3,2026-07-31 15:24:57,"testSB_C",4.42894024164264,711295
4,2026-07-31 15:24:57,"ntc1_C",3.79352714492609,730010
4,2026-07-31 15:24:57,"ntc2_C",3.86397441250057,726366
4,2026-07-31 15:24:57,"testSB_C",4.41832283136443,710661
5,2026-07-31 15:24:57,"ntc1_C",4.16354893558793,717793
5,2026-07-31 15:24:57,"ntc2_C",3.87708802606278,727185
5,2026-07-31 15:24:57,"testSB_C",4.57475379522924,707776
6,2026-07-31 15:24:57,"ntc1_C",4.05024568836922,721737
6,2026-07-31 15:24:57,"ntc2_C",3.8167487130396,729099
6,2026-07-31 15:24:57,"testSB_C",4.43633922731527,711602
7,2026-07-31 15:24:57,"ntc1_C",4.52628752929843,707905
7,2026-07-31 15:24:57,"ntc2_C",3.52345499789959,738003
7,2026-07-31 15:24:57,"testSB_C",3.97967466153744,724881
8,2026-07-31 15:24:57,"ntc1_C",4.28006240475565,717537
8,2026-07-31 15:24:57,"ntc2_C",4.5976767016009,705875
8,2026-07-31 15:24:57,"testSB_C",3.67088215143184,731100
9,2026-07-31 15:24:57,"ntc1_C",4.30417954191756,714040
9,2026-07-31 15:24:57,"ntc2_C",4.44018395559533,712376
9,2026-07-31 15:24:57,"testSB_C",4.22091132412919,717533
10,2026-07-31 15:24:57,"ntc1_C",4.41263095570048,712546
10,2026-07-31 15:24:57,"ntc2_C",3.87052601488494,726193
10,2026-07-31 15:24:57,"testSB_C",4.28149209054754,714851
11,2026-07-31 15:24:57,"ntc1_C",4.32934275648756,715100
11,2026-07-31 15:24:57,"ntc2_C",4.17080167898831,719262
11,2026-07-31 15:24:57,"testSB_C",4.28782728297665,715007
12,2026-07-31 15:24:57,"ntc1_C",3.53038568624538,737550
12,2026-07-31 15:24:57,"ntc2_C",4.26193285740533,715964
12,2026-07-31 15:24:57,"testSB_C",3.97048114196173,724133
13,2026-07-31 15:24:57,"ntc1_C",3.85250120902424,730109
13,2026-07-31 15:24:57,"ntc2_C",4.39023197494004,710969
13,2026-07-31 15:24:57,"testSB_C",4.50077692850431,709019
14,2026-07-31 15:24:57,"ntc1_C",4.59540742053179,705806
14,2026-07-31 15:24:57,"ntc2_C",4.22441013511764,718001
14,2026-07-31 15:24:57,"testSB_C",4.19958171852784,718557
15,2026-07-31 15:24:57,"ntc1_C",4.32377359984531,712977
15,2026-07-31 15:24:57,"ntc2_C",4.04572058386407,723188
15,2026-07-31 15:24:57,"testSB_C",3.87580000234937,728216
16,2026-07-31 15:24:57,"ntc1_C",4.12642242275444,719137
16,2026-07-31 15:24:57,"ntc2_C",4.72969419303672,701618
16,2026-07-31 15:24:57,"testSB_C",4.20384869798693,716394
17,2026-07-31 15:24:57,"ntc1_C",4.50660804556753,708247
17,2026-07-31 15:24:57,"ntc2_C",4.15178293061712,718113
17,2026-07-31 15:24:57,"testSB_C",4.59149392590439,707731
18,2026-07-31 15:24:57,"ntc1_C",4.47574410921476,711393
18,2026-07-31 15:24:57,"ntc2_C",3.78513610932487,729548
18,2026-07-31 15:24:57,"testSB_C",4.14341316102974,718348
19,2026-07-31 15:24:57,"ntc1_C",4.40514688626553,713057
19,2026-07-31 15:24:57,"ntc2_C",4.00868517647768,723609
19,2026-07-31 15:24:57,"testSB_C",4.32156589909033,715636
20,2026-07-31 15:24:57,"ntc1_C",4.43910831685145,710756
20,2026-07-31 15:24:57,"ntc2_C",3.86972456280267,728288
20,2026-07-31 15:24:57,"testSB_C",4.58678345331714,705723
21,2026-07-31 15:24:57,"ntc1_C",4.5127185657235,707789
21,2026-07-31 15:24:57,"ntc2_C",3.66442885974385,733555
21,2026-07-31 15:24:57,"testSB_C",4.39588336236585,712569
22,2026-07-31 15:24:57,"ntc1_C",4.52779660096769,709065
22,2026-07-31 15:24:57,"ntc2_C",4.25850612025187,717667
22,2026-07-31 15:24:57,"testSB_C",4.10161477314739,720017
23,2026-07-31 15:24:57,"ntc1_C",3.81176180296973,731008
23,2026-07-31 15:24:57,"ntc2_C",4.09097510742077,721145
23,2026-07-31 15:24:57,"testSB_C",4.23094304353066,716168
24,2026-07-31 15:24:57,"ntc1_C",4.53274460308347,708789
24,2026-07-31 15:24:57,"ntc2_C",4.04282696337418,723929
24,2026-07-31 15:24:57,"testSB_C",4.46472534213439,709341
1,2026-07-31 18:24:57,"ntc1_C",0.783310450796307,821100
1,2026-07-31 18:24:57,"testSB_C",0.420934295226402,835142
2,2026-07-31 18:24:57,"ntc1_C",1.12100583269586,811301
2,2026-07-31 18:24:57,"ntc2_C",1.94656490223099,784723
2,2026-07-31 18:24:57,"testSB_C",0.885099565547137,820922
3,2026-07-31 18:24:57,"ntc1_C",2.45232524248945,770612
3,2026-07-31 18:24:57,"ntc2_C",3.18645151276655,747455
3,2026-07-31 18:24:57,"testSB_C",4.17644717240671,718473
4,2026-07-31 18:24:57,"ntc1_C",2.96091642643705,754660
4,2026-07-31 18:24:57,"ntc2_C",2.99453231819695,751983
4,2026-07-31 18:24:57,"testSB_C",4.2452986810452,715567
5,2026-07-31 18:24:57,"ntc1_C",3.95132962601161,723884
5,2026-07-31 18:24:57,"ntc2_C",3.20843356605076,746821
5,2026-07-31 18:24:57,"testSB_C",4.06059487106859,722398
6,2026-07-31 18:24:57,"ntc1_C",3.77612652059639,729655
6,2026-07-31 18:24:57,"ntc2_C",3.1182716754991,749691
6,2026-07-31 18:24:57,"testSB_C",4.06716915394861,722130
7,2026-07-31 18:24:57,"ntc1_C",4.21723189702379,716661
7,2026-07-31 18:24:57,"ntc2_C",2.57014649502463,766631
7,2026-07-31 18:24:57,"testSB_C",3.61528707189274,735476
8,2026-07-31 18:24:57,"ntc1_C",3.98211145738361,726096
8,2026-07-31 18:24:57,"ntc2_C",4.43521103287929,710446
8,2026-07-31 18:24:57,"testSB_C",2.88094172615519,754493
9,2026-07-31 18:24:57,"ntc1_C",4.17160935714105,717813
9,2026-07-31 18:24:57,"ntc2_C",3.79542177439725,730894
9,2026-07-31 18:24:57,"testSB_C",4.01292100808013,723496
10,2026-07-31 18:24:57,"ntc1_C",4.04909921703734,722922
10,2026-07-31 18:24:57,"ntc2_C",2.98135154986983,752393
10,2026-07-31 18:24:57,"testSB_C",3.52633274912438,736675
11,2026-07-31 18:24:57,"ntc1_C",4.07801367233907,722283
11,2026-07-31 18:24:57,"ntc2_C",3.50890285627287,738469
11,2026-07-31 18:24:57,"testSB_C",4.0752126610144,721078
12,2026-07-31 18:24:57,"ntc1_C",2.68016143551637,762999
12,2026-07-31 18:24:57,"ntc2_C",3.66229674537362,733259
12,2026-07-31 18:24:57,"testSB_C",3.66530760166762,732988
13,2026-07-31 18:24:57,"ntc1_C",3.53825386492139,739312
13,2026-07-31 18:24:57,"ntc2_C",3.62240549699845,733046
13,2026-07-31 18:24:57,"testSB_C",4.08104100849027,720962
14,2026-07-31 18:24:57,"ntc1_C",4.35919962786238,712465
14,2026-07-31 18:24:57,"ntc2_C",3.39209797176773,742204
14,2026-07-31 18:24:57,"testSB_C",3.8277796470677,729273
15,2026-07-31 18:24:57,"ntc1_C",3.85990580767913,726258
15,2026-07-31 18:24:57,"ntc2_C",3.31239223267607,744638
15,2026-07-31 18:24:57,"testSB_C",3.02195211693743,753446
16,2026-07-31 18:24:57,"ntc1_C",3.92421682215638,724951
16,2026-07-31 18:24:57,"ntc2_C",4.05712255860186,720645
16,2026-07-31 18:24:57,"testSB_C",3.85067509648184,726542
17,2026-07-31 18:24:57,"ntc1_C",4.07671440754149,720470
17,2026-07-31 18:24:57,"ntc2_C",3.95981647155571,723623
17,2026-07-31 18:24:57,"testSB_C",4.33435977806823,715008
18,2026-07-31 18:24:57,"ntc1_C",4.13654553144698,721059
18,2026-07-31 18:24:57,"ntc2_C",3.10841513814046,749493
18,2026-07-31 18:24:57,"testSB_C",3.81861870665688,727704
19,2026-07-31 18:24:57,"ntc1_C",4.03253518382706,723713
19,2026-07-31 18:24:57,"ntc2_C",3.45558708678129,739742
19,2026-07-31 18:24:57,"testSB_C",3.74240340131479,732337
20,2026-07-31 18:24:57,"ntc1_C",4.22811049727022,716751
20,2026-07-31 18:24:57,"ntc2_C",2.92792629338811,756182
20,2026-07-31 18:24:57,"testSB_C",4.19372620418983,716844
21,2026-07-31 18:24:57,"ntc1_C",4.37574715861547,711652
21,2026-07-31 18:24:57,"ntc2_C",2.83756124795019,758166
21,2026-07-31 18:24:57,"testSB_C",4.12560316683988,720275
22,2026-07-31 18:24:57,"ntc1_C",4.43297070517502,711743
22,2026-07-31 18:24:57,"ntc2_C",3.3992141400422,742634
22,2026-07-31 18:24:57,"testSB_C",3.99475194490367,723085
23,2026-07-31 18:24:57,"ntc1_C",3.53533392127866,739107
23,2026-07-31 18:24:57,"ntc2_C",3.3866449393451,741669
23,2026-07-31 18:24:57,"testSB_C",3.7876370348385,728905
24,2026-07-31 18:24:57,"ntc1_C",4.3379497897069,714304
24,2026-07-31 18:24:57,"ntc2_C",3.45879908985125,740976
24,2026-07-31 18:24:57,"testSB_C",4.28931444262457,714306
1,2026-07-31 21:24:57,"ntc1_C",-7.31180689103331,1139511
1,2026-07-31 21:24:57,"testSB_C",-7.21975882215293,1137797
2,2026-07-31 21:24:57,"ntc1_C",-6.89220726174113,1121958
2,2026-07-31 21:24:57,"ntc2_C",-6.50595576599051,1104170
2,2026-07-31 21:24:57,"testSB_C",-6.7913092399267,1119567
3,2026-07-31 21:24:57,"ntc1_C",-5.0897753458168,1044469
3,2026-07-31 21:24:57,"ntc2_C",-5.0131479902139,1040136
3,2026-07-31 21:24:57,"testSB_C",-4.53061367584627,1019652
4,2026-07-31 21:24:57,"ntc1_C",-4.72792721037121,1028697
4,2026-07-31 21:24:57,"ntc2_C",-4.66424036098761,1023669
4,2026-07-31 21:24:57,"testSB_C",-4.08160343630567,999945
5,2026-07-31 21:24:57,"ntc1_C",-4.14485567621728,1002566
5,2026-07-31 21:24:57,"ntc2_C",-4.21482647681228,1006819
5,2026-07-31 21:24:57,"testSB_C",-3.89247663757607,994510
6,2026-07-31 21:24:57,"ntc1_C",-3.7528993517268,987476
6,2026-07-31 21:24:57,"ntc2_C",-3.972964350099,997357
6,2026-07-31 21:24:57,"testSB_C",-3.5093726315942,979085
7,2026-07-31 21:24:57,"ntc1_C",-3.15419712128579,963613
7,2026-07-31 21:24:57,"ntc2_C",-3.66240803090045,985335
7,2026-07-31 21:24:57,"testSB_C",-3.04883088063525,961251
8,2026-07-31 21:24:57,"ntc1_C",-3.0027666474441,961269
8,2026-07-31 21:24:57,"ntc2_C",-2.76468650660729,948352
8,2026-07-31 21:24:57,"testSB_C",-3.05249901758231,957776
9,2026-07-31 21:24:57,"ntc1_C",-2.60988565599553,942221
9,2026-07-31 21:24:57,"ntc2_C",-2.71684320702565,949439
9,2026-07-31 21:24:57,"testSB_C",-2.50885528687701,939999
10,2026-07-31 21:24:57,"ntc1_C",-2.33442558596113,933914
10,2026-07-31 21:24:57,"ntc2_C",-2.63961921145102,943084
10,2026-07-31 21:24:57,"testSB_C",-2.31721297650023,931518
11,2026-07-31 21:24:57,"ntc1_C",-2.26764926326524,931616
11,2026-07-31 21:24:57,"ntc2_C",-2.46669198483397,938718
11,2026-07-31 21:24:57,"testSB_C",-2.14828489146339,925482
12,2026-07-31 21:24:57,"ntc1_C",-2.69603465458096,947094
12,2026-07-31 21:24:57,"ntc2_C",-2.27576180561971,930609
12,2026-07-31 21:24:57,"testSB_C",-2.35456309292204,933382
13,2026-07-31 21:24:57,"ntc1_C",-2.20108983872694,930957
13,2026-07-31 21:24:57,"ntc2_C",-2.32905567575784,930993
13,2026-07-31 21:24:57,"testSB_C",-2.04018013255626,921705
14,2026-07-31 21:24:57,"ntc1_C",-1.89007438795369,915297
14,2026-07-31 21:24:57,"ntc2_C",-2.33675148066328,934201
14,2026-07-31 21:24:57,"testSB_C",-1.96152877914847,919988
15,2026-07-31 21:24:57,"ntc1_C",-2.04757175774949,920448
15,2026-07-31 21:24:57,"ntc2_C",-1.94375196973891,919639
15,2026-07-31 21:24:57,"testSB_C",-2.0998576047312,925634
16,2026-07-31 21:24:57,"ntc1_C",-1.69851534103918,908396
16,2026-07-31 21:24:57,"ntc2_C",-1.9587350960544,917412
16,2026-07-31 21:24:57,"testSB_C",-1.83655969580929,912840
17,2026-07-31 21:24:57,"ntc1_C",-1.77817613635045,911244
17,2026-07-31 21:24:57,"ntc2_C",-1.78599174892821,911203
17,2026-07-31 21:24:57,"testSB_C",-1.71792232968915,911430
18,2026-07-31 21:24:57,"ntc1_C",-1.57078675623808,906464
18,2026-07-31 21:24:57,"ntc2_C",-1.84207603465808,914231
18,2026-07-31 21:24:57,"testSB_C",-1.56635338563848,903252
19,2026-07-31 21:24:57,"ntc1_C",-1.41748582154503,900522
19,2026-07-31 21:24:57,"ntc2_C",-1.59497297948809,906027
19,2026-07-31 21:24:57,"testSB_C",-1.24186663013404,894434
20,2026-07-31 21:24:57,"ntc1_C",-0.776224020360473,875931
20,2026-07-31 21:24:57,"ntc2_C",-1.1884424707593,892116
20,2026-07-31 21:24:57,"testSB_C",-0.411241321532202,861997
21,2026-07-31 21:24:57,"ntc1_C",-0.345065518609204,859537
21,2026-07-31 21:24:57,"ntc2_C",-0.914810115523835,881405
21,2026-07-31 21:24:57,"testSB_C",-0.619137591235074,871055
22,2026-07-31 21:24:57,"ntc1_C",-0.213067783882309,857136
22,2026-07-31 21:24:57,"ntc2_C",-0.641530049076039,873108
22,2026-07-31 21:24:57,"testSB_C",-0.418201337255255,862796
23,2026-07-31 21:24:57,"ntc1_C",-0.563072221021059,871064
23,2026-07-31 21:24:57,"ntc2_C",-0.832384741656483,878374
23,2026-07-31 21:24:57,"testSB_C",-0.943237684084181,880925
24,2026-07-31 21:24:57,"ntc1_C",-0.668612081552226,872944
24,2026-07-31 21:24:57,"ntc2_C",-0.9234396788097,883348
24,2026-07-31 21:24:57,"testSB_C",-0.585000870484976,868207
1,2026-08-01 00:24:57,"ntc1_C",-16.6675044764247,1669162
1,2026-08-01 00:24:57,"testSB_C",-16.7653113967519,1679260
2,2026-08-01 00:24:57,"ntc1_C",-16.6401493248535,1669808
2,2026-08-01 00:24:57,"ntc2_C",-16.6658694658727,1671066
2,2026-08-01 00:24:57,"testSB_C",-16.6219841535336,1671113
3,2026-08-01 00:24:57,"ntc1_C",-16.6000144508282,1669499
3,2026-08-01 00:24:57,"ntc2_C",-16.6142702279411,1669060
3,2026-08-01 00:24:57,"testSB_C",-16.6181211748808,1668436
4,2026-08-01 00:24:57,"ntc1_C",-16.6080371670938,1669432
4,2026-08-01 00:24:57,"ntc2_C",-16.521755750307,1659584
4,2026-08-01 00:24:57,"testSB_C",-16.656825437715,1669012
5,2026-08-01 00:24:57,"ntc1_C",-16.5974344215365,1665527
5,2026-08-01 00:24:57,"ntc2_C",-16.5779972361489,1666080
5,2026-08-01 00:24:57,"testSB_C",-16.5712756491741,1667000
6,2026-08-01 00:24:57,"ntc1_C",-16.565668579094,1663785
6,2026-08-01 00:24:57,"ntc2_C",-16.4845292867121,1660586
6,2026-08-01 00:24:57,"testSB_C",-16.5635373718538,1666136
7,2026-08-01 00:24:57,"ntc1_C",-16.477479526868,1658195
7,2026-08-01 00:24:57,"ntc2_C",-16.4300179988979,1657776
7,2026-08-01 00:24:57,"testSB_C",-16.5188725771281,1663554
8,2026-08-01 00:24:57,"ntc1_C",-16.4174142561904,1660123
8,2026-08-01 00:24:57,"ntc2_C",-16.4259327522433,1654144
8,2026-08-01 00:24:57,"testSB_C",-16.4862190378665,1655310
9,2026-08-01 00:24:57,"ntc1_C",-16.4690848032671,1656455
9,2026-08-01 00:24:57,"ntc2_C",-16.410967848145,1658602
9,2026-08-01 00:24:57,"testSB_C",-16.3949204308825,1654763
10,2026-08-01 00:24:57,"ntc1_C",-16.4501630119351,1658883
10,2026-08-01 00:24:57,"ntc2_C",-16.3805158351824,1650225
10,2026-08-01 00:24:57,"testSB_C",-16.4039504562651,1653106
11,2026-08-01 00:24:57,"ntc1_C",-16.4025198966839,1655970
11,2026-08-01 00:24:57,"ntc2_C",-16.3588291169062,1652531
11,2026-08-01 00:24:57,"testSB_C",-16.3870089973648,1652131
12,2026-08-01 00:24:57,"ntc1_C",-16.3416588934598,1650576
12,2026-08-01 00:24:57,"ntc2_C",-16.3697225910782,1651556
12,2026-08-01 00:24:57,"testSB_C",-16.3387117610545,1649388
13,2026-08-01 00:24:57,"ntc1_C",-16.3766123211153,1657735
13,2026-08-01 00:24:57,"ntc2_C",-16.2990142277336,1644446
13,2026-08-01 00:24:57,"testSB_C",-16.3681415554618,1651622
14,2026-08-01 00:24:57,"ntc1_C",-16.3598889377862,1649185
14,2026-08-01 00:24:57,"ntc2_C",-16.3401785066647,1651783
14,2026-08-01 00:24:57,"testSB_C",-16.401002558135,1655807
15,2026-08-01 00:24:57,"ntc1_C",-16.3330845170659,1646031
15,2026-08-01 00:24:57,"ntc2_C",-16.2935742517178,1649380
15,2026-08-01 00:24:57,"testSB_C",-16.2903922124143,1649438
16,2026-08-01 00:24:57,"ntc1_C",-16.3540239715244,1649511
16,2026-08-01 00:24:57,"ntc2_C",-16.3001965707187,1645070
16,2026-08-01 00:24:57,"testSB_C",-16.3199710657994,1646347
17,2026-08-01 00:24:57,"ntc1_C",-16.2793569079043,1644346
17,2026-08-01 00:24:57,"ntc2_C",-16.2942880781788,1644403
17,2026-08-01 00:24:57,"testSB_C",-16.2610667956293,1647266
18,2026-08-01 00:24:57,"ntc1_C",-16.2176801825295,1644818
18,2026-08-01 00:24:57,"ntc2_C",-16.208734794498,1639877
18,2026-08-01 00:24:57,"testSB_C",-16.228368827224,1640771
19,2026-08-01 00:24:57,"ntc1_C",-16.2715164030415,1648244
19,2026-08-01 00:24:57,"ntc2_C",-16.1971564368415,1641623
19,2026-08-01 00:24:57,"testSB_C",-16.1968679984848,1643903
20,2026-08-01 00:24:57,"ntc1_C",-16.1932863858515,1640325
20,2026-08-01 00:24:57,"ntc2_C",-16.1691248979757,1641373
20,2026-08-01 00:24:57,"testSB_C",-16.1191978350525,1632963
21,2026-08-01 00:24:57,"ntc1_C",-16.1498363409615,1633801
21,2026-08-01 00:24:57,"ntc2_C",-16.1074496110413,1635305
21,2026-08-01 00:24:57,"testSB_C",-16.1466206729618,1638213
22,2026-08-01 00:24:57,"ntc1_C",-16.0936931221056,1634951
22,2026-08-01 00:24:57,"ntc2_C",-16.0651623738198,1634503
22,2026-08-01 00:24:57,"testSB_C",-16.1519065575887,1636064
23,2026-08-01 00:24:57,"ntc1_C",-16.0928011964849,1637977
23,2026-08-01 00:24:57,"ntc2_C",-16.1206166155774,1635955
23,2026-08-01 00:24:57,"testSB_C",-16.0537842368832,1628053
24,2026-08-01 00:24:57,"ntc1_C",-16.0933895511467,1635025
24,2026-08-01 00:24:57,"ntc2_C",-16.056737686817,1634911
24,2026-08-01 00:24:57,"testSB_C",-16.1391573081762,1634263
1,2026-08-01 03:24:57,"ntc1_C",-15.4388042882827,1587671
1,2026-08-01 03:24:57,"testSB_C",-15.4078257815347,1588964
2,2026-08-01 03:24:57,"ntc1_C",-15.2314172180567,1576685
2,2026-08-01 03:24:57,"ntc2_C",-15.1844323390491,1573212
2,2026-08-01 03:24:57,"testSB_C",-15.0981016925705,1570636
3,2026-08-01 03:24:57,"ntc1_C",-15.2913684193159,1582893
3,2026-08-01 03:24:57,"ntc2_C",-15.2215361513252,1577027
3,2026-08-01 03:24:57,"testSB_C",-15.0953674159711,1568145
4,2026-08-01 03:24:57,"ntc1_C",-15.1825199289214,1575277
4,2026-08-01 03:24:57,"ntc2_C",-15.1396987073226,1568760
4,2026-08-01 03:24:57,"testSB_C",-15.1050729109611,1566816
5,2026-08-01 03:24:57,"ntc1_C",-15.0658818614751,1564777
5,2026-08-01 03:24:57,"ntc2_C",-15.0717305098374,1566960
5,2026-08-01 03:24:57,"testSB_C",-14.9758876627819,1562134
6,2026-08-01 03:24:57,"ntc1_C",-14.9260707169418,1556373
6,2026-08-01 03:24:57,"ntc2_C",-15.0096896474553,1563772
6,2026-08-01 03:24:57,"testSB_C",-14.9243416421129,1558563
7,2026-08-01 03:24:57,"ntc1_C",-14.8714156712078,1553159
7,2026-08-01 03:24:57,"ntc2_C",-14.9223080125225,1559011
7,2026-08-01 03:24:57,"testSB_C",-14.9472524788847,1560424
8,2026-08-01 03:24:57,"ntc1_C",-14.9060179576313,1561005
8,2026-08-01 03:24:57,"ntc2_C",-14.8065548210179,1548543
8,2026-08-01 03:24:57,"testSB_C",-14.9241672425168,1553259
9,2026-08-01 03:24:57,"ntc1_C",-14.8425026783942,1550281
9,2026-08-01 03:24:57,"ntc2_C",-14.8667857132345,1557458
9,2026-08-01 03:24:57,"testSB_C",-14.8221076030032,1552045
10,2026-08-01 03:24:57,"ntc1_C",-14.8071560158019,1551534
10,2026-08-01 03:24:57,"ntc2_C",-14.8213186489252,1548666
10,2026-08-01 03:24:57,"testSB_C",-14.7934968172812,1548117
11,2026-08-01 03:24:57,"ntc1_C",-14.7473309476016,1548036
11,2026-08-01 03:24:57,"ntc2_C",-14.7483941799013,1547608
11,2026-08-01 03:24:57,"testSB_C",-14.7194644948971,1543640
12,2026-08-01 03:24:57,"ntc1_C",-14.6941153892473,1543462
12,2026-08-01 03:24:57,"ntc2_C",-14.66345331138,1540684
12,2026-08-01 03:24:57,"testSB_C",-14.742927110995,1545569
13,2026-08-01 03:24:57,"ntc1_C",-14.6895743242391,1547669
13,2026-08-01 03:24:57,"ntc2_C",-14.566916060945,1532368
13,2026-08-01 03:24:57,"testSB_C",-14.6134292051389,1537676
14,2026-08-01 03:24:57,"ntc1_C",-14.6150525760807,1536054
14,2026-08-01 03:24:57,"ntc2_C",-14.5881243946379,1538038
14,2026-08-01 03:24:57,"testSB_C",-14.6818591847117,1543842
15,2026-08-01 03:24:57,"ntc1_C",-14.5999935413063,1533856
15,2026-08-01 03:24:57,"ntc2_C",-14.5597139450612,1536876
15,2026-08-01 03:24:57,"testSB_C",-14.6364262878265,1541961
16,2026-08-01 03:24:57,"ntc1_C",-14.6093929032545,1536324
16,2026-08-01 03:24:57,"ntc2_C",-14.540646793387,1531222
16,2026-08-01 03:24:57,"testSB_C",-14.5236445761178,1530111
17,2026-08-01 03:24:57,"ntc1_C",-14.5586326657087,1533007
17,2026-08-01 03:24:57,"ntc2_C",-14.5835099627969,1533723
17,2026-08-01 03:24:57,"testSB_C",-14.5182949383419,1534383
18,2026-08-01 03:24:57,"ntc1_C",-14.5432886089372,1536409
18,2026-08-01 03:24:57,"ntc2_C",-14.5460335814547,1532550
18,2026-08-01 03:24:57,"testSB_C",-14.5612044778146,1532986
19,2026-08-01 03:24:57,"ntc1_C",-14.4837650212658,1532459
19,2026-08-01 03:24:57,"ntc2_C",-14.4753857010828,1530394
19,2026-08-01 03:24:57,"testSB_C",-14.4735380183802,1532418
20,2026-08-01 03:24:57,"ntc1_C",-14.413150920049,1525522
20,2026-08-01 03:24:57,"ntc2_C",-14.4761617099016,1531949
20,2026-08-01 03:24:57,"testSB_C",-14.462050278806,1526320
21,2026-08-01 03:24:57,"ntc1_C",-14.4176854661688,1522523
21,2026-08-01 03:24:57,"ntc2_C",-14.4058460652529,1525762
21,2026-08-01 03:24:57,"testSB_C",-14.4403949910198,1528177
22,2026-08-01 03:24:57,"ntc1_C",-14.3482346849366,1522691
22,2026-08-01 03:24:57,"ntc2_C",-14.3370491876286,1523396
22,2026-08-01 03:24:57,"testSB_C",-14.3805881702188,1522112
23,2026-08-01 03:24:57,"ntc1_C",-14.3453246390915,1525432
23,2026-08-01 03:24:57,"ntc2_C",-14.3633624550181,1522899
23,2026-08-01 03:24:57,"testSB_C",-14.3858111031645,1521185
24,2026-08-01 03:24:57,"ntc1_C",-14.3355602421225,1521985
24,2026-08-01 03:24:57,"ntc2_C",-14.2968137580149,1521772
24,2026-08-01 03:24:57,"testSB_C",-14.4213621683987,1523790
1,2026-08-01 06:24:57,"ntc1_C",-12.5649856034275,1411973
1,2026-08-01 06:24:57,"testSB_C",-12.8910939086394,1433949
2,2026-08-01 06:24:57,"ntc1_C",-12.865900428545,1431620
2,2026-08-01 06:24:57,"ntc2_C",-12.884966182787,1432330
2,2026-08-01 06:24:57,"testSB_C",-12.7486548554398,1427208
3,2026-08-01 06:24:57,"ntc1_C",-10.4713717788375,1300375
3,2026-08-01 06:24:57,"ntc2_C",-10.9009125171275,1322117
3,2026-08-01 06:24:57,"testSB_C",-10.9547475354403,1324454
4,2026-08-01 06:24:57,"ntc1_C",-10.4151733790626,1296803
4,2026-08-01 06:24:57,"ntc2_C",-10.3139963906436,1288402
4,2026-08-01 06:24:57,"testSB_C",-11.1071887079987,1331020
5,2026-08-01 06:24:57,"ntc1_C",-11.1844550211678,1335508
5,2026-08-01 06:24:57,"ntc2_C",-10.8775631742097,1320522
5,2026-08-01 06:24:57,"testSB_C",-11.0824885147034,1332687
6,2026-08-01 06:24:57,"ntc1_C",-11.0806028700648,1330481
6,2026-08-01 06:24:57,"ntc2_C",-10.8879529601431,1321685
6,2026-08-01 06:24:57,"testSB_C",-11.277835387509,1343147
7,2026-08-01 06:24:57,"ntc1_C",-11.0058259602321,1326456
7,2026-08-01 06:24:57,"ntc2_C",-10.4680316081592,1299855
7,2026-08-01 06:24:57,"testSB_C",-11.3880267714894,1349538
8,2026-08-01 06:24:57,"ntc1_C",-11.3130571958234,1348128
8,2026-08-01 06:24:57,"ntc2_C",-11.1570814817928,1334276
8,2026-08-01 06:24:57,"testSB_C",-10.8868106848481,1317316
9,2026-08-01 06:24:57,"ntc1_C",-11.3220670101333,1342877
9,2026-08-01 06:24:57,"ntc2_C",-11.0831194290358,1334565
9,2026-08-01 06:24:57,"testSB_C",-11.3038847497515,1344438
10,2026-08-01 06:24:57,"ntc1_C",-11.3179317064746,1345704
10,2026-08-01 06:24:57,"ntc2_C",-10.7786147812777,1313143
10,2026-08-01 06:24:57,"testSB_C",-11.3452951062939,1344890
11,2026-08-01 06:24:57,"ntc1_C",-11.5265336045014,1357463
11,2026-08-01 06:24:57,"ntc2_C",-11.1403898766149,1335762
11,2026-08-01 06:24:57,"testSB_C",-11.2707632525469,1341035
12,2026-08-01 06:24:57,"ntc1_C",-10.6956686933618,1311167
12,2026-08-01 06:24:57,"ntc2_C",-11.0628834667976,1330217
12,2026-08-01 06:24:57,"testSB_C",-11.3347956968525,1344901
13,2026-08-01 06:24:57,"ntc1_C",-11.3338982031686,1349671
13,2026-08-01 06:24:57,"ntc2_C",-11.0490442882585,1327401
13,2026-08-01 06:24:57,"testSB_C",-11.3570617159085,1346344
14,2026-08-01 06:24:57,"ntc1_C",-11.2079698423473,1336736
14,2026-08-01 06:24:57,"ntc2_C",-11.0911321159808,1333580
14,2026-08-01 06:24:57,"testSB_C",-11.1996319059303,1339384
15,2026-08-01 06:24:57,"ntc1_C",-11.3173328658739,1341634
15,2026-08-01 06:24:57,"ntc2_C",-10.7502791081085,1315587
15,2026-08-01 06:24:57,"testSB_C",-10.772535708829,1317035
16,2026-08-01 06:24:57,"ntc1_C",-11.298098239861,1342126
16,2026-08-01 06:24:57,"ntc2_C",-11.3424451091212,1343812
16,2026-08-01 06:24:57,"testSB_C",-11.3327950653538,1343231
17,2026-08-01 06:24:57,"ntc1_C",-11.306748656783,1342489
17,2026-08-01 06:24:57,"ntc2_C",-11.2509511046923,1338769
17,2026-08-01 06:24:57,"testSB_C",-11.5133188975317,1357349
18,2026-08-01 06:24:57,"ntc1_C",-11.3756363204575,1350207
18,2026-08-01 06:24:57,"ntc2_C",-11.0271275789382,1327714
18,2026-08-01 06:24:57,"testSB_C",-11.3482727463742,1344559
19,2026-08-01 06:24:57,"ntc1_C",-11.3679056406546,1349493
19,2026-08-01 06:24:57,"ntc2_C",-11.3461928008089,1346920
19,2026-08-01 06:24:57,"testSB_C",-11.2377054774632,1342834
20,2026-08-01 06:24:57,"ntc1_C",-11.2519515789264,1340839
20,2026-08-01 06:24:57,"ntc2_C",-10.7324918153215,1314874
20,2026-08-01 06:24:57,"testSB_C",-11.1119414847075,1331265
21,2026-08-01 06:24:57,"ntc1_C",-11.2978301501078,1340628
21,2026-08-01 06:24:57,"ntc2_C",-10.667606305581,1309893
21,2026-08-01 06:24:57,"testSB_C",-11.4742414192687,1353946
22,2026-08-01 06:24:57,"ntc1_C",-11.232880909433,1340895
22,2026-08-01 06:24:57,"ntc2_C",-10.9357419735005,1326033
22,2026-08-01 06:24:57,"testSB_C",-11.257889283124,1339970
23,2026-08-01 06:24:57,"ntc1_C",-10.9837306307818,1329945
23,2026-08-01 06:24:57,"ntc2_C",-10.9785531018828,1326418
23,2026-08-01 06:24:57,"testSB_C",-11.4454957715231,1349347
24,2026-08-01 06:24:57,"ntc1_C",-11.3488474255969,1347316
24,2026-08-01 06:24:57,"ntc2_C",-10.9521479607629,1327627
24,2026-08-01 06:24:57,"testSB_C",-10.9760253352227,1323951
1,2026-08-01 12:24:57,"ntc1_C",-1.20858216184956,889631
1,2026-08-01 12:24:57,"testSB_C",-0.998279487763455,884214
2,2026-08-01 12:24:57,"ntc1_C",-1.38995126126423,897568
2,2026-08-01 12:24:57,"ntc2_C",-1.21866594615636,891179
2,2026-08-01 12:24:57,"testSB_C",-1.0135688195133,886022
3,2026-08-01 12:24:57,"ntc1_C",1.29647283222459,807110
3,2026-08-01 12:24:57,"ntc2_C",1.00969142043886,815507
3,2026-08-01 12:24:57,"testSB_C",0.843395049715639,820830
4,2026-08-01 12:24:57,"ntc1_C",1.25489554938491,807983
4,2026-08-01 12:24:57,"ntc2_C",1.27149406634857,805641
4,2026-08-01 12:24:57,"testSB_C",0.902634990864215,817803
5,2026-08-01 12:24:57,"ntc1_C",0.555230932784127,829239
5,2026-08-01 12:24:57,"ntc2_C",0.906771982727605,818854
5,2026-08-01 12:24:57,"testSB_C",0.849405497611997,821339
6,2026-08-01 12:24:57,"ntc1_C",0.596238478984162,828591
6,2026-08-01 12:24:57,"ntc2_C",0.818933414412982,821976
6,2026-08-01 12:24:57,"testSB_C",0.706726378408575,825972
7,2026-08-01 12:24:57,"ntc1_C",0.919163341535125,817649
7,2026-08-01 12:24:57,"ntc2_C",1.18711213639489,810287
7,2026-08-01 12:24:57,"testSB_C",0.648033373797887,828158
8,2026-08-01 12:24:57,"ntc1_C",0.65244457310456,829521
8,2026-08-01 12:24:57,"ntc2_C",0.829943488737285,820476
8,2026-08-01 12:24:57,"testSB_C",1.0645106798583,811369
9,2026-08-01 12:24:57,"ntc1_C",0.699798971403368,824612
9,2026-08-01 12:24:57,"ntc2_C",0.987538557491632,817751
9,2026-08-01 12:24:57,"testSB_C",0.730534516827788,824956
10,2026-08-01 12:24:57,"ntc1_C",0.69423106504712,826660
10,2026-08-01 12:24:57,"ntc2_C",1.08602540528136,811667
10,2026-08-01 12:24:57,"testSB_C",0.971390337100274,815944
11,2026-08-01 12:24:57,"ntc1_C",0.400306020098469,836683
11,2026-08-01 12:24:57,"ntc2_C",0.910386990270467,819336
11,2026-08-01 12:24:57,"testSB_C",0.816388264276554,821355
12,2026-08-01 12:24:57,"ntc1_C",1.06766157067767,813870
12,2026-08-01 12:24:57,"ntc2_C",0.94560070814066,817394
12,2026-08-01 12:24:57,"testSB_C",0.713717134110254,824845
13,2026-08-01 12:24:57,"ntc1_C",0.581491344125823,832206
13,2026-08-01 12:24:57,"ntc2_C",1.03548950328741,812973
13,2026-08-01 12:24:57,"testSB_C",0.841055391335431,820700
14,2026-08-01 12:24:57,"ntc1_C",0.814325261528666,820877
14,2026-08-01 12:24:57,"ntc2_C",1.00332419448154,816625
14,2026-08-01 12:24:57,"testSB_C",0.892180450476189,820115
15,2026-08-01 12:24:57,"ntc1_C",0.645466426768337,825861
15,2026-08-01 12:24:57,"ntc2_C",1.16910391221825,811311
15,2026-08-01 12:24:57,"testSB_C",1.15785954362514,811821
16,2026-08-01 12:24:57,"ntc1_C",0.703597156284332,824633
16,2026-08-01 12:24:57,"ntc2_C",0.820903719574346,820224
16,2026-08-01 12:24:57,"testSB_C",0.651576268333258,825767
17,2026-08-01 12:24:57,"ntc1_C",0.825707200496936,820517
17,2026-08-01 12:24:57,"ntc2_C",0.799267321027969,821120
17,2026-08-01 12:24:57,"testSB_C",0.552104059531416,831781
18,2026-08-01 12:24:57,"ntc1_C",0.678693766643505,827981
18,2026-08-01 12:24:57,"ntc2_C",0.830085208364949,821023
18,2026-08-01 12:24:57,"testSB_C",0.66291931564075,825674
19,2026-08-01 12:24:57,"ntc1_C",0.57016894311954,831248
19,2026-08-01 12:24:57,"ntc2_C",0.500813479489182,832669
19,2026-08-01 12:24:57,"testSB_C",0.816978774573045,823289
20,2026-08-01 12:24:57,"ntc1_C",0.770250225345706,823076
20,2026-08-01 12:24:57,"ntc2_C",1.08040428215764,814260
20,2026-08-01 12:24:57,"testSB_C",1.03787014806392,813217
21,2026-08-01 12:24:57,"ntc1_C",0.701859495447309,824133
21,2026-08-01 12:24:57,"ntc2_C",1.00130139631216,816020
21,2026-08-01 12:24:57,"testSB_C",0.501434779120473,832652
22,2026-08-01 12:24:57,"ntc1_C",0.649843967663173,827913
22,2026-08-01 12:24:57,"ntc2_C",0.998811748790558,817423
22,2026-08-01 12:24:57,"testSB_C",0.508967976048041,831225
23,2026-08-01 12:24:57,"ntc1_C",0.618889221306688,830621
23,2026-08-01 12:24:57,"ntc2_C",0.803276044511335,822445
23,2026-08-01 12:24:57,"testSB_C",0.399534383278535,834623
24,2026-08-01 12:24:57,"ntc1_C",0.605028116821302,829329
24,2026-08-01 12:24:57,"ntc2_C",1.26888940559945,808808
24,2026-08-01 12:24:57,"testSB_C",1.81086056271585,788572
1,2026-08-01 15:24:57,"ntc1_C",1.65542863016492,792877
1,2026-08-01 15:24:57,"testSB_C",1.7431127187678,792017
2,2026-08-01 15:24:57,"ntc1_C",1.47860269622799,799748
2,2026-08-01 15:24:57,"ntc2_C",1.93733640978689,785013
2,2026-08-01 15:24:57,"testSB_C",1.73338597055368,793492
3,2026-08-01 15:24:57,"ntc1_C",2.89581260975029,757078
3,2026-08-01 15:24:57,"ntc2_C",3.01304377069823,752648
3,2026-08-01 15:24:57,"testSB_C",3.26106362656384,745153
4,2026-08-01 15:24:57,"ntc1_C",3.21136913477812,747153
4,2026-08-01 15:24:57,"ntc2_C",3.23391382638999,744835
4,2026-08-01 15:24:57,"testSB_C",3.29040101142374,743303
5,2026-08-01 15:24:57,"ntc1_C",3.14047211030635,747671
5,2026-08-01 15:24:57,"ntc2_C",3.05711055534852,751343
5,2026-08-01 15:24:57,"testSB_C",3.22105665111667,746973
6,2026-08-01 15:24:57,"ntc1_C",3.04912224171903,751108
6,2026-08-01 15:24:57,"ntc2_C",2.99504293415305,753388
6,2026-08-01 15:24:57,"testSB_C",3.14604715844746,749132
7,2026-08-01 15:24:57,"ntc1_C",3.32031877958519,742735
7,2026-08-01 15:24:57,"ntc2_C",3.09325590027657,750778
7,2026-08-01 15:24:57,"testSB_C",2.93986937807455,755555
8,2026-08-01 15:24:57,"ntc1_C",3.04219914642852,753820
8,2026-08-01 15:24:57,"ntc2_C",3.23499634899554,745214
8,2026-08-01 15:24:57,"testSB_C",3.04535395673304,749559
9,2026-08-01 15:24:57,"ntc1_C",3.11273964056011,748727
9,2026-08-01 15:24:57,"ntc2_C",3.23700650136169,747349
9,2026-08-01 15:24:57,"testSB_C",3.21229444374018,746950
10,2026-08-01 15:24:57,"ntc1_C",3.19439593449999,747960
10,2026-08-01 15:24:57,"ntc2_C",3.15986539465769,747053
10,2026-08-01 15:24:57,"testSB_C",3.29463824882498,743513
11,2026-08-01 15:24:57,"ntc1_C",3.05559164134252,752310
11,2026-08-01 15:24:57,"ntc2_C",3.22177172871966,746971
11,2026-08-01 15:24:57,"testSB_C",3.29293100522926,743895
12,2026-08-01 15:24:57,"ntc1_C",3.07756884854427,750989
12,2026-08-01 15:24:57,"ntc2_C",3.24739735130487,745487
12,2026-08-01 15:24:57,"testSB_C",3.09998423770406,749699
13,2026-08-01 15:24:57,"ntc1_C",3.07657380682883,753058
13,2026-08-01 15:24:57,"ntc2_C",3.33504132893779,741496
13,2026-08-01 15:24:57,"testSB_C",3.30750967855698,743539
14,2026-08-01 15:24:57,"ntc1_C",3.44479709651745,738884
14,2026-08-01 15:24:57,"ntc2_C",3.24508063355847,746569
14,2026-08-01 15:24:57,"testSB_C",3.33439078167652,743758
15,2026-08-01 15:24:57,"ntc1_C",3.19786675609959,745673
15,2026-08-01 15:24:57,"ntc2_C",3.39196271832265,742278
15,2026-08-01 15:24:57,"testSB_C",3.30366972525968,745020
16,2026-08-01 15:24:57,"ntc1_C",3.25432907188491,744574
16,2026-08-01 15:24:57,"ntc2_C",3.39103117249778,740034
16,2026-08-01 15:24:57,"testSB_C",3.27858244711922,743308
17,2026-08-01 15:24:57,"ntc1_C",3.43968143345387,738999
17,2026-08-01 15:24:57,"ntc2_C",3.29675072372527,743005
17,2026-08-01 15:24:57,"testSB_C",3.22107263082665,747450
18,2026-08-01 15:24:57,"ntc1_C",3.30059560255017,745485
18,2026-08-01 15:24:57,"ntc2_C",3.0969126808381,749837
18,2026-08-01 15:24:57,"testSB_C",3.19849026362209,745931
19,2026-08-01 15:24:57,"ntc1_C",3.23376894620952,747134
19,2026-08-01 15:24:57,"ntc2_C",3.05307062933645,751724
19,2026-08-01 15:24:57,"testSB_C",3.25130508964241,746825
20,2026-08-01 15:24:57,"ntc1_C",3.40065827807467,740788
20,2026-08-01 15:24:57,"ntc2_C",3.2443217500159,746686
20,2026-08-01 15:24:57,"testSB_C",3.63323344524861,733028
21,2026-08-01 15:24:57,"ntc1_C",3.34706502590529,741395
21,2026-08-01 15:24:57,"ntc2_C",3.13456653369832,749226
21,2026-08-01 15:24:57,"testSB_C",3.08638396853831,750745
22,2026-08-01 15:24:57,"ntc1_C",3.30845680854992,744340
22,2026-08-01 15:24:57,"ntc2_C",3.23782762898418,747426
22,2026-08-01 15:24:57,"testSB_C",3.04270643946455,751044
23,2026-08-01 15:24:57,"ntc1_C",2.9842936096494,755539
23,2026-08-01 15:24:57,"ntc2_C",3.1123501467236,749830
23,2026-08-01 15:24:57,"testSB_C",2.94358314424204,753832
24,2026-08-01 15:24:57,"ntc1_C",3.15818886913752,748701
24,2026-08-01 15:24:57,"ntc2_C",3.00259874276185,754590
24,2026-08-01 15:24:57,"testSB_C",3.1863157596199,746391
1,2026-08-01 18:24:57,"ntc1_C",0.153847745106305,842132
1,2026-08-01 18:24:57,"testSB_C",0.0168395394628646,848814
2,2026-08-01 18:24:57,"ntc1_C",0.118436401669669,844645
2,2026-08-01 18:24:57,"ntc2_C",0.664234841253574,826132
2,2026-08-01 18:24:57,"testSB_C",0.0917382383722725,847487
3,2026-08-01 18:24:57,"ntc1_C",1.1212297021055,812802
3,2026-08-01 18:24:57,"ntc2_C",1.31443450618639,805596
3,2026-08-01 18:24:57,"testSB_C",1.76790978136626,790968
4,2026-08-01 18:24:57,"ntc1_C",1.37230096482227,804188
4,2026-08-01 18:24:57,"ntc2_C",1.44817512095204,799956
4,2026-08-01 18:24:57,"testSB_C",1.80175901376145,788857
5,2026-08-01 18:24:57,"ntc1_C",1.73976115883232,790749
5,2026-08-01 18:24:57,"ntc2_C",1.41190891566544,802435
5,2026-08-01 18:24:57,"testSB_C",1.68892357309682,794152
6,2026-08-01 18:24:57,"ntc1_C",1.61742028320998,795348
6,2026-08-01 18:24:57,"ntc2_C",1.43484602646902,801914
6,2026-08-01 18:24:57,"testSB_C",1.6935064383423,793924
7,2026-08-01 18:24:57,"ntc1_C",1.8470780029383,787787
7,2026-08-01 18:24:57,"ntc2_C",1.31832227907734,806034
7,2026-08-01 18:24:57,"testSB_C",1.5800670538797,797775
8,2026-08-01 18:24:57,"ntc1_C",1.66881231149489,796381
8,2026-08-01 18:24:57,"ntc2_C",1.86381958557888,787175
8,2026-08-01 18:24:57,"testSB_C",1.42832336145864,799622
9,2026-08-01 18:24:57,"ntc1_C",1.84442332722813,787641
9,2026-08-01 18:24:57,"ntc2_C",1.6849967304812,795196
9,2026-08-01 18:24:57,"testSB_C",1.77320832469411,791175
10,2026-08-01 18:24:57,"ntc1_C",1.76673670421633,791871
10,2026-08-01 18:24:57,"ntc2_C",1.42984637229245,800556
10,2026-08-01 18:24:57,"testSB_C",1.5775359985941,796350
11,2026-08-01 18:24:57,"ntc1_C",1.72428398920931,793421
11,2026-08-01 18:24:57,"ntc2_C",1.62981003586754,796044
11,2026-08-01 18:24:57,"testSB_C",1.88852693192518,786816
12,2026-08-01 18:24:57,"ntc1_C",1.40440835037015,802956
12,2026-08-01 18:24:57,"ntc2_C",1.68141223677907,793637
12,2026-08-01 18:24:57,"testSB_C",1.60934363028906,795742
13,2026-08-01 18:24:57,"ntc1_C",1.66823445306738,796698
13,2026-08-01 18:24:57,"ntc2_C",1.70596340799358,791405
13,2026-08-01 18:24:57,"testSB_C",1.79665655914579,789840
14,2026-08-01 18:24:57,"ntc1_C",2.05289489037267,781126
14,2026-08-01 18:24:57,"ntc2_C",1.58720786541022,797730
14,2026-08-01 18:24:57,"testSB_C",1.83376266726685,789732
15,2026-08-01 18:24:57,"ntc1_C",1.73164142910076,790670
15,2026-08-01 18:24:57,"ntc2_C",1.68117703793456,794824
15,2026-08-01 18:24:57,"testSB_C",1.53783857679724,799543
16,2026-08-01 18:24:57,"ntc1_C",1.80777731063165,788907
16,2026-08-01 18:24:57,"ntc2_C",1.80981747687457,788326
16,2026-08-01 18:24:57,"testSB_C",1.85560549977322,786827
17,2026-08-01 18:24:57,"ntc1_C",1.9461951572269,784461
17,2026-08-01 18:24:57,"ntc2_C",1.82638134589899,787987
17,2026-08-01 18:24:57,"testSB_C",1.84384863882741,789770
18,2026-08-01 18:24:57,"ntc1_C",1.87565484179362,789177
18,2026-08-01 18:24:57,"ntc2_C",1.46406740516807,800418
18,2026-08-01 18:24:57,"testSB_C",1.77191803611441,789735
19,2026-08-01 18:24:57,"ntc1_C",1.84917088672296,789668
19,2026-08-01 18:24:57,"ntc2_C",1.58222489708851,797296
19,2026-08-01 18:24:57,"testSB_C",1.71022851855275,794307
20,2026-08-01 18:24:57,"ntc1_C",2.0699676402578,781265
20,2026-08-01 18:24:57,"ntc2_C",1.54832743425027,799116
20,2026-08-01 18:24:57,"testSB_C",2.14183339946175,778022
21,2026-08-01 18:24:57,"ntc1_C",2.02467243012558,781594
21,2026-08-01 18:24:57,"ntc2_C",1.46858631462214,800866
21,2026-08-01 18:24:57,"testSB_C",1.71085561085226,793207
22,2026-08-01 18:24:57,"ntc1_C",2.07344812025519,781987
22,2026-08-01 18:24:57,"ntc2_C",1.64973059790049,796381
22,2026-08-01 18:24:57,"testSB_C",1.74521312277631,791022
23,2026-08-01 18:24:57,"ntc1_C",1.64208223992892,797214
23,2026-08-01 18:24:57,"ntc2_C",1.63575494966892,795439
23,2026-08-01 18:24:57,"testSB_C",1.60079882754212,795383
24,2026-08-01 18:24:57,"ntc1_C",1.94277279531161,785992
24,2026-08-01 18:24:57,"ntc2_C",1.65520759332077,796378
24,2026-08-01 18:24:57,"testSB_C",1.93935620230872,784526
1,2026-08-01 21:24:57,"ntc1_C",-1.65429409506828,905777
1,2026-08-01 21:24:57,"testSB_C",-1.64760889579992,907672
2,2026-08-01 21:24:57,"ntc1_C",-1.66436836859384,907566
2,2026-08-01 21:24:57,"ntc2_C",-1.6549216114949,907007
2,2026-08-01 21:24:57,"testSB_C",-1.65555944527358,909248
3,2026-08-01 21:24:57,"ntc1_C",-1.49455762855382,903002
3,2026-08-01 21:24:57,"ntc2_C",-1.53430854771295,903451
3,2026-08-01 21:24:57,"testSB_C",-1.53675863081929,903333
4,2026-08-01 21:24:57,"ntc1_C",-1.51721783975893,903321
4,2026-08-01 21:24:57,"ntc2_C",-1.51365459729567,901138
4,2026-08-01 21:24:57,"testSB_C",-1.55525750208233,902819
5,2026-08-01 21:24:57,"ntc1_C",-1.55980715355361,902978
5,2026-08-01 21:24:57,"ntc2_C",-1.54852624077677,903883
5,2026-08-01 21:24:57,"testSB_C",-1.54868012642675,904565
6,2026-08-01 21:24:57,"ntc1_C",-1.57239974680948,904159
6,2026-08-01 21:24:57,"ntc2_C",-1.55917730385232,904563
6,2026-08-01 21:24:57,"testSB_C",-1.57325168779909,905368
7,2026-08-01 21:24:57,"ntc1_C",-1.55017875972447,903106
7,2026-08-01 21:24:57,"ntc2_C",-1.53473173031915,904084
7,2026-08-01 21:24:57,"testSB_C",-1.55721466708218,905027
8,2026-08-01 21:24:57,"ntc1_C",-1.5741462465536,907330
8,2026-08-01 21:24:57,"ntc2_C",-1.5679638279791,903594
8,2026-08-01 21:24:57,"testSB_C",-1.53240016991202,900717
9,2026-08-01 21:24:57,"ntc1_C",-1.57139807211024,903524
9,2026-08-01 21:24:57,"ntc2_C",-1.55087989836835,905734
9,2026-08-01 21:24:57,"testSB_C",-1.57528051047791,905205
10,2026-08-01 21:24:57,"ntc1_C",-1.57569254111877,905737
10,2026-08-01 21:24:57,"ntc2_C",-1.55644745234935,902710
10,2026-08-01 21:24:57,"testSB_C",-1.58034282508169,904201
11,2026-08-01 21:24:57,"ntc1_C",-1.59287229224441,906581
11,2026-08-01 21:24:57,"ntc2_C",-1.55967200657653,904955
11,2026-08-01 21:24:57,"testSB_C",-1.56857191072402,904077
12,2026-08-01 21:24:57,"ntc1_C",-1.55291817010908,904359
12,2026-08-01 21:24:57,"ntc2_C",-1.56393345074855,904243
12,2026-08-01 21:24:57,"testSB_C",-1.57984127008876,904629
13,2026-08-01 21:24:57,"ntc1_C",-1.57289851445427,907634
13,2026-08-01 21:24:57,"ntc2_C",-1.55353426643461,902276
13,2026-08-01 21:24:57,"testSB_C",-1.57115807801523,904410
14,2026-08-01 21:24:57,"ntc1_C",-1.56602991113738,903404
14,2026-08-01 21:24:57,"ntc2_C",-1.56258837200858,905448
14,2026-08-01 21:24:57,"testSB_C",-1.57541410906799,905757
15,2026-08-01 21:24:57,"ntc1_C",-1.58310314166431,903354
15,2026-08-01 21:24:57,"ntc2_C",-1.55685437622191,905383
15,2026-08-01 21:24:57,"testSB_C",-1.55833021105775,905608
16,2026-08-01 21:24:57,"ntc1_C",-1.58693321302701,904313
16,2026-08-01 21:24:57,"ntc2_C",-1.58361244397275,903617
16,2026-08-01 21:24:57,"testSB_C",-1.57859366765911,903379
17,2026-08-01 21:24:57,"ntc1_C",-1.57701132282989,903872
17,2026-08-01 21:24:57,"ntc2_C",-1.58154692718387,903714
17,2026-08-01 21:24:57,"testSB_C",-1.60226916156222,907184
18,2026-08-01 21:24:57,"ntc1_C",-1.58316740553101,906917
18,2026-08-01 21:24:57,"ntc2_C",-1.58746911517704,904888
18,2026-08-01 21:24:57,"testSB_C",-1.5913179205458,904163
19,2026-08-01 21:24:57,"ntc1_C",-1.59197781693132,906887
19,2026-08-01 21:24:57,"ntc2_C",-1.59934630477187,906187
19,2026-08-01 21:24:57,"testSB_C",-1.59314639796895,907206
20,2026-08-01 21:24:57,"ntc1_C",-1.58821070229629,905104
20,2026-08-01 21:24:57,"ntc2_C",-1.57008934213928,905965
20,2026-08-01 21:24:57,"testSB_C",-1.56693981891846,903111
21,2026-08-01 21:24:57,"ntc1_C",-1.60451375863823,904266
21,2026-08-01 21:24:57,"ntc2_C",-1.58729202730677,905643
21,2026-08-01 21:24:57,"testSB_C",-1.63822740641876,907603
22,2026-08-01 21:24:57,"ntc1_C",-1.61225086489998,906858
22,2026-08-01 21:24:57,"ntc2_C",-1.58800657140489,907049
22,2026-08-01 21:24:57,"testSB_C",-1.63264760822585,906077
23,2026-08-01 21:24:57,"ntc1_C",-1.62202857802095,909062
23,2026-08-01 21:24:57,"ntc2_C",-1.60233886910765,906077
23,2026-08-01 21:24:57,"testSB_C",-1.64782847365223,906298
24,2026-08-01 21:24:57,"ntc1_C",-1.63101009176938,907501
24,2026-08-01 21:24:57,"ntc2_C",-1.62386867849608,908663
24,2026-08-01 21:24:57,"testSB_C",-1.63117539830358,905605
1,2026-08-02 00:24:57,"ntc1_C",-2.41856267687967,934184
1,2026-08-02 00:24:57,"testSB_C",-2.40107833804058,935715
2,2026-08-02 00:24:57,"ntc1_C",-2.39674775767531,934826
2,2026-08-02 00:24:57,"ntc2_C",-2.38673663984827,934225
2,2026-08-02 00:24:57,"testSB_C",-2.38729732960752,936503
3,2026-08-02 00:24:57,"ntc1_C",-2.39456221585885,936425
3,2026-08-02 00:24:57,"ntc2_C",-2.38376507364887,934995
3,2026-08-02 00:24:57,"testSB_C",-2.36889590131585,934200
4,2026-08-02 00:24:57,"ntc1_C",-2.37002852363088,934980
4,2026-08-02 00:24:57,"ntc2_C",-2.36654637741691,932713
4,2026-08-02 00:24:57,"testSB_C",-2.36554771652874,932847
5,2026-08-02 00:24:57,"ntc1_C",-2.36321782437403,932770
5,2026-08-02 00:24:57,"ntc2_C",-2.35667077135429,933865
5,2026-08-02 00:24:57,"testSB_C",-2.35779180074746,934612
6,2026-08-02 00:24:57,"ntc1_C",-2.36473414831011,933549
6,2026-08-02 00:24:57,"ntc2_C",-2.36245201057164,934397
6,2026-08-02 00:24:57,"testSB_C",-2.36512146508744,934790
7,2026-08-02 00:24:57,"ntc1_C",-2.35896056137892,933101
7,2026-08-02 00:24:57,"ntc2_C",-2.35714420119569,934625
7,2026-08-02 00:24:57,"testSB_C",-2.35976308122974,934836
8,2026-08-02 00:24:57,"ntc1_C",-2.35817070822077,936527
8,2026-08-02 00:24:57,"ntc2_C",-2.35828381413268,932897
8,2026-08-02 00:24:57,"testSB_C",-2.35384219226881,931094
9,2026-08-02 00:24:57,"ntc1_C",-2.3466680262074,932251
9,2026-08-02 00:24:57,"ntc2_C",-2.34765908004238,935366
9,2026-08-02 00:24:57,"testSB_C",-2.34955416770293,933964
10,2026-08-02 00:24:57,"ntc1_C",-2.34883670389371,934458
10,2026-08-02 00:24:57,"ntc2_C",-2.34499387420851,931918
10,2026-08-02 00:24:57,"testSB_C",-2.34372937871399,932517
11,2026-08-02 00:24:57,"ntc1_C",-2.34233031447803,934431
11,2026-08-02 00:24:57,"ntc2_C",-2.33934642930154,933899
11,2026-08-02 00:24:57,"testSB_C",-2.33752349843473,932584
12,2026-08-02 00:24:57,"ntc1_C",-2.3403904367421,933576
12,2026-08-02 00:24:57,"ntc2_C",-2.34061751103684,933051
12,2026-08-02 00:24:57,"testSB_C",-2.33740714577164,932735
13,2026-08-02 00:24:57,"ntc1_C",-2.34217631911378,936281
13,2026-08-02 00:24:57,"ntc2_C",-2.33659942274704,931277
13,2026-08-02 00:24:57,"testSB_C",-2.33893575169691,932902
14,2026-08-02 00:24:57,"ntc1_C",-2.3425998178152,932181
14,2026-08-02 00:24:57,"ntc2_C",-2.33643362085883,934189
14,2026-08-02 00:24:57,"testSB_C",-2.34058123969629,934187
15,2026-08-02 00:24:57,"ntc1_C",-2.33688729170063,931267
15,2026-08-02 00:24:57,"ntc2_C",-2.3359007137434,934329
15,2026-08-02 00:24:57,"testSB_C",-2.33627631783264,934522
16,2026-08-02 00:24:57,"ntc1_C",-2.33444229700763,932038
16,2026-08-02 00:24:57,"ntc2_C",-2.33491631133023,931468
16,2026-08-02 00:24:57,"testSB_C",-2.33024074855973,931237
17,2026-08-02 00:24:57,"ntc1_C",-2.33406173694641,931945
17,2026-08-02 00:24:57,"ntc2_C",-2.32980949009965,931442
17,2026-08-02 00:24:57,"testSB_C",-2.3312740212038,934299
18,2026-08-02 00:24:57,"ntc1_C",-2.33367993252642,934826
18,2026-08-02 00:24:57,"ntc2_C",-2.32807334130609,932347
18,2026-08-02 00:24:57,"testSB_C",-2.33266069149539,931660
19,2026-08-02 00:24:57,"ntc1_C",-2.332525965044,934430
19,2026-08-02 00:24:57,"ntc2_C",-2.32875826582313,933292
19,2026-08-02 00:24:57,"testSB_C",-2.3308001126714,934653
20,2026-08-02 00:24:57,"ntc1_C",-2.33381397139777,932791
20,2026-08-02 00:24:57,"ntc2_C",-2.32848296922896,934159
20,2026-08-02 00:24:57,"testSB_C",-2.32504064245524,931196
21,2026-08-02 00:24:57,"ntc1_C",-2.33438166798828,931301
21,2026-08-02 00:24:57,"ntc2_C",-2.3306804184877,933253
21,2026-08-02 00:24:57,"testSB_C",-2.33016439316208,933334
22,2026-08-02 00:24:57,"ntc1_C",-2.33230091386167,933620
22,2026-08-02 00:24:57,"ntc2_C",-2.32783598577561,934545
22,2026-08-02 00:24:57,"testSB_C",-2.32320521604288,931701
23,2026-08-02 00:24:57,"ntc1_C",-2.32429547813751,935218
23,2026-08-02 00:24:57,"ntc2_C",-2.32324163304179,932848
23,2026-08-02 00:24:57,"testSB_C",-2.32966591292524,931584
24,2026-08-02 00:24:57,"ntc1_C",-2.32336115669608,933248
24,2026-08-02 00:24:57,"ntc2_C",-2.31675925655867,934456
24,2026-08-02 00:24:57,"testSB_C",-2.30808764450308,930702
1,2026-08-02 03:24:57,"ntc1_C",-3.81221398044147,988414
1,2026-08-02 03:24:57,"testSB_C",-3.82030020215103,991030
2,2026-08-02 03:24:57,"ntc1_C",-3.79432630522672,989251
2,2026-08-02 03:24:57,"ntc2_C",-3.82225752172678,990129
2,2026-08-02 03:24:57,"testSB_C",-3.74286704243769,989278
3,2026-08-02 03:24:57,"ntc1_C",-3.7432308376238,988954
3,2026-08-02 03:24:57,"ntc2_C",-3.74662135639312,988034
3,2026-08-02 03:24:57,"testSB_C",-3.71959165483815,986675
4,2026-08-02 03:24:57,"ntc1_C",-3.7260607448448,987734
4,2026-08-02 03:24:57,"ntc2_C",-3.75186525320879,986492
4,2026-08-02 03:24:57,"testSB_C",-3.71454273753682,985181
5,2026-08-02 03:24:57,"ntc1_C",-3.72984175919731,985835
5,2026-08-02 03:24:57,"ntc2_C",-3.72889362909802,987184
5,2026-08-02 03:24:57,"testSB_C",-3.71965238272679,987569
6,2026-08-02 03:24:57,"ntc1_C",-3.7284353630609,986498
6,2026-08-02 03:24:57,"ntc2_C",-3.72070223036303,987210
6,2026-08-02 03:24:57,"testSB_C",-3.71771118062946,987383
7,2026-08-02 03:24:57,"ntc1_C",-3.71065071308675,985582
7,2026-08-02 03:24:57,"ntc2_C",-3.7420834479106,988522
7,2026-08-02 03:24:57,"testSB_C",-3.70528677396089,987142
8,2026-08-02 03:24:57,"ntc1_C",-3.65968696636492,987188
8,2026-08-02 03:24:57,"ntc2_C",-3.71015974643046,985353
8,2026-08-02 03:24:57,"testSB_C",-3.7436950410065,984961
9,2026-08-02 03:24:57,"ntc1_C",-3.71776604594629,985424
9,2026-08-02 03:24:57,"ntc2_C",-3.73191215890461,989286
9,2026-08-02 03:24:57,"testSB_C",-3.72326568094439,987369
10,2026-08-02 03:24:57,"ntc1_C",-3.72260584946298,987869
10,2026-08-02 03:24:57,"ntc2_C",-3.74759625116968,986344
10,2026-08-02 03:24:57,"testSB_C",-3.76019315949037,987545
11,2026-08-02 03:24:57,"ntc1_C",-3.72376987633476,988139
11,2026-08-02 03:24:57,"ntc2_C",-3.74068099567484,988385
11,2026-08-02 03:24:57,"testSB_C",-3.72643340412191,986487
12,2026-08-02 03:24:57,"ntc1_C",-3.76073445680595,988800
12,2026-08-02 03:24:57,"ntc2_C",-3.72949915327746,986987
12,2026-08-02 03:24:57,"testSB_C",-3.73711520712698,987097
13,2026-08-02 03:24:57,"ntc1_C",-3.73175961364467,990450
13,2026-08-02 03:24:57,"ntc2_C",-3.72663501193119,985186
13,2026-08-02 03:24:57,"testSB_C",-3.69988391911994,985738
14,2026-08-02 03:24:57,"ntc1_C",-3.74164990945684,986472
14,2026-08-02 03:24:57,"ntc2_C",-3.74802661951168,989102
14,2026-08-02 03:24:57,"testSB_C",-3.7390491088193,988587
15,2026-08-02 03:24:57,"ntc1_C",-3.73613966200463,985502
15,2026-08-02 03:24:57,"ntc2_C",-3.75748422055972,989673
15,2026-08-02 03:24:57,"testSB_C",-3.75771331671558,989875
16,2026-08-02 03:24:57,"ntc1_C",-3.72163528731204,985872
16,2026-08-02 03:24:57,"ntc2_C",-3.74811388237333,986318
16,2026-08-02 03:24:57,"testSB_C",-3.71028831339328,984752
17,2026-08-02 03:24:57,"ntc1_C",-3.73287865334487,986242
17,2026-08-02 03:24:57,"ntc2_C",-3.72458552017429,985529
17,2026-08-02 03:24:57,"testSB_C",-3.70663366656964,987788
18,2026-08-02 03:24:57,"ntc1_C",-3.73440149400562,989343
18,2026-08-02 03:24:57,"ntc2_C",-3.71712657747628,986225
18,2026-08-02 03:24:57,"testSB_C",-3.72106638527589,985537
19,2026-08-02 03:24:57,"ntc1_C",-3.72473338937414,988605
19,2026-08-02 03:24:57,"ntc2_C",-3.73517445915815,987976
19,2026-08-02 03:24:57,"testSB_C",-3.73925216459543,989500
20,2026-08-02 03:24:57,"ntc1_C",-3.73025509534392,987056
20,2026-08-02 03:24:57,"ntc2_C",-3.74919281731133,989473
20,2026-08-02 03:24:57,"testSB_C",-3.71525614106599,985100
21,2026-08-02 03:24:57,"ntc1_C",-3.71710516542919,984864
21,2026-08-02 03:24:57,"ntc2_C",-3.73355990312928,987783
21,2026-08-02 03:24:57,"testSB_C",-3.69936200456857,986526
22,2026-08-02 03:24:57,"ntc1_C",-3.69827764262351,986687
22,2026-08-02 03:24:57,"ntc2_C",-3.7336399368686,989226
22,2026-08-02 03:24:57,"testSB_C",-3.68367580481487,984430
23,2026-08-02 03:24:57,"ntc1_C",-3.70083344278595,988797
23,2026-08-02 03:24:57,"ntc2_C",-3.72063445321493,987126
23,2026-08-02 03:24:57,"testSB_C",-3.69676309963211,984535
24,2026-08-02 03:24:57,"ntc1_C",-3.69555938229524,986561
24,2026-08-02 03:24:57,"ntc2_C",-3.69992113275987,988262
24,2026-08-02 03:24:57,"testSB_C",-3.67352313470104,983568
1,2026-08-02 06:24:57,"ntc1_C",-4.82321149388616,1029803
1,2026-08-02 06:24:57,"testSB_C",-4.82424592896592,1032212
2,2026-08-02 06:24:57,"ntc1_C",-4.85271300260473,1032659
2,2026-08-02 06:24:57,"ntc2_C",-4.84078690626961,1031901
2,2026-08-02 06:24:57,"testSB_C",-4.84917096466205,1034643
3,2026-08-02 06:24:57,"ntc1_C",-4.7686385934017,1030942
3,2026-08-02 06:24:57,"ntc2_C",-4.78215414478547,1030425
3,2026-08-02 06:24:57,"testSB_C",-4.77322882631893,1029738
4,2026-08-02 06:24:57,"ntc1_C",-4.76219690710832,1030129
4,2026-08-02 06:24:57,"ntc2_C",-4.75780546259887,1027563
4,2026-08-02 06:24:57,"testSB_C",-4.78861931523886,1029035
5,2026-08-02 06:24:57,"ntc1_C",-4.79458812475224,1029355
5,2026-08-02 06:24:57,"ntc2_C",-4.80484392044292,1031207
5,2026-08-02 06:24:57,"testSB_C",-4.79418853962773,1031557
6,2026-08-02 06:24:57,"ntc1_C",-4.81294310864661,1030837
6,2026-08-02 06:24:57,"ntc2_C",-4.81467668398858,1032006
6,2026-08-02 06:24:57,"testSB_C",-4.8192674196975,1032490
7,2026-08-02 06:24:57,"ntc1_C",-4.80823615943416,1030458
7,2026-08-02 06:24:57,"ntc2_C",-4.78839397174954,1031384
7,2026-08-02 06:24:57,"testSB_C",-4.81696721776854,1032657
8,2026-08-02 06:24:57,"ntc1_C",-4.82584647624611,1035008
8,2026-08-02 06:24:57,"ntc2_C",-4.81889710520846,1030669
8,2026-08-02 06:24:57,"testSB_C",-4.7903882453806,1027669
9,2026-08-02 06:24:57,"ntc1_C",-4.82521098491094,1030679
9,2026-08-02 06:24:57,"ntc2_C",-4.79863320807141,1033044
9,2026-08-02 06:24:57,"testSB_C",-4.82068699011194,1032318
10,2026-08-02 06:24:57,"ntc1_C",-4.81613941049767,1032656
10,2026-08-02 06:24:57,"ntc2_C",-4.80506728310593,1029564
10,2026-08-02 06:24:57,"testSB_C",-4.82599034575725,1031176
11,2026-08-02 06:24:57,"ntc1_C",-4.82143306830596,1033105
11,2026-08-02 06:24:57,"ntc2_C",-4.80526930441499,1031988
11,2026-08-02 06:24:57,"testSB_C",-4.79960191806555,1030357
12,2026-08-02 06:24:57,"ntc1_C",-4.78181696072249,1030597
12,2026-08-02 06:24:57,"ntc2_C",-4.80987736709682,1031185
12,2026-08-02 06:24:57,"testSB_C",-4.81585507085344,1031242
13,2026-08-02 06:24:57,"ntc1_C",-4.80602765739906,1034559
13,2026-08-02 06:24:57,"ntc2_C",-4.78676077762651,1028481
13,2026-08-02 06:24:57,"testSB_C",-4.80970483062293,1031129
14,2026-08-02 06:24:57,"ntc1_C",-4.80006776680881,1029728
14,2026-08-02 06:24:57,"ntc2_C",-4.79542253248525,1032014
14,2026-08-02 06:24:57,"testSB_C",-4.80372459690682,1032210
15,2026-08-02 06:24:57,"ntc1_C",-4.81174319263749,1029425
15,2026-08-02 06:24:57,"ntc2_C",-4.79279687970245,1032122
15,2026-08-02 06:24:57,"testSB_C",-4.79783581222279,1032536
16,2026-08-02 06:24:57,"ntc1_C",-4.80997646640321,1030372
16,2026-08-02 06:24:57,"ntc2_C",-4.81105838905279,1029786
16,2026-08-02 06:24:57,"testSB_C",-4.80399316523636,1029436
17,2026-08-02 06:24:57,"ntc1_C",-4.79165518208225,1029525
17,2026-08-02 06:24:57,"ntc2_C",-4.7947872759284,1029242
17,2026-08-02 06:24:57,"testSB_C",-4.81171389656879,1033072
18,2026-08-02 06:24:57,"ntc1_C",-4.80063941362152,1033055
18,2026-08-02 06:24:57,"ntc2_C",-4.81963396998128,1031293
18,2026-08-02 06:24:57,"testSB_C",-4.80453253895371,1029831
19,2026-08-02 06:24:57,"ntc1_C",-4.81660230848689,1033377
19,2026-08-02 06:24:57,"ntc2_C",-4.80982734949276,1032004
19,2026-08-02 06:24:57,"testSB_C",-4.79927757528174,1032984
20,2026-08-02 06:24:57,"ntc1_C",-4.79406182247334,1030596
20,2026-08-02 06:24:57,"ntc2_C",-4.80019229332885,1032581
20,2026-08-02 06:24:57,"testSB_C",-4.77134962344815,1028217
21,2026-08-02 06:24:57,"ntc1_C",-4.80464749674564,1029244
21,2026-08-02 06:24:57,"ntc2_C",-4.78477234417272,1030813
21,2026-08-02 06:24:57,"testSB_C",-4.82165866249233,1032479
22,2026-08-02 06:24:57,"ntc1_C",-4.81286841327847,1032315
22,2026-08-02 06:24:57,"ntc2_C",-4.79018650363014,1032513
22,2026-08-02 06:24:57,"testSB_C",-4.83722867549,1031577
23,2026-08-02 06:24:57,"ntc1_C",-4.80725496109244,1034176
23,2026-08-02 06:24:57,"ntc2_C",-4.82019091556919,1032145
23,2026-08-02 06:24:57,"testSB_C",-4.8588094569796,1032010
24,2026-08-02 06:24:57,"ntc1_C",-4.8359748304951,1033280
24,2026-08-02 06:24:57,"ntc2_C",-4.83917821850167,1035001
24,2026-08-02 06:24:57,"testSB_C",-4.81808239533495,1030292
1,2026-08-02 09:24:57,"ntc1_C",-4.8917427831305,1032673
1,2026-08-02 09:24:57,"testSB_C",-5.0046082803662,1039797
2,2026-08-02 09:24:57,"ntc1_C",-5.08006909397108,1042239
2,2026-08-02 09:24:57,"ntc2_C",-5.17177261603445,1045866
2,2026-08-02 09:24:57,"testSB_C",-5.07828354913124,1044305
3,2026-08-02 09:24:57,"ntc1_C",-3.91510923979826,995866
3,2026-08-02 09:24:57,"ntc2_C",-4.18203371907543,1005633
3,2026-08-02 09:24:57,"testSB_C",-4.29597130449179,1009995
4,2026-08-02 09:24:57,"ntc1_C",-3.86634346804095,993366
4,2026-08-02 09:24:57,"ntc2_C",-3.77667193434121,987484
4,2026-08-02 09:24:57,"testSB_C",-4.40097090592712,1012978
5,2026-08-02 09:24:57,"ntc1_C",-4.45216083916853,1015145
5,2026-08-02 09:24:57,"ntc2_C",-4.31195113190273,1010792
5,2026-08-02 09:24:57,"testSB_C",-4.46960688649079,1018059
6,2026-08-02 09:24:57,"ntc1_C",-4.42696578396863,1014824
6,2026-08-02 09:24:57,"ntc2_C",-4.2661096856466,1009285
6,2026-08-02 09:24:57,"testSB_C",-4.54075859804249,1020887
7,2026-08-02 09:24:57,"ntc1_C",-4.43815256306851,1015094
7,2026-08-02 09:24:57,"ntc2_C",-3.87441521627346,993839
7,2026-08-02 09:24:57,"testSB_C",-4.48073225366187,1018665
8,2026-08-02 09:24:57,"ntc1_C",-4.49067075081865,1021022
8,2026-08-02 09:24:57,"ntc2_C",-4.34613876435861,1011087
8,2026-08-02 09:24:57,"testSB_C",-4.16487958665164,1001920
9,2026-08-02 09:24:57,"ntc1_C",-4.53425987077395,1018584
9,2026-08-02 09:24:57,"ntc2_C",-4.21849621696225,1009002
9,2026-08-02 09:24:57,"testSB_C",-4.39425018725183,1014604
10,2026-08-02 09:24:57,"ntc1_C",-4.48354318606118,1018815
10,2026-08-02 09:24:57,"ntc2_C",-4.12339707842824,1001483
10,2026-08-02 09:24:57,"testSB_C",-4.54002084890942,1019276
11,2026-08-02 09:24:57,"ntc1_C",-4.69281692457099,1027728
11,2026-08-02 09:24:57,"ntc2_C",-4.26140321297748,1009468
11,2026-08-02 09:24:57,"testSB_C",-4.31768668814698,1010411
12,2026-08-02 09:24:57,"ntc1_C",-3.69306268903426,986093
12,2026-08-02 09:24:57,"ntc2_C",-4.26520421192862,1008651
12,2026-08-02 09:24:57,"testSB_C",-4.27613132662117,1008904
13,2026-08-02 09:24:57,"ntc1_C",-4.35828505577069,1015932
13,2026-08-02 09:24:57,"ntc2_C",-4.01906518453984,996936
13,2026-08-02 09:24:57,"testSB_C",-4.28411640242678,1009368
14,2026-08-02 09:24:57,"ntc1_C",-4.34581965794075,1010927
14,2026-08-02 09:24:57,"ntc2_C",-4.09545937009813,1003127
14,2026-08-02 09:24:57,"testSB_C",-4.41377528171193,1016005
15,2026-08-02 09:24:57,"ntc1_C",-4.65016147024971,1022699
15,2026-08-02 09:24:57,"ntc2_C",-4.00816994126154,999782
15,2026-08-02 09:24:57,"testSB_C",-4.13821755190531,1005265
16,2026-08-02 09:24:57,"ntc1_C",-4.47263832984856,1016360
16,2026-08-02 09:24:57,"ntc2_C",-4.4300363056542,1013980
16,2026-08-02 09:24:57,"testSB_C",-4.54222609920527,1018553
17,2026-08-02 09:24:57,"ntc1_C",-4.27530002540141,1008175
17,2026-08-02 09:24:57,"ntc2_C",-4.39218835314273,1012566
17,2026-08-02 09:24:57,"testSB_C",-4.65076951629567,1026345
18,2026-08-02 09:24:57,"ntc1_C",-4.18994971819251,1007779
18,2026-08-02 09:24:57,"ntc2_C",-4.22357917468742,1006668
18,2026-08-02 09:24:57,"testSB_C",-4.41532075777224,1013686
19,2026-08-02 09:24:57,"ntc1_C",-4.42502426945066,1017083
19,2026-08-02 09:24:57,"ntc2_C",-4.26261847052467,1009336
19,2026-08-02 09:24:57,"testSB_C",-4.39353779491989,1016110
20,2026-08-02 09:24:57,"ntc1_C",-4.30029607879959,1010144
20,2026-08-02 09:24:57,"ntc2_C",-4.07569558685213,1002661
20,2026-08-02 09:24:57,"testSB_C",-4.05527842028977,998773
21,2026-08-02 09:24:57,"ntc1_C",-4.52087058758923,1017467
21,2026-08-02 09:24:57,"ntc2_C",-3.9434772199125,996224
21,2026-08-02 09:24:57,"testSB_C",-4.65000525729272,1025309
22,2026-08-02 09:24:57,"ntc1_C",-4.44648213808262,1017079
22,2026-08-02 09:24:57,"ntc2_C",-4.11548085450505,1004648
22,2026-08-02 09:24:57,"testSB_C",-4.60740624841895,1022000
23,2026-08-02 09:24:57,"ntc1_C",-4.42377871448008,1018208
23,2026-08-02 09:24:57,"ntc2_C",-4.35383739108772,1012796
23,2026-08-02 09:24:57,"testSB_C",-4.65903551898282,1023682
24,2026-08-02 09:24:57,"ntc1_C",-4.57719775492944,1022481
24,2026-08-02 09:24:57,"ntc2_C",-4.35952491658873,1015049
24,2026-08-02 09:24:57,"testSB_C",-4.31067915289503,1009300
1,2026-08-02 12:24:57,"ntc1_C",-1.16582144783217,888098
1,2026-08-02 12:24:57,"testSB_C",-1.13434118867548,889076
2,2026-08-02 12:24:57,"ntc1_C",-1.35071574630354,896148
2,2026-08-02 12:24:57,"ntc2_C",-1.34078046663052,895580
2,2026-08-02 12:24:57,"testSB_C",-1.14776977155287,890825
3,2026-08-02 12:24:57,"ntc1_C",0.553388542728669,831540
3,2026-08-02 12:24:57,"ntc2_C",0.230182727322187,841451
3,2026-08-02 12:24:57,"testSB_C",-0.162777790624148,854692
4,2026-08-02 12:24:57,"ntc1_C",0.253771459447762,841125
4,2026-08-02 12:24:57,"ntc2_C",0.37285642525319,835227
4,2026-08-02 12:24:57,"testSB_C",-0.229668815197101,855867
5,2026-08-02 12:24:57,"ntc1_C",-0.335568087440663,859490
5,2026-08-02 12:24:57,"ntc2_C",0.137333657422005,844552
5,2026-08-02 12:24:57,"testSB_C",-0.0415199394619776,851273
6,2026-08-02 12:24:57,"ntc1_C",-0.455837101131976,864383
6,2026-08-02 12:24:57,"ntc2_C",0.226790500229185,841766
6,2026-08-02 12:24:57,"testSB_C",-0.381632477536357,862914
7,2026-08-02 12:24:57,"ntc1_C",-0.115961056185597,852383
7,2026-08-02 12:24:57,"ntc2_C",0.566991718533131,830712
7,2026-08-02 12:24:57,"testSB_C",-0.335059558150476,861538
8,2026-08-02 12:24:57,"ntc1_C",-0.192668323813507,858190
8,2026-08-02 12:24:57,"ntc2_C",-0.137685587360409,853000
8,2026-08-02 12:24:57,"testSB_C",0.451310624096891,831585
9,2026-08-02 12:24:57,"ntc1_C",-0.286247486919422,857938
9,2026-08-02 12:24:57,"ntc2_C",0.191925129964432,844312
9,2026-08-02 12:24:57,"testSB_C",-0.181705924892185,855767
10,2026-08-02 12:24:57,"ntc1_C",-0.220185291862208,857601
10,2026-08-02 12:24:57,"ntc2_C",0.489429058953988,831337
10,2026-08-02 12:24:57,"testSB_C",-0.229371855352326,856284
11,2026-08-02 12:24:57,"ntc1_C",-0.772681945809154,877100
11,2026-08-02 12:24:57,"ntc2_C",0.0270401411614785,848928
11,2026-08-02 12:24:57,"testSB_C",-0.266837570634038,857889
12,2026-08-02 12:24:57,"ntc1_C",0.465265772524617,833788
12,2026-08-02 12:24:57,"ntc2_C",0.249997678021316,840547
12,2026-08-02 12:24:57,"testSB_C",-0.326927936461061,860083
13,2026-08-02 12:24:57,"ntc1_C",-0.225468506700338,859654
13,2026-08-02 12:24:57,"ntc2_C",0.448718523227512,832360
13,2026-08-02 12:24:57,"testSB_C",-0.0275603093414816,849860
14,2026-08-02 12:24:57,"ntc1_C",0.0459942444091439,846609
14,2026-08-02 12:24:57,"ntc2_C",0.41253246943819,836227
14,2026-08-02 12:24:57,"testSB_C",-0.193732144630758,856700
15,2026-08-02 12:24:57,"ntc1_C",-0.308629234186412,858142
15,2026-08-02 12:24:57,"ntc2_C",0.36103214214927,838070
15,2026-08-02 12:24:57,"testSB_C",0.0495104220226494,848789
16,2026-08-02 12:24:57,"ntc1_C",-0.420573901401895,862771
16,2026-08-02 12:24:57,"ntc2_C",-0.157879170149897,853145
16,2026-08-02 12:24:57,"testSB_C",-0.485236347291504,864410
17,2026-08-02 12:24:57,"ntc1_C",0.00833827238795948,847924
17,2026-08-02 12:24:57,"ntc2_C",-0.0846576017792131,850815
17,2026-08-02 12:24:57,"testSB_C",-0.477648196439361,866963
18,2026-08-02 12:24:57,"ntc1_C",0.310789762448621,840310
18,2026-08-02 12:24:57,"ntc2_C",0.0982704988076648,845508
18,2026-08-02 12:24:57,"testSB_C",-0.236202754749911,856082
19,2026-08-02 12:24:57,"ntc1_C",-0.279905275175906,860161
19,2026-08-02 12:24:57,"ntc2_C",0.00461657453143971,849452
19,2026-08-02 12:24:57,"testSB_C",0.102367596290833,847281
20,2026-08-02 12:24:57,"ntc1_C",0.0576501623689296,847000
20,2026-08-02 12:24:57,"ntc2_C",0.239126128907515,842257
20,2026-08-02 12:24:57,"testSB_C",0.365884057668382,835464
21,2026-08-02 12:24:57,"ntc1_C",-0.122699590822947,851885
21,2026-08-02 12:24:57,"ntc2_C",0.503840537203018,832487
21,2026-08-02 12:24:57,"testSB_C",-0.592108341845915,870107
22,2026-08-02 12:24:57,"ntc1_C",0.148960119689946,844745
22,2026-08-02 12:24:57,"ntc2_C",0.359324531640027,838671
22,2026-08-02 12:24:57,"testSB_C",-0.293616287597445,858481
23,2026-08-02 12:24:57,"ntc1_C",-0.209634109661295,858757
23,2026-08-02 12:24:57,"ntc2_C",0.14336080395168,844543
23,2026-08-02 12:24:57,"testSB_C",-0.137243577916479,852816
24,2026-08-02 12:24:57,"ntc1_C",-0.00539012943130501,849938
24,2026-08-02 12:24:57,"ntc2_C",0.234065955064182,843128
24,2026-08-02 12:24:57,"testSB_C",-0.166452810884607,853704
1,2026-08-02 15:24:57,"ntc1_C",1.18140075080294,808087
1,2026-08-02 15:24:57,"testSB_C",1.14275138103983,811298
2,2026-08-02 15:24:57,"ntc1_C",0.966114074741711,816360
2,2026-08-02 15:24:57,"ntc2_C",1.29307284722074,805543
2,2026-08-02 15:24:57,"testSB_C",1.28776680069308,807778
3,2026-08-02 15:24:57,"ntc1_C",2.09103629342729,781828
3,2026-08-02 15:24:57,"ntc2_C",2.0144088549913,783312
3,2026-08-02 15:24:57,"testSB_C",2.08024877394786,781142
4,2026-08-02 15:24:57,"ntc1_C",2.10513136142509,780924
4,2026-08-02 15:24:57,"ntc2_C",2.22543664032611,775448
4,2026-08-02 15:24:57,"testSB_C",1.94723078257209,784277
5,2026-08-02 15:24:57,"ntc1_C",1.9475830303312,784194
5,2026-08-02 15:24:57,"ntc2_C",1.98438798104672,784249
5,2026-08-02 15:24:57,"testSB_C",2.02895346258089,783414
6,2026-08-02 15:24:57,"ntc1_C",1.82941587170814,788626
6,2026-08-02 15:24:57,"ntc2_C",1.98230897461809,784518
6,2026-08-02 15:24:57,"testSB_C",1.95476247671894,785662
7,2026-08-02 15:24:57,"ntc1_C",2.09052219211981,780146
7,2026-08-02 15:24:57,"ntc2_C",2.01480842730103,783852
7,2026-08-02 15:24:57,"testSB_C",1.69318060346592,794169
8,2026-08-02 15:24:57,"ntc1_C",1.83971653933787,790948
8,2026-08-02 15:24:57,"ntc2_C",2.10007549686208,779769
8,2026-08-02 15:24:57,"testSB_C",2.04197658698746,780216
9,2026-08-02 15:24:57,"ntc1_C",1.89225348321759,786135
9,2026-08-02 15:24:57,"ntc2_C",2.18818167298866,779335
9,2026-08-02 15:24:57,"testSB_C",1.99980813800533,784030
10,2026-08-02 15:24:57,"ntc1_C",1.96904314628807,785485
10,2026-08-02 15:24:57,"ntc2_C",2.05639764269421,780722
10,2026-08-02 15:24:57,"testSB_C",1.85002750623499,787705
11,2026-08-02 15:24:57,"ntc1_C",1.79491056150931,791181
11,2026-08-02 15:24:57,"ntc2_C",2.16313139972112,779232
11,2026-08-02 15:24:57,"testSB_C",1.99874161408684,783354
12,2026-08-02 15:24:57,"ntc1_C",2.14562804735272,779477
12,2026-08-02 15:24:57,"ntc2_C",2.14778586163391,778960
12,2026-08-02 15:24:57,"testSB_C",1.85422441208283,787976
13,2026-08-02 15:24:57,"ntc1_C",2.03850118134415,784970
13,2026-08-02 15:24:57,"ntc2_C",2.40503992895844,769563
13,2026-08-02 15:24:57,"testSB_C",2.14535672995373,778888
14,2026-08-02 15:24:57,"ntc1_C",2.24525800134307,775138
14,2026-08-02 15:24:57,"ntc2_C",2.32987122889978,774365
14,2026-08-02 15:24:57,"testSB_C",2.15611461104476,779607
15,2026-08-02 15:24:57,"ntc1_C",1.95830928908151,783529
15,2026-08-02 15:24:57,"ntc2_C",2.28249214460402,775917
15,2026-08-02 15:24:57,"testSB_C",2.04193179046422,783558
16,2026-08-02 15:24:57,"ntc1_C",1.78013618511142,789781
16,2026-08-02 15:24:57,"ntc2_C",2.20255518025994,776026
16,2026-08-02 15:24:57,"testSB_C",2.14180200698013,777861
17,2026-08-02 15:24:57,"ntc1_C",2.20759038904907,776294
17,2026-08-02 15:24:57,"ntc2_C",2.15275847045103,777758
17,2026-08-02 15:24:57,"testSB_C",2.07218349624759,782581
18,2026-08-02 15:24:57,"ntc1_C",2.14407171862979,780743
18,2026-08-02 15:24:57,"ntc2_C",2.02459868317925,782657
18,2026-08-02 15:24:57,"testSB_C",1.99099196038014,782834
19,2026-08-02 15:24:57,"ntc1_C",2.08098424729275,782371
19,2026-08-02 15:24:57,"ntc2_C",2.02113842067399,783397
19,2026-08-02 15:24:57,"testSB_C",2.17347521385227,779705
20,2026-08-02 15:24:57,"ntc1_C",2.45056076707419,769453
20,2026-08-02 15:24:57,"ntc2_C",2.22308690055496,777802
20,2026-08-02 15:24:57,"testSB_C",2.53793183854737,765792
21,2026-08-02 15:24:57,"ntc1_C",2.19021500024331,776437
21,2026-08-02 15:24:57,"ntc2_C",2.03380793639457,782934
21,2026-08-02 15:24:57,"testSB_C",1.97238590829073,784941
22,2026-08-02 15:24:57,"ntc1_C",2.20599468167467,777851
22,2026-08-02 15:24:57,"ntc2_C",2.33751525453869,774772
22,2026-08-02 15:24:57,"testSB_C",1.84263172641988,787943
23,2026-08-02 15:24:57,"ntc1_C",1.82132311281015,791510
23,2026-08-02 15:24:57,"ntc2_C",2.41884549971292,770894
23,2026-08-02 15:24:57,"testSB_C",2.00600376421727,782593
24,2026-08-02 15:24:57,"ntc1_C",2.29895939429707,774863
24,2026-08-02 15:24:57,"ntc2_C",2.12045863231282,781677
24,2026-08-02 15:24:57,"testSB_C",2.16671662404241,777421
1,2026-08-02 18:24:57,"ntc1_C",0.701944994163284,823787
1,2026-08-02 18:24:57,"testSB_C",0.534913375100643,831328
2,2026-08-02 18:24:57,"ntc1_C",0.644998254514121,826955
2,2026-08-02 18:24:57,"ntc2_C",1.0604262525539,813096
2,2026-08-02 18:24:57,"testSB_C",0.685870657840269,827509
3,2026-08-02 18:24:57,"ntc1_C",2.05491113390406,782959
3,2026-08-02 18:24:57,"ntc2_C",2.20955168382181,777217
3,2026-08-02 18:24:57,"testSB_C",2.53824248574557,766968
4,2026-08-02 18:24:57,"ntc1_C",2.02313774752963,783491
4,2026-08-02 18:24:57,"ntc2_C",2.10598209393407,779162
4,2026-08-02 18:24:57,"testSB_C",2.53369458880172,766098
5,2026-08-02 18:24:57,"ntc1_C",2.42401177417952,769384
5,2026-08-02 18:24:57,"ntc2_C",2.12347985211858,779897
5,2026-08-02 18:24:57,"testSB_C",2.50065659524688,768773
6,2026-08-02 18:24:57,"ntc1_C",2.31127037863314,773571
6,2026-08-02 18:24:57,"ntc2_C",2.08892970305845,781177
6,2026-08-02 18:24:57,"testSB_C",2.43923657874717,770582
7,2026-08-02 18:24:57,"ntc1_C",2.55276087402228,765854
7,2026-08-02 18:24:57,"ntc2_C",1.97481485583626,785108
7,2026-08-02 18:24:57,"testSB_C",2.49397057923863,769131
8,2026-08-02 18:24:57,"ntc1_C",2.39281337561016,773634
8,2026-08-02 18:24:57,"ntc2_C",2.57265061286813,765177
8,2026-08-02 18:24:57,"testSB_C",2.17264233318332,776149
9,2026-08-02 18:24:57,"ntc1_C",2.5124737074039,766882
9,2026-08-02 18:24:57,"ntc2_C",2.40130568933432,772719
9,2026-08-02 18:24:57,"testSB_C",2.43324427446385,770554
10,2026-08-02 18:24:57,"ntc1_C",2.48595318797879,769416
10,2026-08-02 18:24:57,"ntc2_C",2.07782559520098,780053
10,2026-08-02 18:24:57,"testSB_C",2.26819296958348,774632
11,2026-08-02 18:24:57,"ntc1_C",2.43915792165791,771056
11,2026-08-02 18:24:57,"ntc2_C",2.28666517344868,775392
11,2026-08-02 18:24:57,"testSB_C",2.44634552527231,769460
12,2026-08-02 18:24:57,"ntc1_C",1.97103267158707,784941
12,2026-08-02 18:24:57,"ntc2_C",2.3264536583581,773414
12,2026-08-02 18:24:57,"testSB_C",2.24096257284822,775875
13,2026-08-02 18:24:57,"ntc1_C",2.3198548329583,776181
13,2026-08-02 18:24:57,"ntc2_C",2.39779638446328,769786
13,2026-08-02 18:24:57,"testSB_C",2.46807089076555,768896
14,2026-08-02 18:24:57,"ntc1_C",2.7263871355608,760374
14,2026-08-02 18:24:57,"ntc2_C",2.26875580183867,776260
14,2026-08-02 18:24:57,"testSB_C",2.42386616537647,771302
15,2026-08-02 18:24:57,"ntc1_C",2.41294492472673,769412
15,2026-08-02 18:24:57,"ntc2_C",2.27057580333525,776287
15,2026-08-02 18:24:57,"testSB_C",2.09250990672581,781973
16,2026-08-02 18:24:57,"ntc1_C",2.39753921452126,770502
16,2026-08-02 18:24:57,"ntc2_C",2.46433401931853,767941
16,2026-08-02 18:24:57,"testSB_C",2.45778473324452,768088
17,2026-08-02 18:24:57,"ntc1_C",2.57971558438481,764823
17,2026-08-02 18:24:57,"ntc2_C",2.45077765753683,768541
17,2026-08-02 18:24:57,"testSB_C",2.51385036182171,768872
18,2026-08-02 18:24:57,"ntc1_C",2.57729707623321,767332
18,2026-08-02 18:24:57,"ntc2_C",2.04453690813949,782033
18,2026-08-02 18:24:57,"testSB_C",2.37657830868579,770843
19,2026-08-02 18:24:57,"ntc1_C",2.4858844154773,769797
19,2026-08-02 18:24:57,"ntc2_C",2.20838652201746,777546
19,2026-08-02 18:24:57,"testSB_C",2.34245069232799,774450
20,2026-08-02 18:24:57,"ntc1_C",2.70064495326113,761795
20,2026-08-02 18:24:57,"ntc2_C",2.07392828502594,782461
20,2026-08-02 18:24:57,"testSB_C",2.73719766140226,759717
21,2026-08-02 18:24:57,"ntc1_C",2.64490244270991,762458
21,2026-08-02 18:24:57,"ntc2_C",2.01142310382124,783636
21,2026-08-02 18:24:57,"testSB_C",2.38126222945561,772201
22,2026-08-02 18:24:57,"ntc1_C",2.50933385867035,768473
22,2026-08-02 18:24:57,"ntc2_C",2.31607819123502,775436
22,2026-08-02 18:24:57,"testSB_C",2.35700596725911,771896
23,2026-08-02 18:24:57,"ntc1_C",2.21441056111803,779152
23,2026-08-02 18:24:57,"ntc2_C",2.30373128682425,774451
23,2026-08-02 18:24:57,"testSB_C",2.27129738273544,774338
24,2026-08-02 18:24:57,"ntc1_C",2.63706253938676,764454
24,2026-08-02 18:24:57,"ntc2_C",2.24371104193779,777831
24,2026-08-02 18:24:57,"testSB_C",2.41806516301313,769646
1,2026-08-02 21:24:57,"ntc1_C",-3.07461464749497,959314
1,2026-08-02 21:24:57,"testSB_C",-3.16371548678353,965026
2,2026-08-02 21:24:57,"ntc1_C",-3.00670674982103,958184
2,2026-08-02 21:24:57,"ntc2_C",-2.77836324429182,949141
2,2026-08-02 21:24:57,"testSB_C",-3.06917645650844,962672
3,2026-08-02 21:24:57,"ntc1_C",-2.08955283650579,924955
3,2026-08-02 21:24:57,"ntc2_C",-2.15313168561443,926318
3,2026-08-02 21:24:57,"testSB_C",-1.8975894824996,916584
4,2026-08-02 21:24:57,"ntc1_C",-2.12098088538022,925616
4,2026-08-02 21:24:57,"ntc2_C",-2.13122946192868,923887
4,2026-08-02 21:24:57,"testSB_C",-1.88317543642756,914847
5,2026-08-02 21:24:57,"ntc1_C",-1.9314195794737,916632
5,2026-08-02 21:24:57,"ntc2_C",-2.10939937293313,924582
5,2026-08-02 21:24:57,"testSB_C",-1.96554789751093,919917
6,2026-08-02 21:24:57,"ntc1_C",-1.96436867467571,918575
6,2026-08-02 21:24:57,"ntc2_C",-2.16224747224493,926866
6,2026-08-02 21:24:57,"testSB_C",-1.97646269782996,920226
7,2026-08-02 21:24:57,"ntc1_C",-1.81350041490401,912759
7,2026-08-02 21:24:57,"ntc2_C",-2.1672695817158,927479
7,2026-08-02 21:24:57,"testSB_C",-1.84890168553653,915744
8,2026-08-02 21:24:57,"ntc1_C",-1.89361690255294,919110
8,2026-08-02 21:24:57,"ntc2_C",-1.79775536290651,912013
8,2026-08-02 21:24:57,"testSB_C",-2.00442371303006,918043
9,2026-08-02 21:24:57,"ntc1_C",-1.80419286528598,912051
9,2026-08-02 21:24:57,"ntc2_C",-1.92761858680916,919620
9,2026-08-02 21:24:57,"testSB_C",-1.83747143293408,914838
10,2026-08-02 21:24:57,"ntc1_C",-1.81089579535376,914375
10,2026-08-02 21:24:57,"ntc2_C",-2.06048741610169,921267
10,2026-08-02 21:24:57,"testSB_C",-1.94910637798574,917765
11,2026-08-02 21:24:57,"ntc1_C",-1.86510310485011,916595
11,2026-08-02 21:24:57,"ntc2_C",-1.95267657746558,919425
11,2026-08-02 21:24:57,"testSB_C",-1.77071119118483,911481
12,2026-08-02 21:24:57,"ntc1_C",-2.06861030552136,923382
12,2026-08-02 21:24:57,"ntc2_C",-1.88692401099217,916108
12,2026-08-02 21:24:57,"testSB_C",-1.93499498452695,917693
13,2026-08-02 21:24:57,"ntc1_C",-1.85583813199565,918062
13,2026-08-02 21:24:57,"ntc2_C",-1.91720585701461,915625
13,2026-08-02 21:24:57,"testSB_C",-1.79968762190651,912794
14,2026-08-02 21:24:57,"ntc1_C",-1.69658588170006,908176
14,2026-08-02 21:24:57,"ntc2_C",-1.97562092350222,920671
14,2026-08-02 21:24:57,"testSB_C",-1.79939846413606,913984
15,2026-08-02 21:24:57,"ntc1_C",-1.84865503366052,913086
15,2026-08-02 21:24:57,"ntc2_C",-1.8548902119262,916344
15,2026-08-02 21:24:57,"testSB_C",-1.93681046677028,919556
16,2026-08-02 21:24:57,"ntc1_C",-1.71075366750375,908845
16,2026-08-02 21:24:57,"ntc2_C",-1.83347012203774,912781
16,2026-08-02 21:24:57,"testSB_C",-1.75702526760125,909912
17,2026-08-02 21:24:57,"ntc1_C",-1.72886234365188,909431
17,2026-08-02 21:24:57,"ntc2_C",-1.78221321898707,911064
17,2026-08-02 21:24:57,"testSB_C",-1.7456753167952,912452
18,2026-08-02 21:24:57,"ntc1_C",-1.70297566959852,911313
18,2026-08-02 21:24:57,"ntc2_C",-1.91971182628095,917100
18,2026-08-02 21:24:57,"testSB_C",-1.76427327478513,910501
19,2026-08-02 21:24:57,"ntc1_C",-1.7250268594513,911772
19,2026-08-02 21:24:57,"ntc2_C",-1.90874289120671,917582
19,2026-08-02 21:24:57,"testSB_C",-1.82046716106538,915573
20,2026-08-02 21:24:57,"ntc1_C",-1.56762724705271,904352
20,2026-08-02 21:24:57,"ntc2_C",-1.91540034524309,918690
20,2026-08-02 21:24:57,"testSB_C",-1.56293448184704,902965
21,2026-08-02 21:24:57,"ntc1_C",-1.61205270913439,904541
21,2026-08-02 21:24:57,"ntc2_C",-1.93327638757643,918385
21,2026-08-02 21:24:57,"testSB_C",-1.77466107308953,912617
22,2026-08-02 21:24:57,"ntc1_C",-1.56545880924989,905147
22,2026-08-02 21:24:57,"ntc2_C",-1.84430656172549,916477
22,2026-08-02 21:24:57,"testSB_C",-1.67352514623616,907573
23,2026-08-02 21:24:57,"ntc1_C",-1.71892982691332,912625
23,2026-08-02 21:24:57,"ntc2_C",-1.81591115323721,913923
23,2026-08-02 21:24:57,"testSB_C",-1.80339412029468,912003
24,2026-08-02 21:24:57,"ntc1_C",-1.61312910420884,906846
24,2026-08-02 21:24:57,"ntc2_C",-1.73179591077724,912631
24,2026-08-02 21:24:57,"testSB_C",-1.54111807941376,902320
1,2026-08-03 00:24:57,"ntc1_C",-7.39010791833385,1143152
1,2026-08-03 00:24:57,"testSB_C",-7.33623480475046,1143206
2,2026-08-03 00:24:57,"ntc1_C",-7.24891685651477,1138376
2,2026-08-03 00:24:57,"ntc2_C",-7.19744854582137,1135696
2,2026-08-03 00:24:57,"testSB_C",-7.17121151672632,1137002
3,2026-08-03 00:24:57,"ntc1_C",-7.22812140735783,1139342
3,2026-08-03 00:24:57,"ntc2_C",-7.16495320167888,1135270
3,2026-08-03 00:24:57,"testSB_C",-7.12199144494753,1132883
4,2026-08-03 00:24:57,"ntc1_C",-7.13679908228954,1134547
4,2026-08-03 00:24:57,"ntc2_C",-7.13020783799936,1131590
4,2026-08-03 00:24:57,"testSB_C",-7.06077930409134,1128598
5,2026-08-03 00:24:57,"ntc1_C",-7.0674466072582,1129041
5,2026-08-03 00:24:57,"ntc2_C",-7.06219488064585,1130302
5,2026-08-03 00:24:57,"testSB_C",-7.03157794074684,1129782
6,2026-08-03 00:24:57,"ntc1_C",-7.0190000748745,1127512
6,2026-08-03 00:24:57,"ntc2_C",-7.03394341422069,1129464
6,2026-08-03 00:24:57,"testSB_C",-6.98024497898177,1127283
7,2026-08-03 00:24:57,"ntc1_C",-6.96056823792685,1124709
7,2026-08-03 00:24:57,"ntc2_C",-7.01156809468375,1128967
7,2026-08-03 00:24:57,"testSB_C",-6.95892962557315,1126587
8,2026-08-03 00:24:57,"ntc1_C",-6.94325272302967,1128065
8,2026-08-03 00:24:57,"ntc2_C",-6.93734146163922,1123360
8,2026-08-03 00:24:57,"testSB_C",-6.97784063785679,1123235
9,2026-08-03 00:24:57,"ntc1_C",-6.91774096252612,1122165
9,2026-08-03 00:24:57,"ntc2_C",-6.93518578833954,1126823
9,2026-08-03 00:24:57,"testSB_C",-6.91708057479286,1124175
10,2026-08-03 00:24:57,"ntc1_C",-6.90748566895428,1124263
10,2026-08-03 00:24:57,"ntc2_C",-6.92347340513885,1122151
10,2026-08-03 00:24:57,"testSB_C",-6.90038045280272,1121916
11,2026-08-03 00:24:57,"ntc1_C",-6.8626086828117,1122446
11,2026-08-03 00:24:57,"ntc2_C",-6.89007998985545,1123246
11,2026-08-03 00:24:57,"testSB_C",-6.85762014318755,1120235
12,2026-08-03 00:24:57,"ntc1_C",-6.90212533697314,1123338
12,2026-08-03 00:24:57,"ntc2_C",-6.8553654797106,1120569
12,2026-08-03 00:24:57,"testSB_C",-6.84667007805274,1119985
13,2026-08-03 00:24:57,"ntc1_C",-6.85575416486546,1124449
13,2026-08-03 00:24:57,"ntc2_C",-6.83817263310453,1117946
13,2026-08-03 00:24:57,"testSB_C",-6.80450478674425,1118235
14,2026-08-03 00:24:57,"ntc1_C",-6.7906170678055,1116481
14,2026-08-03 00:24:57,"ntc2_C",-6.80625303887024,1119885
14,2026-08-03 00:24:57,"testSB_C",-6.78773835192811,1118899
15,2026-08-03 00:24:57,"ntc1_C",-6.76972968407478,1114662
15,2026-08-03 00:24:57,"ntc2_C",-6.78211271284727,1119061
15,2026-08-03 00:24:57,"testSB_C",-6.77850965929827,1119118
16,2026-08-03 00:24:57,"ntc1_C",-6.74372693595234,1114643
16,2026-08-03 00:24:57,"ntc2_C",-6.7487382961661,1114205
16,2026-08-03 00:24:57,"testSB_C",-6.75105307558425,1114256
17,2026-08-03 00:24:57,"ntc1_C",-6.75309414924607,1114982
17,2026-08-03 00:24:57,"ntc2_C",-6.74951249513282,1114340
17,2026-08-03 00:24:57,"testSB_C",-6.73976065972744,1117294
18,2026-08-03 00:24:57,"ntc1_C",-6.75276630300903,1118340
18,2026-08-03 00:24:57,"ntc2_C",-6.74857724555073,1115343
18,2026-08-03 00:24:57,"testSB_C",-6.75928337284506,1115034
19,2026-08-03 00:24:57,"ntc1_C",-6.75889220561828,1118281
19,2026-08-03 00:24:57,"ntc2_C",-6.7627172219947,1117287
19,2026-08-03 00:24:57,"testSB_C",-6.76320121491557,1118853
20,2026-08-03 00:24:57,"ntc1_C",-6.75809226782286,1116282
20,2026-08-03 00:24:57,"ntc2_C",-6.78627850019024,1119431
20,2026-08-03 00:24:57,"testSB_C",-6.75200484824956,1114432
21,2026-08-03 00:24:57,"ntc1_C",-6.74832006252575,1113794
21,2026-08-03 00:24:57,"ntc2_C",-6.76879747111627,1117395
21,2026-08-03 00:24:57,"testSB_C",-6.72148552809449,1115387
22,2026-08-03 00:24:57,"ntc1_C",-6.7274172853493,1115863
22,2026-08-03 00:24:57,"ntc2_C",-6.74681725497572,1117939
22,2026-08-03 00:24:57,"testSB_C",-6.70779721878642,1113067
23,2026-08-03 00:24:57,"ntc1_C",-6.71980382013083,1117770
23,2026-08-03 00:24:57,"ntc2_C",-6.7331527967774,1115605
23,2026-08-03 00:24:57,"testSB_C",-6.70823737712379,1112517
24,2026-08-03 00:24:57,"ntc1_C",-6.68535719853554,1113971
24,2026-08-03 00:24:57,"ntc2_C",-6.68931228142526,1115840
24,2026-08-03 00:24:57,"testSB_C",-6.67162900172701,1110896
1,2026-08-03 03:24:57,"ntc1_C",-8.49957012140379,1196041
1,2026-08-03 03:24:57,"testSB_C",-8.47506923117948,1197500
2,2026-08-03 03:24:57,"ntc1_C",-8.41968323371464,1194012
2,2026-08-03 03:24:57,"ntc2_C",-8.38599009815107,1192056
2,2026-08-03 03:24:57,"testSB_C",-8.37515030273033,1194115
3,2026-08-03 03:24:57,"ntc1_C",-8.37842740915795,1193995
3,2026-08-03 03:24:57,"ntc2_C",-8.33248743600711,1190584
3,2026-08-03 03:24:57,"testSB_C",-8.28609903832069,1187884
4,2026-08-03 03:24:57,"ntc1_C",-8.31485651272703,1190328
4,2026-08-03 03:24:57,"ntc2_C",-8.32011170800001,1187785
4,2026-08-03 03:24:57,"testSB_C",-8.25490343714887,1184843
5,2026-08-03 03:24:57,"ntc1_C",-8.24889338476788,1184728
5,2026-08-03 03:24:57,"ntc2_C",-8.26379041421285,1186994
5,2026-08-03 03:24:57,"testSB_C",-8.23645293405394,1186613
6,2026-08-03 03:24:57,"ntc1_C",-8.22847679810263,1184423
6,2026-08-03 03:24:57,"ntc2_C",-8.24021828933763,1186358
6,2026-08-03 03:24:57,"testSB_C",-8.1908886749892,1184255
7,2026-08-03 03:24:57,"ntc1_C",-8.17941975345639,1181972
7,2026-08-03 03:24:57,"ntc2_C",-8.22667426093358,1186267
7,2026-08-03 03:24:57,"testSB_C",-8.13267374808402,1181743
8,2026-08-03 03:24:57,"ntc1_C",-8.11246115072532,1183096
8,2026-08-03 03:24:57,"ntc2_C",-8.08825303734778,1177273
8,2026-08-03 03:24:57,"testSB_C",-8.13976774423361,1177672
9,2026-08-03 03:24:57,"ntc1_C",-8.06916267593317,1176031
9,2026-08-03 03:24:57,"ntc2_C",-8.08678792149328,1180960
9,2026-08-03 03:24:57,"testSB_C",-8.06885225172891,1178182
10,2026-08-03 03:24:57,"ntc1_C",-8.03831122255127,1177239
10,2026-08-03 03:24:57,"ntc2_C",-8.078039576793,1176179
10,2026-08-03 03:24:57,"testSB_C",-8.01701586104525,1174124
11,2026-08-03 03:24:57,"ntc1_C",-7.98891843982295,1175111
11,2026-08-03 03:24:57,"ntc2_C",-8.03146120329603,1176686
11,2026-08-03 03:24:57,"testSB_C",-7.9896397600308,1173076
12,2026-08-03 03:24:57,"ntc1_C",-8.04629223622692,1176908
12,2026-08-03 03:24:57,"ntc2_C",-7.9890444467548,1173505
12,2026-08-03 03:24:57,"testSB_C",-7.9857494167972,1173165
13,2026-08-03 03:24:57,"ntc1_C",-7.98628745170595,1177426
13,2026-08-03 03:24:57,"ntc2_C",-7.97366974989382,1170872
13,2026-08-03 03:24:57,"testSB_C",-7.94990486759218,1171637
14,2026-08-03 03:24:57,"ntc1_C",-7.9293147521945,1169456
14,2026-08-03 03:24:57,"ntc2_C",-7.94006402751654,1172789
14,2026-08-03 03:24:57,"testSB_C",-7.94546490210388,1172911
15,2026-08-03 03:24:57,"ntc1_C",-7.91343876919183,1167780
15,2026-08-03 03:24:57,"ntc2_C",-7.94393829398939,1173288
15,2026-08-03 03:24:57,"testSB_C",-7.92667743656244,1172694
16,2026-08-03 03:24:57,"ntc1_C",-7.87717636711949,1167304
16,2026-08-03 03:24:57,"ntc2_C",-7.87066153489906,1166309
16,2026-08-03 03:24:57,"testSB_C",-7.844995368426,1165036
17,2026-08-03 03:24:57,"ntc1_C",-7.84394553091573,1165634
17,2026-08-03 03:24:57,"ntc2_C",-7.8515089310651,1165473
17,2026-08-03 03:24:57,"testSB_C",-7.81278815468647,1167194
18,2026-08-03 03:24:57,"ntc1_C",-7.83190421055883,1168561
18,2026-08-03 03:24:57,"ntc2_C",-7.85683387460341,1166790
18,2026-08-03 03:24:57,"testSB_C",-7.83235469140703,1164858
19,2026-08-03 03:24:57,"ntc1_C",-7.80932731950583,1167157
19,2026-08-03 03:24:57,"ntc2_C",-7.81486117893388,1166207
19,2026-08-03 03:24:57,"testSB_C",-7.81574328629654,1167863
20,2026-08-03 03:24:57,"ntc1_C",-7.80140095759458,1164747
20,2026-08-03 03:24:57,"ntc2_C",-7.84094988511174,1168571
20,2026-08-03 03:24:57,"testSB_C",-7.80640637012209,1163330
21,2026-08-03 03:24:57,"ntc1_C",-7.81242458151706,1163080
21,2026-08-03 03:24:57,"ntc2_C",-7.82998587904291,1166742
21,2026-08-03 03:24:57,"testSB_C",-7.78495452116374,1164758
22,2026-08-03 03:24:57,"ntc1_C",-7.79792639072753,1165583
22,2026-08-03 03:24:57,"ntc2_C",-7.82386659218662,1168037
22,2026-08-03 03:24:57,"testSB_C",-7.78959641438144,1163194
23,2026-08-03 03:24:57,"ntc1_C",-7.795699506012,1167820
23,2026-08-03 03:24:57,"ntc2_C",-7.80653840904802,1165448
23,2026-08-03 03:24:57,"testSB_C",-7.79214326496913,1162678
24,2026-08-03 03:24:57,"ntc1_C",-7.78195144452962,1164852
24,2026-08-03 03:24:57,"ntc2_C",-7.78517344585146,1166759
24,2026-08-03 03:24:57,"testSB_C",-7.77918477153463,1162132
1,2026-08-03 06:24:57,"ntc1_C",-2.26126781714112,928262
1,2026-08-03 06:24:57,"testSB_C",-2.21969326574515,928882
2,2026-08-03 06:24:57,"ntc1_C",-2.26559690396033,929882
2,2026-08-03 06:24:57,"ntc2_C",-2.23252330704526,928419
2,2026-08-03 06:24:57,"testSB_C",-2.23208400866213,930651
3,2026-08-03 06:24:57,"ntc1_C",-2.12202246433714,926169
3,2026-08-03 06:24:57,"ntc2_C",-2.14498370021033,926013
3,2026-08-03 06:24:57,"testSB_C",-2.17900147264027,927060
4,2026-08-03 06:24:57,"ntc1_C",-2.1318603699271,926023
4,2026-08-03 06:24:57,"ntc2_C",-2.1094886099508,923076
4,2026-08-03 06:24:57,"testSB_C",-2.19569917855529,926467
5,2026-08-03 06:24:57,"ntc1_C",-2.16766987956771,925425
5,2026-08-03 06:24:57,"ntc2_C",-2.13148009708374,925407
5,2026-08-03 06:24:57,"testSB_C",-2.16914337306719,927514
6,2026-08-03 06:24:57,"ntc1_C",-2.17996681971789,926607
6,2026-08-03 06:24:57,"ntc2_C",-2.14138779189852,926085
6,2026-08-03 06:24:57,"testSB_C",-2.1743668379404,927612
7,2026-08-03 06:24:57,"ntc1_C",-2.1450642440513,925068
7,2026-08-03 06:24:57,"ntc2_C",-2.08763504200522,924499
7,2026-08-03 06:24:57,"testSB_C",-2.14787241141721,926867
8,2026-08-03 06:24:57,"ntc1_C",-2.1660654904411,929283
8,2026-08-03 06:24:57,"ntc2_C",-2.17878030200234,926155
8,2026-08-03 06:24:57,"testSB_C",-2.10178251810004,921660
9,2026-08-03 06:24:57,"ntc1_C",-2.17635520426694,925859
9,2026-08-03 06:24:57,"ntc2_C",-2.14310857839979,927663
9,2026-08-03 06:24:57,"testSB_C",-2.14678578345382,926341
10,2026-08-03 06:24:57,"ntc1_C",-2.17139791202317,927783
10,2026-08-03 06:24:57,"ntc2_C",-2.09864370128395,922688
10,2026-08-03 06:24:57,"testSB_C",-2.15909008793943,925584
11,2026-08-03 06:24:57,"ntc1_C",-2.17395786945968,928097
11,2026-08-03 06:24:57,"ntc2_C",-2.10201479004792,924987
11,2026-08-03 06:24:57,"testSB_C",-2.12315049174958,924543
12,2026-08-03 06:24:57,"ntc1_C",-2.0735169092506,923565
12,2026-08-03 06:24:57,"ntc2_C",-2.10793782670123,924321
12,2026-08-03 06:24:57,"testSB_C",-2.11674540704286,924455
13,2026-08-03 06:24:57,"ntc1_C",-2.11425515395933,927696
13,2026-08-03 06:24:57,"ntc2_C",-2.06459571464444,921094
13,2026-08-03 06:24:57,"testSB_C",-2.10574035437776,924150
14,2026-08-03 06:24:57,"ntc1_C",-2.08572063570682,922557
14,2026-08-03 06:24:57,"ntc2_C",-2.06707889651631,924078
14,2026-08-03 06:24:57,"testSB_C",-2.07543760761871,924231
15,2026-08-03 06:24:57,"ntc1_C",-2.09917464313025,922368
15,2026-08-03 06:24:57,"ntc2_C",-2.03048351939952,922867
15,2026-08-03 06:24:57,"testSB_C",-2.03118674958256,923069
16,2026-08-03 06:24:57,"ntc1_C",-2.10807015824696,923549
16,2026-08-03 06:24:57,"ntc2_C",-2.08717552364698,922186
16,2026-08-03 06:24:57,"testSB_C",-2.08784425980843,922156
17,2026-08-03 06:24:57,"ntc1_C",-2.06893582504898,922011
17,2026-08-03 06:24:57,"ntc2_C",-2.06369679883869,921480
17,2026-08-03 06:24:57,"testSB_C",-2.05793256424323,924034
18,2026-08-03 06:24:57,"ntc1_C",-2.04508206565072,923989
18,2026-08-03 06:24:57,"ntc2_C",-2.03449293430316,921359
18,2026-08-03 06:24:57,"testSB_C",-2.07553496806037,922025
19,2026-08-03 06:24:57,"ntc1_C",-2.05846219658309,924136
19,2026-08-03 06:24:57,"ntc2_C",-2.06194685977079,923280
19,2026-08-03 06:24:57,"testSB_C",-2.04489568930342,923913
20,2026-08-03 06:24:57,"ntc1_C",-2.04649255688838,922018
20,2026-08-03 06:24:57,"ntc2_C",-2.0048293998276,922016
20,2026-08-03 06:24:57,"testSB_C",-2.01933510242878,919762
21,2026-08-03 06:24:57,"ntc1_C",-2.02572412623317,919766
21,2026-08-03 06:24:57,"ntc2_C",-1.98900742608794,920455
21,2026-08-03 06:24:57,"testSB_C",-2.06708782274711,923462
22,2026-08-03 06:24:57,"ntc1_C",-2.01187930342388,921610
22,2026-08-03 06:24:57,"ntc2_C",-1.98480816220797,921689
22,2026-08-03 06:24:57,"testSB_C",-2.01040133814831,920001
23,2026-08-03 06:24:57,"ntc1_C",-1.99992233941146,923040
23,2026-08-03 06:24:57,"ntc2_C",-1.97032211723575,919640
23,2026-08-03 06:24:57,"testSB_C",-1.99732940047494,919168
24,2026-08-03 06:24:57,"ntc1_C",-1.98514131937367,920576
24,2026-08-03 06:24:57,"ntc2_C",-1.95803714613766,921008
24,2026-08-03 06:24:57,"testSB_C",-1.96322397042297,917826
1,2026-08-03 09:24:57,"ntc1_C",0.566188188994488,828291
1,2026-08-03 09:24:57,"testSB_C",0.594753784621105,829333
2,2026-08-03 09:24:57,"ntc1_C",0.476400912345696,832576
2,2026-08-03 09:24:57,"ntc2_C",0.466464722989485,832722
2,2026-08-03 09:24:57,"testSB_C",0.57065065404629,831344
3,2026-08-03 09:24:57,"ntc1_C",1.27003502209129,807966
3,2026-08-03 09:24:57,"ntc2_C",1.10470879552668,812403
3,2026-08-03 09:24:57,"testSB_C",0.962459023623751,816918
4,2026-08-03 09:24:57,"ntc1_C",1.18479441124475,810258
4,2026-08-03 09:24:57,"ntc2_C",1.20106850289375,807919
4,2026-08-03 09:24:57,"testSB_C",0.900806543177509,817863
5,2026-08-03 09:24:57,"ntc1_C",0.864672282241202,818996
5,2026-08-03 09:24:57,"ntc2_C",1.01066985659213,815448
5,2026-08-03 09:24:57,"testSB_C",0.933216495394504,818581
6,2026-08-03 09:24:57,"ntc1_C",0.827975816854064,820920
6,2026-08-03 09:24:57,"ntc2_C",1.02485301958205,815210
6,2026-08-03 09:24:57,"testSB_C",0.898345986390154,819643
7,2026-08-03 09:24:57,"ntc1_C",0.957492330608659,816392
7,2026-08-03 09:24:57,"ntc2_C",1.14122459534735,811780
7,2026-08-03 09:24:57,"testSB_C",0.916240070490517,819291
8,2026-08-03 09:24:57,"ntc1_C",0.85764860214789,822714
8,2026-08-03 09:24:57,"ntc2_C",0.894695911318308,818347
8,2026-08-03 09:24:57,"testSB_C",1.12999948602521,809241
9,2026-08-03 09:24:57,"ntc1_C",0.879371436672329,818692
9,2026-08-03 09:24:57,"ntc2_C",1.00570423385187,817155
9,2026-08-03 09:24:57,"testSB_C",0.865114667331284,820511
10,2026-08-03 09:24:57,"ntc1_C",0.899171578682171,819889
10,2026-08-03 09:24:57,"ntc2_C",1.09665649812285,811321
10,2026-08-03 09:24:57,"testSB_C",0.854106353025315,819794
11,2026-08-03 09:24:57,"ntc1_C",0.782570386350528,823941
11,2026-08-03 09:24:57,"ntc2_C",1.0125731844343,815984
11,2026-08-03 09:24:57,"testSB_C",0.894379284908496,818789
12,2026-08-03 09:24:57,"ntc1_C",1.13229743205244,811763
12,2026-08-03 09:24:57,"ntc2_C",1.04509482190883,814138
12,2026-08-03 09:24:57,"testSB_C",0.845799147169998,820483
13,2026-08-03 09:24:57,"ntc1_C",0.915637446205551,821113
13,2026-08-03 09:24:57,"ntc2_C",1.16018593873565,808915
13,2026-08-03 09:24:57,"testSB_C",0.973610088745488,816344
14,2026-08-03 09:24:57,"ntc1_C",1.00748617898762,814539
14,2026-08-03 09:24:57,"ntc2_C",1.10012212300626,813460
14,2026-08-03 09:24:57,"testSB_C",0.969223260865874,817583
15,2026-08-03 09:24:57,"ntc1_C",0.925198025254645,816642
15,2026-08-03 09:24:57,"ntc2_C",1.11141515260789,813191
15,2026-08-03 09:24:57,"testSB_C",1.1660576417591,811554
16,2026-08-03 09:24:57,"ntc1_C",0.870912230318254,819111
16,2026-08-03 09:24:57,"ntc2_C",1.02516331606967,813525
16,2026-08-03 09:24:57,"testSB_C",0.932232015740908,816511
17,2026-08-03 09:24:57,"ntc1_C",1.04232055174339,813412
17,2026-08-03 09:24:57,"ntc2_C",0.987107443299692,814952
17,2026-08-03 09:24:57,"testSB_C",0.925870804079693,819387
18,2026-08-03 09:24:57,"ntc1_C",0.966884474302617,818457
18,2026-08-03 09:24:57,"ntc2_C",0.986826322443221,815877
18,2026-08-03 09:24:57,"testSB_C",0.919001280336204,817224
19,2026-08-03 09:24:57,"ntc1_C",0.97139473426796,817960
19,2026-08-03 09:24:57,"ntc2_C",0.9750574647436,816956
19,2026-08-03 09:24:57,"testSB_C",0.988899699043543,817625
20,2026-08-03 09:24:57,"ntc1_C",1.05365350331004,813761
20,2026-08-03 09:24:57,"ntc2_C",1.13047676212909,812625
20,2026-08-03 09:24:57,"testSB_C",1.11004982797135,810865
21,2026-08-03 09:24:57,"ntc1_C",1.01931601798555,813705
21,2026-08-03 09:24:57,"ntc2_C",1.10089149369287,812765
21,2026-08-03 09:24:57,"testSB_C",0.856633397720884,820856
22,2026-08-03 09:24:57,"ntc1_C",1.05264147026992,814635
22,2026-08-03 09:24:57,"ntc2_C",1.23174411768946,809826
22,2026-08-03 09:24:57,"testSB_C",0.897105321514061,818374
23,2026-08-03 09:24:57,"ntc1_C",0.958751455679078,819363
23,2026-08-03 09:24:57,"ntc2_C",1.18533484202544,809932
23,2026-08-03 09:24:57,"testSB_C",0.951299039851165,816350
24,2026-08-03 09:24:57,"ntc1_C",0.980908499774216,816902
24,2026-08-03 09:24:57,"ntc2_C",1.06332164973418,815506
24,2026-08-03 09:24:57,"testSB_C",0.92837772362077,816965
1,2026-08-03 12:24:57,"ntc1_C",1.74450452853199,790053
1,2026-08-03 12:24:57,"testSB_C",1.83348858266334,789157
2,2026-08-03 12:24:57,"ntc1_C",1.54750801520032,797542
2,2026-08-03 12:24:57,"ntc2_C",1.69154363537859,792779
2,2026-08-03 12:24:57,"testSB_C",1.69210696534009,794804
3,2026-08-03 12:24:57,"ntc1_C",3.13530326974666,749875
3,2026-08-03 12:24:57,"ntc2_C",2.89764959809719,756125
3,2026-08-03 12:24:57,"testSB_C",2.71924808827703,761442
4,2026-08-03 12:24:57,"ntc1_C",2.89404407661902,756678
4,2026-08-03 12:24:57,"ntc2_C",2.92493203151099,754075
4,2026-08-03 12:24:57,"testSB_C",2.68631893495296,761441
5,2026-08-03 12:24:57,"ntc1_C",2.59269706443752,764212
5,2026-08-03 12:24:57,"ntc2_C",2.66391922646483,763230
5,2026-08-03 12:24:57,"testSB_C",2.69227375779963,762909
6,2026-08-03 12:24:57,"ntc1_C",2.55071194461289,766204
6,2026-08-03 12:24:57,"ntc2_C",2.63590401481059,764274
6,2026-08-03 12:24:57,"testSB_C",2.58485073360339,766110
7,2026-08-03 12:24:57,"ntc1_C",2.76659782773709,759337
7,2026-08-03 12:24:57,"ntc2_C",2.8199671592559,759016
7,2026-08-03 12:24:57,"testSB_C",2.76330249108582,760900
8,2026-08-03 12:24:57,"ntc1_C",2.59268486841881,767477
8,2026-08-03 12:24:57,"ntc2_C",2.68595222115999,761722
8,2026-08-03 12:24:57,"testSB_C",2.97650310642126,751621
9,2026-08-03 12:24:57,"ntc1_C",2.59268609637212,764429
9,2026-08-03 12:24:57,"ntc2_C",2.79534905606442,760644
9,2026-08-03 12:24:57,"testSB_C",2.63669136075129,764314
10,2026-08-03 12:24:57,"ntc1_C",2.64200530707092,764634
10,2026-08-03 12:24:57,"ntc2_C",2.78116009667644,758430
10,2026-08-03 12:24:57,"testSB_C",2.64483007017645,763055
11,2026-08-03 12:24:57,"ntc1_C",2.51083159158679,768851
11,2026-08-03 12:24:57,"ntc2_C",2.7354026585914,761612
11,2026-08-03 12:24:57,"testSB_C",2.6417853709321,763476
12,2026-08-03 12:24:57,"ntc1_C",2.74071055970518,761156
12,2026-08-03 12:24:57,"ntc2_C",2.71943473130847,761363
12,2026-08-03 12:24:57,"testSB_C",2.55132338212729,766307
13,2026-08-03 12:24:57,"ntc1_C",2.53610120537257,769497
13,2026-08-03 12:24:57,"ntc2_C",2.81253537979615,757128
13,2026-08-03 12:24:57,"testSB_C",2.68897519482834,762135
14,2026-08-03 12:24:57,"ntc1_C",2.62985515079043,763312
14,2026-08-03 12:24:57,"ntc2_C",2.7393398910632,761795
14,2026-08-03 12:24:57,"testSB_C",2.63495403504118,764821
15,2026-08-03 12:24:57,"ntc1_C",2.54494954399547,765364
15,2026-08-03 12:24:57,"ntc2_C",2.76960017593444,760952
15,2026-08-03 12:24:57,"testSB_C",2.69495202986332,763354
16,2026-08-03 12:24:57,"ntc1_C",2.49427488017932,767527
16,2026-08-03 12:24:57,"ntc2_C",2.60318716555923,763689
16,2026-08-03 12:24:57,"testSB_C",2.46253763530183,767942
17,2026-08-03 12:24:57,"ntc1_C",2.56709723484965,765209
17,2026-08-03 12:24:57,"ntc2_C",2.53889685719491,765838
17,2026-08-03 12:24:57,"testSB_C",2.44195687885781,771086
18,2026-08-03 12:24:57,"ntc1_C",2.58019894248037,767243
18,2026-08-03 12:24:57,"ntc2_C",2.48194071023426,768476
18,2026-08-03 12:24:57,"testSB_C",2.4640528940098,768150
19,2026-08-03 12:24:57,"ntc1_C",2.49290124116681,769581
19,2026-08-03 12:24:57,"ntc2_C",2.40747370540242,771376
19,2026-08-03 12:24:57,"testSB_C",2.49861245724492,769627
20,2026-08-03 12:24:57,"ntc1_C",2.55790327178386,766156
20,2026-08-03 12:24:57,"ntc2_C",2.57481886709621,766932
20,2026-08-03 12:24:57,"testSB_C",2.71543404833511,760378
21,2026-08-03 12:24:57,"ntc1_C",2.532584956216,765886
21,2026-08-03 12:24:57,"ntc2_C",2.621465717685,764742
21,2026-08-03 12:24:57,"testSB_C",2.35783444438056,772925
22,2026-08-03 12:24:57,"ntc1_C",2.52069857442899,768124
22,2026-08-03 12:24:57,"ntc2_C",2.76160470188324,761760
22,2026-08-03 12:24:57,"testSB_C",2.39774599615714,770640
23,2026-08-03 12:24:57,"ntc1_C",2.45165021384088,771793
23,2026-08-03 12:24:57,"ntc2_C",2.63902156834854,764139
23,2026-08-03 12:24:57,"testSB_C",2.32562489554408,772659
24,2026-08-03 12:24:57,"ntc1_C",2.51677721965115,768140
24,2026-08-03 12:24:57,"ntc2_C",2.45758249978553,771205
24,2026-08-03 12:24:57,"testSB_C",2.37049883135461,771111
1,2026-08-03 15:24:57,"ntc1_C",1.72741383714924,790594
1,2026-08-03 15:24:57,"testSB_C",1.8673585103902,788088
2,2026-08-03 15:24:57,"ntc1_C",1.63202561282094,794845
2,2026-08-03 15:24:57,"ntc2_C",1.8321971905994,788325
2,2026-08-03 15:24:57,"testSB_C",1.79247302191004,791618
3,2026-08-03 15:24:57,"ntc1_C",2.89366252385133,757143
3,2026-08-03 15:24:57,"ntc2_C",2.79906731813833,759109
3,2026-08-03 15:24:57,"testSB_C",2.73651739756946,760917
4,2026-08-03 15:24:57,"ntc1_C",2.85909316442547,757735
4,2026-08-03 15:24:57,"ntc2_C",2.86352135872545,755926
4,2026-08-03 15:24:57,"testSB_C",2.63183450257714,763100
5,2026-08-03 15:24:57,"ntc1_C",2.49503009637738,767202
5,2026-08-03 15:24:57,"ntc2_C",2.57405032702331,765975
5,2026-08-03 15:24:57,"testSB_C",2.6247810112373,764969
6,2026-08-03 15:24:57,"ntc1_C",2.37168848778225,771705
6,2026-08-03 15:24:57,"ntc2_C",2.55507814051509,766747
6,2026-08-03 15:24:57,"testSB_C",2.50903302747372,768435
7,2026-08-03 15:24:57,"ntc1_C",2.66076467201771,762555
7,2026-08-03 15:24:57,"ntc2_C",2.69503597335171,762814
7,2026-08-03 15:24:57,"testSB_C",2.52372610262944,768217
8,2026-08-03 15:24:57,"ntc1_C",2.44883405738193,771903
8,2026-08-03 15:24:57,"ntc2_C",2.53319751708142,766384
8,2026-08-03 15:24:57,"testSB_C",2.72549067467912,759190
9,2026-08-03 15:24:57,"ntc1_C",2.43761036173424,769179
9,2026-08-03 15:24:57,"ntc2_C",2.69912404602053,763574
9,2026-08-03 15:24:57,"testSB_C",2.43317934924278,770556
10,2026-08-03 15:24:57,"ntc1_C",2.51876128717043,768408
10,2026-08-03 15:24:57,"ntc2_C",2.57814481837994,764605
10,2026-08-03 15:24:57,"testSB_C",2.498493806017,767531
11,2026-08-03 15:24:57,"ntc1_C",2.37802650400226,772942
11,2026-08-03 15:24:57,"ntc2_C",2.48629973430332,769229
11,2026-08-03 15:24:57,"testSB_C",2.47456146522114,768593
12,2026-08-03 15:24:57,"ntc1_C",2.45826084973015,769794
12,2026-08-03 15:24:57,"ntc2_C",2.58172551401077,765563
12,2026-08-03 15:24:57,"testSB_C",2.31658479666748,773532
13,2026-08-03 15:24:57,"ntc1_C",2.42164774818951,773027
13,2026-08-03 15:24:57,"ntc2_C",2.56748471468148,764580
13,2026-08-03 15:24:57,"testSB_C",2.65761309049998,763091
14,2026-08-03 15:24:57,"ntc1_C",2.63054372885597,763291
14,2026-08-03 15:24:57,"ntc2_C",2.72472147343677,762240
14,2026-08-03 15:24:57,"testSB_C",2.54453469167561,767590
15,2026-08-03 15:24:57,"ntc1_C",2.52324569859366,766028
15,2026-08-03 15:24:57,"ntc2_C",2.6694671491303,764003
15,2026-08-03 15:24:57,"testSB_C",2.66436021128737,764288
16,2026-08-03 15:24:57,"ntc1_C",2.58025641687948,764893
16,2026-08-03 15:24:57,"ntc2_C",2.56188955134263,764951
16,2026-08-03 15:24:57,"testSB_C",2.51716740131644,766266
17,2026-08-03 15:24:57,"ntc1_C",2.69345534787016,761353
17,2026-08-03 15:24:57,"ntc2_C",2.52537879914399,766252
17,2026-08-03 15:24:57,"testSB_C",2.58107169687361,766808
18,2026-08-03 15:24:57,"ntc1_C",2.5222620991899,769022
18,2026-08-03 15:24:57,"ntc2_C",2.48552324583449,768366
18,2026-08-03 15:24:57,"testSB_C",2.48459637942284,767519
19,2026-08-03 15:24:57,"ntc1_C",2.61388064642853,765867
19,2026-08-03 15:24:57,"ntc2_C",2.51295866929053,768128
19,2026-08-03 15:24:57,"testSB_C",2.73838042578768,762284
20,2026-08-03 15:24:57,"ntc1_C",2.77861674638939,759424
20,2026-08-03 15:24:57,"ntc2_C",2.5727650609922,766995
20,2026-08-03 15:24:57,"testSB_C",2.8376172756374,756675
21,2026-08-03 15:24:57,"ntc1_C",2.72438576238,760042
21,2026-08-03 15:24:57,"ntc2_C",2.69721449154252,762430
21,2026-08-03 15:24:57,"testSB_C",2.49527186656303,768688
22,2026-08-03 15:24:57,"ntc1_C",2.9064370453832,756378
22,2026-08-03 15:24:57,"ntc2_C",2.99056927979746,754832
22,2026-08-03 15:24:57,"testSB_C",2.4610722549001,768692
23,2026-08-03 15:24:57,"ntc1_C",2.47405019963406,771102
23,2026-08-03 15:24:57,"ntc2_C",2.65481133687075,763657
23,2026-08-03 15:24:57,"testSB_C",2.44777815422145,768898
24,2026-08-03 15:24:57,"ntc1_C",2.67612607074483,763261
24,2026-08-03 15:24:57,"ntc2_C",2.60042656470915,766813
24,2026-08-03 15:24:57,"testSB_C",2.47755297646881,767818
1,2026-08-03 18:24:57,"ntc1_C",0.395768743499275,833982
1,2026-08-03 18:24:57,"testSB_C",0.456347831098185,833955
2,2026-08-03 18:24:57,"ntc1_C",0.325717335172953,837634
2,2026-08-03 18:24:57,"ntc2_C",0.399647910685076,834961
2,2026-08-03 18:24:57,"testSB_C",0.375066808798579,837897
3,2026-08-03 18:24:57,"ntc1_C",0.860790225179471,821340
3,2026-08-03 18:24:57,"ntc2_C",0.767948255979093,823461
3,2026-08-03 18:24:57,"testSB_C",0.731637669665986,824520
4,2026-08-03 18:24:57,"ntc1_C",0.764170774207287,824052
4,2026-08-03 18:24:57,"ntc2_C",0.763611828448404,822223
4,2026-08-03 18:24:57,"testSB_C",0.680124651078017,825139
5,2026-08-03 18:24:57,"ntc1_C",0.646373768930289,826208
5,2026-08-03 18:24:57,"ntc2_C",0.655793968668547,827144
5,2026-08-03 18:24:57,"testSB_C",0.665362416720086,827430
6,2026-08-03 18:24:57,"ntc1_C",0.60405568764071,828331
6,2026-08-03 18:24:57,"ntc2_C",0.631991698092065,828170
6,2026-08-03 18:24:57,"testSB_C",0.632665720288514,828432
7,2026-08-03 18:24:57,"ntc1_C",0.68473117584773,825382
7,2026-08-03 18:24:57,"ntc2_C",0.7032713753444,826177
7,2026-08-03 18:24:57,"testSB_C",0.682796645867995,827003
8,2026-08-03 18:24:57,"ntc1_C",0.632553221453975,830184
8,2026-08-03 18:24:57,"ntc2_C",0.665928664033913,825895
8,2026-08-03 18:24:57,"testSB_C",0.756697887884457,821451
9,2026-08-03 18:24:57,"ntc1_C",0.644173997884195,826455
9,2026-08-03 18:24:57,"ntc2_C",0.692464433851001,827497
9,2026-08-03 18:24:57,"testSB_C",0.645642553908488,827773
10,2026-08-03 18:24:57,"ntc1_C",0.645040678487021,828294
10,2026-08-03 18:24:57,"ntc2_C",0.66627929522349,825454
10,2026-08-03 18:24:57,"testSB_C",0.678124672272816,825607
11,2026-08-03 18:24:57,"ntc1_C",0.58877142262071,830375
11,2026-08-03 18:24:57,"ntc2_C",0.650620719657866,827923
11,2026-08-03 18:24:57,"testSB_C",0.638159930506674,827251
12,2026-08-03 18:24:57,"ntc1_C",0.650947753409696,827594
12,2026-08-03 18:24:57,"ntc2_C",0.633185269235469,827708
12,2026-08-03 18:24:57,"testSB_C",0.587838808065555,829025
13,2026-08-03 18:24:57,"ntc1_C",0.615433025370692,831072
13,2026-08-03 18:24:57,"ntc2_C",0.6597107856864,825333
13,2026-08-03 18:24:57,"testSB_C",0.62484457906379,827858
14,2026-08-03 18:24:57,"ntc1_C",0.654731545711854,826153
14,2026-08-03 18:24:57,"ntc2_C",0.658384052838528,828010
14,2026-08-03 18:24:57,"testSB_C",0.63306282596244,828692
15,2026-08-03 18:24:57,"ntc1_C",0.608334623247458,827093
15,2026-08-03 18:24:57,"ntc2_C",0.673365706886955,827618
15,2026-08-03 18:24:57,"testSB_C",0.656072533730139,828342
16,2026-08-03 18:24:57,"ntc1_C",0.588154462543685,828466
16,2026-08-03 18:24:57,"ntc2_C",0.627766775929899,826612
16,2026-08-03 18:24:57,"testSB_C",0.613960094463721,827016
17,2026-08-03 18:24:57,"ntc1_C",0.641041223870047,826626
17,2026-08-03 18:24:57,"ntc2_C",0.617368982730852,827140
17,2026-08-03 18:24:57,"testSB_C",0.598284174395985,830239
18,2026-08-03 18:24:57,"ntc1_C",0.626061385591981,829733
18,2026-08-03 18:24:57,"ntc2_C",0.591954130091722,828907
18,2026-08-03 18:24:57,"testSB_C",0.615916082294802,827235
19,2026-08-03 18:24:57,"ntc1_C",0.633574347122021,829133
19,2026-08-03 18:24:57,"ntc2_C",0.57605047376353,830155
19,2026-08-03 18:24:57,"testSB_C",0.637060340197081,829261
20,2026-08-03 18:24:57,"ntc1_C",0.6869005456021,825837
20,2026-08-03 18:24:57,"ntc2_C",0.655268080497478,828283
20,2026-08-03 18:24:57,"testSB_C",0.724845913975003,823501
21,2026-08-03 18:24:57,"ntc1_C",0.668349143642843,825242
21,2026-08-03 18:24:57,"ntc2_C",0.670210424191396,826941
21,2026-08-03 18:24:57,"testSB_C",0.607047753004792,829126
22,2026-08-03 18:24:57,"ntc1_C",0.677952849838391,826979
22,2026-08-03 18:24:57,"ntc2_C",0.718671274295787,826660
22,2026-08-03 18:24:57,"testSB_C",0.580308551129178,828847
23,2026-08-03 18:24:57,"ntc1_C",0.612056709034448,830849
23,2026-08-03 18:24:57,"ntc2_C",0.666990495109019,826958
23,2026-08-03 18:24:57,"testSB_C",0.559233482095976,829290
24,2026-08-03 18:24:57,"ntc1_C",0.61511250659629,828993
24,2026-08-03 18:24:57,"ntc2_C",0.584899485561664,831323
24,2026-08-03 18:24:57,"testSB_C",0.592821461007418,828044
1,2026-08-03 21:24:57,"ntc1_C",-0.460563700304817,863212
1,2026-08-03 21:24:57,"testSB_C",-0.440767261175381,864583
2,2026-08-03 21:24:57,"ntc1_C",-0.487213442227528,865488
2,2026-08-03 21:24:57,"ntc2_C",-0.471540481235138,864744
2,2026-08-03 21:24:57,"testSB_C",-0.446038034367859,866010
3,2026-08-03 21:24:57,"ntc1_C",-0.319707146755491,861248
3,2026-08-03 21:24:57,"ntc2_C",-0.34856422363606,861277
3,2026-08-03 21:24:57,"testSB_C",-0.374280309497635,861996
4,2026-08-03 21:24:57,"ntc1_C",-0.335509635188089,861303
4,2026-08-03 21:24:57,"ntc2_C",-0.336412775013059,859390
4,2026-08-03 21:24:57,"testSB_C",-0.402245191707493,861831
5,2026-08-03 21:24:57,"ntc1_C",-0.408878879035626,862031
5,2026-08-03 21:24:57,"ntc2_C",-0.394578609654502,862815
5,2026-08-03 21:24:57,"testSB_C",-0.407129938410492,863889
6,2026-08-03 21:24:57,"ntc1_C",-0.431303154637362,863530
6,2026-08-03 21:24:57,"ntc2_C",-0.400743551214816,863290
6,2026-08-03 21:24:57,"testSB_C",-0.425468305925108,864438
7,2026-08-03 21:24:57,"ntc1_C",-0.397739424588849,862106
7,2026-08-03 21:24:57,"ntc2_C",-0.385729230338313,863161
7,2026-08-03 21:24:57,"testSB_C",-0.40654335885057,864020
8,2026-08-03 21:24:57,"ntc1_C",-0.446128017877186,866991
8,2026-08-03 21:24:57,"ntc2_C",-0.420797819535039,862772
8,2026-08-03 21:24:57,"testSB_C",-0.384248230611718,859995
9,2026-08-03 21:24:57,"ntc1_C",-0.43793857478579,863190
9,2026-08-03 21:24:57,"ntc2_C",-0.403735543894925,864795
9,2026-08-03 21:24:57,"testSB_C",-0.427059347643421,864260
10,2026-08-03 21:24:57,"ntc1_C",-0.431357338356634,864919
10,2026-08-03 21:24:57,"ntc2_C",-0.403495062439788,861726
10,2026-08-03 21:24:57,"testSB_C",-0.428149835766533,863163
11,2026-08-03 21:24:57,"ntc1_C",-0.453072711406207,865887
11,2026-08-03 21:24:57,"ntc2_C",-0.421183809297531,864374
11,2026-08-03 21:24:57,"testSB_C",-0.404942643639629,862669
12,2026-08-03 21:24:57,"ntc1_C",-0.39472726699131,863122
12,2026-08-03 21:24:57,"ntc2_C",-0.419814413940628,863498
12,2026-08-03 21:24:57,"testSB_C",-0.425863679017766,863515
13,2026-08-03 21:24:57,"ntc1_C",-0.411980853459454,866133
13,2026-08-03 21:24:57,"ntc2_C",-0.392742264958599,861020
13,2026-08-03 21:24:57,"testSB_C",-0.420356295121678,863404
14,2026-08-03 21:24:57,"ntc1_C",-0.404452391000859,862090
14,2026-08-03 21:24:57,"ntc2_C",-0.398198258695913,863940
14,2026-08-03 21:24:57,"testSB_C",-0.429450939459628,864867
15,2026-08-03 21:24:57,"ntc1_C",-0.428528502748236,862292
15,2026-08-03 21:24:57,"ntc2_C",-0.410199542519194,864481
15,2026-08-03 21:24:57,"testSB_C",-0.410355222551971,864646
16,2026-08-03 21:24:57,"ntc1_C",-0.448678482880894,863748
16,2026-08-03 21:24:57,"ntc2_C",-0.429172788429071,862515
16,2026-08-03 21:24:57,"testSB_C",-0.418283945745998,862082
17,2026-08-03 21:24:57,"ntc1_C",-0.417060720811605,862569
17,2026-08-03 21:24:57,"ntc2_C",-0.422029956749498,862446
17,2026-08-03 21:24:57,"testSB_C",-0.440302421330387,865660
18,2026-08-03 21:24:57,"ntc1_C",-0.429254664962798,865701
18,2026-08-03 21:24:57,"ntc2_C",-0.431794984820954,863724
18,2026-08-03 21:24:57,"testSB_C",-0.418379359026176,862386
19,2026-08-03 21:24:57,"ntc1_C",-0.414661579605024,864841
19,2026-08-03 21:24:57,"ntc2_C",-0.440691870477565,864818
19,2026-08-03 21:24:57,"testSB_C",-0.429021610659504,865600
20,2026-08-03 21:24:57,"ntc1_C",-0.385691730027986,862254
20,2026-08-03 21:24:57,"ntc2_C",-0.410833799333375,864583
20,2026-08-03 21:24:57,"testSB_C",-0.381576448986664,860968
21,2026-08-03 21:24:57,"ntc1_C",-0.416397512617095,862007
21,2026-08-03 21:24:57,"ntc2_C",-0.400555985803862,863331
21,2026-08-03 21:24:57,"testSB_C",-0.389084350185328,863021
22,2026-08-03 21:24:57,"ntc1_C",-0.387481146434425,863174
22,2026-08-03 21:24:57,"ntc2_C",-0.369366091548727,863598
22,2026-08-03 21:24:57,"testSB_C",-0.427414319611444,863116
23,2026-08-03 21:24:57,"ntc1_C",-0.402504217274782,865450
23,2026-08-03 21:24:57,"ntc2_C",-0.387098680444069,862761
23,2026-08-03 21:24:57,"testSB_C",-0.417645039829438,862486
24,2026-08-03 21:24:57,"ntc1_C",-0.378967804726074,862817
24,2026-08-03 21:24:57,"ntc2_C",-0.42304857282312,865718
24,2026-08-03 21:24:57,"testSB_C",-0.428876410438875,862767
1,2026-08-04 00:24:57,"ntc1_C",-1.20456880532686,889487
1,2026-08-04 00:24:57,"testSB_C",-1.19659631741536,891310
2,2026-08-04 00:24:57,"ntc1_C",-1.19551095562917,890554
2,2026-08-04 00:24:57,"ntc2_C",-1.1980151692552,890437
2,2026-08-04 00:24:57,"testSB_C",-1.19361338046474,892472
3,2026-08-04 00:24:57,"ntc1_C",-1.18512152414115,891802
3,2026-08-04 00:24:57,"ntc2_C",-1.19015664472749,890991
3,2026-08-04 00:24:57,"testSB_C",-1.18639686845233,890659
4,2026-08-04 00:24:57,"ntc1_C",-1.19521927726191,891662
4,2026-08-04 00:24:57,"ntc2_C",-1.19742559794332,889718
4,2026-08-04 00:24:57,"testSB_C",-1.19156492690416,889673
5,2026-08-04 00:24:57,"ntc1_C",-1.18862354035338,889553
5,2026-08-04 00:24:57,"ntc2_C",-1.19895586949775,891229
5,2026-08-04 00:24:57,"testSB_C",-1.1982483193741,891868
6,2026-08-04 00:24:57,"ntc1_C",-1.20131381120945,890730
6,2026-08-04 00:24:57,"ntc2_C",-1.21305772188566,892018
6,2026-08-04 00:24:57,"testSB_C",-1.16160776957753,890459
7,2026-08-04 00:24:57,"ntc1_C",-1.20353839800623,890562
7,2026-08-04 00:24:57,"ntc2_C",-1.21743963857898,892583
7,2026-08-04 00:24:57,"testSB_C",-1.19897810887505,892045
8,2026-08-04 00:24:57,"ntc1_C",-1.20764358078389,894011
8,2026-08-04 00:24:57,"ntc2_C",-1.21808508184841,890932
8,2026-08-04 00:24:57,"testSB_C",-1.21806081357448,889370
9,2026-08-04 00:24:57,"ntc1_C",-1.2144232569326,890611
9,2026-08-04 00:24:57,"ntc2_C",-1.21297759929729,893467
9,2026-08-04 00:24:57,"testSB_C",-1.22025599497363,892331
10,2026-08-04 00:24:57,"ntc1_C",-1.22070652486667,892862
10,2026-08-04 00:24:57,"ntc2_C",-1.22408697303729,890689
10,2026-08-04 00:24:57,"testSB_C",-1.22372361988391,891284
11,2026-08-04 00:24:57,"ntc1_C",-1.21560555366472,892893
11,2026-08-04 00:24:57,"ntc2_C",-1.22323564365587,892758
11,2026-08-04 00:24:57,"testSB_C",-1.21341353280496,891221
12,2026-08-04 00:24:57,"ntc1_C",-1.22613410276523,892518
12,2026-08-04 00:24:57,"ntc2_C",-1.2209723476966,891821
12,2026-08-04 00:24:57,"testSB_C",-1.20854437762796,891180
13,2026-08-04 00:24:57,"ntc1_C",-1.22192280313237,894871
13,2026-08-04 00:24:57,"ntc2_C",-1.2238165734986,890350
13,2026-08-04 00:24:57,"testSB_C",-1.2175692576381,891597
14,2026-08-04 00:24:57,"ntc1_C",-1.22289123363095,890987
14,2026-08-04 00:24:57,"ntc2_C",-1.22597210435515,893237
14,2026-08-04 00:24:57,"testSB_C",-1.2193654595643,892839
15,2026-08-04 00:24:57,"ntc1_C",-1.21832878774404,890163
15,2026-08-04 00:24:57,"ntc2_C",-1.22521786746626,893348
15,2026-08-04 00:24:57,"testSB_C",-1.22930311123048,893663
16,2026-08-04 00:24:57,"ntc1_C",-1.22204066952338,891095
16,2026-08-04 00:24:57,"ntc2_C",-1.23059826780064,890834
16,2026-08-04 00:24:57,"testSB_C",-1.22845310113382,890702
17,2026-08-04 00:24:57,"ntc1_C",-1.21224908344016,890664
17,2026-08-04 00:24:57,"ntc2_C",-1.23436268460244,891144
17,2026-08-04 00:24:57,"testSB_C",-1.23828621525695,893956
18,2026-08-04 00:24:57,"ntc1_C",-1.23652649724391,894323
18,2026-08-04 00:24:57,"ntc2_C",-1.23967109073965,892287
18,2026-08-04 00:24:57,"testSB_C",-1.2388575163784,891390
19,2026-08-04 00:24:57,"ntc1_C",-1.24227558864339,894178
19,2026-08-04 00:24:57,"ntc2_C",-1.24095494195393,893173
19,2026-08-04 00:24:57,"testSB_C",-1.24981800438121,894721
20,2026-08-04 00:24:57,"ntc1_C",-1.2497344182791,892821
20,2026-08-04 00:24:57,"ntc2_C",-1.25654864951082,894571
20,2026-08-04 00:24:57,"testSB_C",-1.25187819380437,891702
21,2026-08-04 00:24:57,"ntc1_C",-1.26218730298564,891871
21,2026-08-04 00:24:57,"ntc2_C",-1.26809214983035,894052
21,2026-08-04 00:24:57,"testSB_C",-1.2612836732464,893900
22,2026-08-04 00:24:57,"ntc1_C",-1.26666398253201,894301
22,2026-08-04 00:24:57,"ntc2_C",-1.26089111965962,895164
22,2026-08-04 00:24:57,"testSB_C",-1.2565766289747,892435
23,2026-08-04 00:24:57,"ntc1_C",-1.26281922067523,895981
23,2026-08-04 00:24:57,"ntc2_C",-1.27445535833255,894169
23,2026-08-04 00:24:57,"testSB_C",-1.2739543898773,892740
24,2026-08-04 00:24:57,"ntc1_C",-1.27746593008851,894642
24,2026-08-04 00:24:57,"ntc2_C",-1.26998756204523,895779
24,2026-08-04 00:24:57,"testSB_C",-1.26286139847895,892249
1,2026-08-04 03:24:57,"ntc1_C",-3.36357321435094,970606
1,2026-08-04 03:24:57,"testSB_C",-3.33595929315356,971778
2,2026-08-04 03:24:57,"ntc1_C",-3.29531491926929,969448
2,2026-08-04 03:24:57,"ntc2_C",-3.26391454101366,967981
2,2026-08-04 03:24:57,"testSB_C",-3.29084722457748,971343
3,2026-08-04 03:24:57,"ntc1_C",-3.28869746888597,970915
3,2026-08-04 03:24:57,"ntc2_C",-3.26544862238779,968958
3,2026-08-04 03:24:57,"testSB_C",-3.23375051574993,967454
4,2026-08-04 03:24:57,"ntc1_C",-3.24693574122114,968748
4,2026-08-04 03:24:57,"ntc2_C",-3.25101163594843,966684
4,2026-08-04 03:24:57,"testSB_C",-3.21570530349675,965480
5,2026-08-04 03:24:57,"ntc1_C",-3.21811824708709,965605
5,2026-08-04 03:24:57,"ntc2_C",-3.21313655582213,966780
5,2026-08-04 03:24:57,"testSB_C",-3.21998640552505,967784
6,2026-08-04 03:24:57,"ntc1_C",-3.21927968744245,966371
6,2026-08-04 03:24:57,"ntc2_C",-3.24051021494074,968191
6,2026-08-04 03:24:57,"testSB_C",-3.21923629758157,967650
7,2026-08-04 03:24:57,"ntc1_C",-3.19910831823819,965367
7,2026-08-04 03:24:57,"ntc2_C",-3.23000820557041,968225
7,2026-08-04 03:24:57,"testSB_C",-3.19226613483841,966847
8,2026-08-04 03:24:57,"ntc1_C",-3.18872146874133,968533
8,2026-08-04 03:24:57,"ntc2_C",-3.19159847975413,964876
8,2026-08-04 03:24:57,"testSB_C",-3.20882512528595,963855
9,2026-08-04 03:24:57,"ntc1_C",-3.16417468339222,963583
9,2026-08-04 03:24:57,"ntc2_C",-3.18555675275388,967626
9,2026-08-04 03:24:57,"testSB_C",-3.17020849804828,965494
10,2026-08-04 03:24:57,"ntc1_C",-3.15883377578547,965574
10,2026-08-04 03:24:57,"ntc2_C",-3.17606624942783,963776
10,2026-08-04 03:24:57,"testSB_C",-3.17186109825298,964288
11,2026-08-04 03:24:57,"ntc1_C",-3.15662065272045,965709
11,2026-08-04 03:24:57,"ntc2_C",-3.16627523300616,965660
11,2026-08-04 03:24:57,"testSB_C",-3.15315840223815,963854
12,2026-08-04 03:24:57,"ntc1_C",-3.17761459719799,965726
12,2026-08-04 03:24:57,"ntc2_C",-3.16193904880191,964563
12,2026-08-04 03:24:57,"testSB_C",-3.14504993960469,963709
13,2026-08-04 03:24:57,"ntc1_C",-3.16059018858203,967799
13,2026-08-04 03:24:57,"ntc2_C",-3.16371290054644,962972
13,2026-08-04 03:24:57,"testSB_C",-3.14889050202692,963980
14,2026-08-04 03:24:57,"ntc1_C",-3.14721848877195,963012
14,2026-08-04 03:24:57,"ntc2_C",-3.16927674362233,966191
14,2026-08-04 03:24:57,"testSB_C",-3.14929388661079,965253
15,2026-08-04 03:24:57,"ntc1_C",-3.1473985511862,962291
15,2026-08-04 03:24:57,"ntc2_C",-3.14804861410886,965539
15,2026-08-04 03:24:57,"testSB_C",-3.1407886689143,965442
16,2026-08-04 03:24:57,"ntc1_C",-3.13215019199612,962609
16,2026-08-04 03:24:57,"ntc2_C",-3.1407683348487,962343
16,2026-08-04 03:24:57,"testSB_C",-3.13170507921797,961935
17,2026-08-04 03:24:57,"ntc1_C",-3.13463582616936,962627
17,2026-08-04 03:24:57,"ntc2_C",-3.13069934944917,962109
17,2026-08-04 03:24:57,"testSB_C",-3.11808812655255,964518
18,2026-08-04 03:24:57,"ntc1_C",-3.12896990985274,965383
18,2026-08-04 03:24:57,"ntc2_C",-3.12130643994658,962727
18,2026-08-04 03:24:57,"testSB_C",-3.12146567291546,961881
19,2026-08-04 03:24:57,"ntc1_C",-3.11352257797813,964428
19,2026-08-04 03:24:57,"ntc2_C",-3.13000577218321,964047
19,2026-08-04 03:24:57,"testSB_C",-3.10853821957244,964535
20,2026-08-04 03:24:57,"ntc1_C",-3.11386423801997,962708
20,2026-08-04 03:24:57,"ntc2_C",-3.11795785777593,964486
20,2026-08-04 03:24:57,"testSB_C",-3.09928384174333,960825
21,2026-08-04 03:24:57,"ntc1_C",-3.09070786289749,960211
21,2026-08-04 03:24:57,"ntc2_C",-3.10967665921322,963133
21,2026-08-04 03:24:57,"testSB_C",-3.08540113217055,962293
22,2026-08-04 03:24:57,"ntc1_C",-3.08987540897192,962672
22,2026-08-04 03:24:57,"ntc2_C",-3.11302742691822,964685
22,2026-08-04 03:24:57,"testSB_C",-3.06673203390272,960142
23,2026-08-04 03:24:57,"ntc1_C",-3.08055937804238,964268
23,2026-08-04 03:24:57,"ntc2_C",-3.08005623848817,961846
23,2026-08-04 03:24:57,"testSB_C",-3.08038533702762,960282
24,2026-08-04 03:24:57,"ntc1_C",-3.05891197029774,961441
24,2026-08-04 03:24:57,"ntc2_C",-3.06183879981279,963049
24,2026-08-04 03:24:57,"testSB_C",-3.02339584543978,958016
1,2026-08-04 06:24:57,"ntc1_C",-5.78959289467008,1071049
1,2026-08-04 06:24:57,"testSB_C",-5.79129296583784,1073562
2,2026-08-04 06:24:57,"ntc1_C",-5.75672108220255,1071299
2,2026-08-04 06:24:57,"ntc2_C",-5.75362702995682,1070892
2,2026-08-04 06:24:57,"testSB_C",-5.73043729200742,1072322
3,2026-08-04 06:24:57,"ntc1_C",-5.64042842017079,1068093
3,2026-08-04 06:24:57,"ntc2_C",-5.64375239187234,1067132
3,2026-08-04 06:24:57,"testSB_C",-5.63517695755525,1066415
4,2026-08-04 06:24:57,"ntc1_C",-5.61032595506413,1066235
4,2026-08-04 06:24:57,"ntc2_C",-5.60790801893802,1063654
4,2026-08-04 06:24:57,"testSB_C",-5.62803710771942,1064716
5,2026-08-04 06:24:57,"ntc1_C",-5.62936030261267,1064867
5,2026-08-04 06:24:57,"ntc2_C",-5.60248619427631,1065155
5,2026-08-04 06:24:57,"testSB_C",-5.61808416186619,1066659
6,2026-08-04 06:24:57,"ntc1_C",-5.62022753701774,1065181
6,2026-08-04 06:24:57,"ntc2_C",-5.61038592518383,1065910
6,2026-08-04 06:24:57,"testSB_C",-5.62741315745058,1066938
7,2026-08-04 06:24:57,"ntc1_C",-5.59317633078393,1063848
7,2026-08-04 06:24:57,"ntc2_C",-5.58480462848269,1065299
7,2026-08-04 06:24:57,"testSB_C",-5.60245539840577,1066126
8,2026-08-04 06:24:57,"ntc1_C",-5.59452572519103,1067838
8,2026-08-04 06:24:57,"ntc2_C",-5.58601237065926,1063285
8,2026-08-04 06:24:57,"testSB_C",-5.56964473025778,1060711
9,2026-08-04 06:24:57,"ntc1_C",-5.57498375025818,1062539
9,2026-08-04 06:24:57,"ntc2_C",-5.56647580252564,1065782
9,2026-08-04 06:24:57,"testSB_C",-5.56788618838817,1064134
10,2026-08-04 06:24:57,"ntc1_C",-5.56305488782459,1064454
10,2026-08-04 06:24:57,"ntc2_C",-5.53776920210441,1060660
10,2026-08-04 06:24:57,"testSB_C",-5.56020583083006,1062393
11,2026-08-04 06:24:57,"ntc1_C",-5.55476034217821,1064325
11,2026-08-04 06:24:57,"ntc2_C",-5.53095315947331,1062851
11,2026-08-04 06:24:57,"testSB_C",-5.53555067314551,1061609
12,2026-08-04 06:24:57,"ntc1_C",-5.52285922938688,1062076
12,2026-08-04 06:24:57,"ntc2_C",-5.52599738355246,1061609
12,2026-08-04 06:24:57,"testSB_C",-5.53306098640002,1061722
13,2026-08-04 06:24:57,"ntc1_C",-5.53977645046189,1065853
13,2026-08-04 06:24:57,"ntc2_C",-5.52136083769864,1059636
13,2026-08-04 06:24:57,"testSB_C",-5.53074126393852,1061776
14,2026-08-04 06:24:57,"ntc1_C",-5.51978498473989,1060262
14,2026-08-04 06:24:57,"ntc2_C",-5.52617335414641,1063093
14,2026-08-04 06:24:57,"testSB_C",-5.54766865005621,1063873
15,2026-08-04 06:24:57,"ntc1_C",-5.53577034297865,1060131
15,2026-08-04 06:24:57,"ntc2_C",-5.52011093506815,1063069
15,2026-08-04 06:24:57,"testSB_C",-5.52178528371894,1063351
16,2026-08-04 06:24:57,"ntc1_C",-5.54496927217338,1061599
16,2026-08-04 06:24:57,"ntc2_C",-5.54061393748299,1060767
16,2026-08-04 06:24:57,"testSB_C",-5.52935003227628,1060227
17,2026-08-04 06:24:57,"ntc1_C",-5.53477985963229,1061077
17,2026-08-04 06:24:57,"ntc2_C",-5.53950731040879,1060843
17,2026-08-04 06:24:57,"testSB_C",-5.55471172177141,1064724
18,2026-08-04 06:24:57,"ntc1_C",-5.54173695352898,1064613
18,2026-08-04 06:24:57,"ntc2_C",-5.52306256134972,1061159
18,2026-08-04 06:24:57,"testSB_C",-5.54014694213726,1061077
19,2026-08-04 06:24:57,"ntc1_C",-5.53437173582205,1063950
19,2026-08-04 06:24:57,"ntc2_C",-5.53172300482993,1062718
19,2026-08-04 06:24:57,"testSB_C",-5.52751112136821,1064002
20,2026-08-04 06:24:57,"ntc1_C",-5.50585869853774,1060837
20,2026-08-04 06:24:57,"ntc2_C",-5.50005633890805,1062363
20,2026-08-04 06:24:57,"testSB_C",-5.49262134855547,1058786
21,2026-08-04 06:24:57,"ntc1_C",-5.50779351914179,1059038
21,2026-08-04 06:24:57,"ntc2_C",-5.48794891157831,1060678
21,2026-08-04 06:24:57,"testSB_C",-5.5221391186534,1062281
22,2026-08-04 06:24:57,"ntc1_C",-5.4888345770388,1061049
22,2026-08-04 06:24:57,"ntc2_C",-5.47702414625911,1061704
22,2026-08-04 06:24:57,"testSB_C",-5.50393976449072,1059890
23,2026-08-04 06:24:57,"ntc1_C",-5.49595328768464,1063508
23,2026-08-04 06:24:57,"ntc2_C",-5.48479348119338,1060384
23,2026-08-04 06:24:57,"testSB_C",-5.51604005392636,1059907
24,2026-08-04 06:24:57,"ntc1_C",-5.48582904892379,1060923
24,2026-08-04 06:24:57,"ntc2_C",-5.47232680560427,1061962
24,2026-08-04 06:24:57,"testSB_C",-5.46268808590935,1057615
1,2026-08-04 09:24:57,"ntc1_C",-1.76878400643659,909974
1,2026-08-04 09:24:57,"testSB_C",-1.75512582560805,911619
2,2026-08-04 09:24:57,"ntc1_C",-1.97341715904832,918966
2,2026-08-04 09:24:57,"ntc2_C",-1.99469430634468,919539
2,2026-08-04 09:24:57,"testSB_C",-1.77583272271534,913670
3,2026-08-04 09:24:57,"ntc1_C",-0.396613155963678,863918
3,2026-08-04 09:24:57,"ntc2_C",-0.766831293437178,875912
3,2026-08-04 09:24:57,"testSB_C",-1.10040477299117,887577
4,2026-08-04 09:24:57,"ntc1_C",-0.488161754233374,866613
4,2026-08-04 09:24:57,"ntc2_C",-0.4922419752819,864797
4,2026-08-04 09:24:57,"testSB_C",-1.21062727897254,890357
5,2026-08-04 09:24:57,"ntc1_C",-1.18458238300832,889408
5,2026-08-04 09:24:57,"ntc2_C",-0.892807882523869,880300
5,2026-08-04 09:24:57,"testSB_C",-1.08807475575531,887915
6,2026-08-04 09:24:57,"ntc1_C",-1.25303343489173,892589
6,2026-08-04 09:24:57,"ntc2_C",-0.772770562653363,876324
6,2026-08-04 09:24:57,"testSB_C",-1.27478040898615,894532
7,2026-08-04 09:24:57,"ntc1_C",-1.12819903589588,887860
7,2026-08-04 09:24:57,"ntc2_C",-0.375512327928277,862806
7,2026-08-04 09:24:57,"testSB_C",-1.31018813571848,896054
8,2026-08-04 09:24:57,"ntc1_C",-1.25465860576895,895708
8,2026-08-04 09:24:57,"ntc2_C",-1.13411376695757,887921
8,2026-08-04 09:24:57,"testSB_C",-0.648583387072108,869195
9,2026-08-04 09:24:57,"ntc1_C",-1.30783113775595,893971
9,2026-08-04 09:24:57,"ntc2_C",-0.906047627242231,882476
9,2026-08-04 09:24:57,"testSB_C",-1.21361424473338,892092
10,2026-08-04 09:24:57,"ntc1_C",-1.2308442005754,893227
10,2026-08-04 09:24:57,"ntc2_C",-0.675134852538804,871202
10,2026-08-04 09:24:57,"testSB_C",-1.21815926055081,891084
11,2026-08-04 09:24:57,"ntc1_C",-1.47310922142015,902212
11,2026-08-04 09:24:57,"ntc2_C",-0.888097145831352,880780
11,2026-08-04 09:24:57,"testSB_C",-1.19550872806707,890578
12,2026-08-04 09:24:57,"ntc1_C",-0.616813233315725,870873
12,2026-08-04 09:24:57,"ntc2_C",-0.9138377158867,880849
12,2026-08-04 09:24:57,"testSB_C",-1.23710479067671,892207
13,2026-08-04 09:24:57,"ntc1_C",-1.119302006591,891175
13,2026-08-04 09:24:57,"ntc2_C",-0.890944762421043,878478
13,2026-08-04 09:24:57,"testSB_C",-1.14129071291529,888858
14,2026-08-04 09:24:57,"ntc1_C",-1.17050030117855,889107
14,2026-08-04 09:24:57,"ntc2_C",-0.736127010276618,875776
14,2026-08-04 09:24:57,"testSB_C",-1.24284834349436,893685
15,2026-08-04 09:24:57,"ntc1_C",-1.23972187766537,890931
15,2026-08-04 09:24:57,"ntc2_C",-0.809811713246177,878510
15,2026-08-04 09:24:57,"testSB_C",-0.865496428735014,880648
16,2026-08-04 09:24:57,"ntc1_C",-1.38365101301889,896924
16,2026-08-04 09:24:57,"ntc2_C",-1.20086368739345,889766
16,2026-08-04 09:24:57,"testSB_C",-1.24650550483886,891351
17,2026-08-04 09:24:57,"ntc1_C",-1.21283353641428,890685
17,2026-08-04 09:24:57,"ntc2_C",-1.15409238983443,888264
17,2026-08-04 09:24:57,"testSB_C",-1.42766483603566,900813
18,2026-08-04 09:24:57,"ntc1_C",-1.25626015942908,895035
18,2026-08-04 09:24:57,"ntc2_C",-1.05344990049372,885616
18,2026-08-04 09:24:57,"testSB_C",-1.33909092138117,895003
19,2026-08-04 09:24:57,"ntc1_C",-1.38438846188455,899320
19,2026-08-04 09:24:57,"ntc2_C",-1.18867297011934,891291
19,2026-08-04 09:24:57,"testSB_C",-1.19615657266979,892786
20,2026-08-04 09:24:57,"ntc1_C",-1.16339655440453,889716
20,2026-08-04 09:24:57,"ntc2_C",-0.843518867418368,879791
20,2026-08-04 09:24:57,"testSB_C",-1.02774402950826,883678
21,2026-08-04 09:24:57,"ntc1_C",-1.3007413527655,893258
21,2026-08-04 09:24:57,"ntc2_C",-0.776468932069974,876504
21,2026-08-04 09:24:57,"testSB_C",-1.43610429815595,900228
22,2026-08-04 09:24:57,"ntc1_C",-1.10257613722825,888403
22,2026-08-04 09:24:57,"ntc2_C",-0.612289759870919,872081
22,2026-08-04 09:24:57,"testSB_C",-1.36849206138794,896472
23,2026-08-04 09:24:57,"ntc1_C",-1.08344270941632,889523
23,2026-08-04 09:24:57,"ntc2_C",-0.804879243804521,877401
23,2026-08-04 09:24:57,"testSB_C",-1.16739512610576,888915
24,2026-08-04 09:24:57,"ntc1_C",-1.18050708953541,891149
24,2026-08-04 09:24:57,"ntc2_C",-0.849181950529044,880708
24,2026-08-04 09:24:57,"testSB_C",-1.25332640693426,891906
1,2026-08-04 12:24:57,"ntc1_C",1.96287987037721,783175
1,2026-08-04 12:24:57,"testSB_C",2.11011959757519,780471
2,2026-08-04 12:24:57,"ntc1_C",1.90980526071763,786049
2,2026-08-04 12:24:57,"ntc2_C",2.11205110509849,779542
2,2026-08-04 12:24:57,"testSB_C",2.20313046137682,778723
3,2026-08-04 12:24:57,"ntc1_C",3.91300049232188,726985
3,2026-08-04 12:24:57,"ntc2_C",3.63339587493971,734246
3,2026-08-04 12:24:57,"testSB_C",3.33608699616559,742927
4,2026-08-04 12:24:57,"ntc1_C",3.55760734840572,736906
4,2026-08-04 12:24:57,"ntc2_C",3.50513034709945,736824
4,2026-08-04 12:24:57,"testSB_C",3.15587276939215,747302
5,2026-08-04 12:24:57,"ntc1_C",2.78549650881098,758346
5,2026-08-04 12:24:57,"ntc2_C",3.2910649544358,744364
5,2026-08-04 12:24:57,"testSB_C",3.64607342857596,734422
6,2026-08-04 12:24:57,"ntc1_C",2.75136511933914,760088
6,2026-08-04 12:24:57,"ntc2_C",3.4907356894077,738634
6,2026-08-04 12:24:57,"testSB_C",3.28071105106619,745118
7,2026-08-04 12:24:57,"ntc1_C",3.03922343905157,751114
7,2026-08-04 12:24:57,"ntc2_C",3.70180912009761,732775
7,2026-08-04 12:24:57,"testSB_C",3.74320088464481,731738
8,2026-08-04 12:24:57,"ntc1_C",3.41103552379269,742808
8,2026-08-04 12:24:57,"ntc2_C",3.36352771433405,741405
8,2026-08-04 12:24:57,"testSB_C",3.60541182323192,733009
9,2026-08-04 12:24:57,"ntc1_C",2.8165222864514,757628
9,2026-08-04 12:24:57,"ntc2_C",3.7109519019067,733358
9,2026-08-04 12:24:57,"testSB_C",3.43453588039415,740359
10,2026-08-04 12:24:57,"ntc1_C",3.27791337576281,745473
10,2026-08-04 12:24:57,"ntc2_C",3.89959926274759,725353
10,2026-08-04 12:24:57,"testSB_C",3.58319908157921,735007
11,2026-08-04 12:24:57,"ntc1_C",3.87260477101461,728211
11,2026-08-04 12:24:57,"ntc2_C",3.73140036860201,731952
11,2026-08-04 12:24:57,"testSB_C",3.59992555923594,734850
12,2026-08-04 12:24:57,"ntc1_C",3.62256005729625,734846
12,2026-08-04 12:24:57,"ntc2_C",3.56463114426685,736118
12,2026-08-04 12:24:57,"testSB_C",3.33402048506997,742732
13,2026-08-04 12:24:57,"ntc1_C",3.10156428975353,752307
13,2026-08-04 12:24:57,"ntc2_C",3.88023626110521,725552
13,2026-08-04 12:24:57,"testSB_C",3.73242507980217,731045
14,2026-08-04 12:24:57,"ntc1_C",3.52150538959279,736628
14,2026-08-04 12:24:57,"ntc2_C",3.94107685768137,726144
14,2026-08-04 12:24:57,"testSB_C",3.56516423757392,736945
15,2026-08-04 12:24:57,"ntc1_C",3.33163041674203,741706
15,2026-08-04 12:24:57,"ntc2_C",3.8438175119307,729027
15,2026-08-04 12:24:57,"testSB_C",3.74495493881625,732023
16,2026-08-04 12:24:57,"ntc1_C",3.30614817426931,743036
16,2026-08-04 12:24:57,"ntc2_C",3.86223684789041,726261
16,2026-08-04 12:24:57,"testSB_C",3.39713449239792,739800
17,2026-08-04 12:24:57,"ntc1_C",3.67992767542484,731952
17,2026-08-04 12:24:57,"ntc2_C",3.87710413298032,726011
17,2026-08-04 12:24:57,"testSB_C",3.52178191712994,738535
18,2026-08-04 12:24:57,"ntc1_C",3.43533537157447,741489
18,2026-08-04 12:24:57,"ntc2_C",3.52136172309969,737254
18,2026-08-04 12:24:57,"testSB_C",3.19019821077387,746178
19,2026-08-04 12:24:57,"ntc1_C",3.34104528500228,743942
19,2026-08-04 12:24:57,"ntc2_C",3.4603650764692,739601
19,2026-08-04 12:24:57,"testSB_C",3.66293185339413,734661
20,2026-08-04 12:24:57,"ntc1_C",3.50860340137586,737604
20,2026-08-04 12:24:57,"ntc2_C",3.866589846284,728379
20,2026-08-04 12:24:57,"testSB_C",3.78663876500633,728560
21,2026-08-04 12:24:57,"ntc1_C",3.22239356787253,745089
21,2026-08-04 12:24:57,"ntc2_C",3.55375820220917,736799
21,2026-08-04 12:24:57,"testSB_C",3.186952614657,747737
22,2026-08-04 12:24:57,"ntc1_C",3.19508251118253,747714
22,2026-08-04 12:24:57,"ntc2_C",3.78832162377006,731215
22,2026-08-04 12:24:57,"testSB_C",3.04874710604429,750863
23,2026-08-04 12:24:57,"ntc1_C",3.11001432823952,751756
23,2026-08-04 12:24:57,"ntc2_C",3.65966786803068,733640
23,2026-08-04 12:24:57,"testSB_C",3.1248785504863,748402
24,2026-08-04 12:24:57,"ntc1_C",3.13999863126992,749245
24,2026-08-04 12:24:57,"ntc2_C",3.43343483262629,741726
24,2026-08-04 12:24:57,"testSB_C",2.99680522280755,752057
1,2026-08-04 15:24:57,"ntc1_C",1.60121529812881,794601
1,2026-08-04 15:24:57,"testSB_C",1.58375150159503,797087
2,2026-08-04 15:24:57,"ntc1_C",1.50447314003742,798919
2,2026-08-04 15:24:57,"ntc2_C",2.27606541178557,774443
2,2026-08-04 15:24:57,"testSB_C",1.69930669238374,794575
3,2026-08-04 15:24:57,"ntc1_C",2.26531764970946,776396
3,2026-08-04 15:24:57,"ntc2_C",2.68137147196967,762688
3,2026-08-04 15:24:57,"testSB_C",3.19308933045806,747176
4,2026-08-04 15:24:57,"ntc1_C",2.67770391703021,763246
4,2026-08-04 15:24:57,"ntc2_C",2.56559339028973,764975
4,2026-08-04 15:24:57,"testSB_C",3.37327043512454,740851
5,2026-08-04 15:24:57,"ntc1_C",3.02329380031625,751177
5,2026-08-04 15:24:57,"ntc2_C",2.67599342487961,762862
5,2026-08-04 15:24:57,"testSB_C",3.22639303274235,746814
6,2026-08-04 15:24:57,"ntc1_C",2.87637428366048,756304
6,2026-08-04 15:24:57,"ntc2_C",2.62137209519977,764718
6,2026-08-04 15:24:57,"testSB_C",3.2537096864861,745921
7,2026-08-04 15:24:57,"ntc1_C",3.26826749938704,744279
7,2026-08-04 15:24:57,"ntc2_C",2.3636466429511,772987
7,2026-08-04 15:24:57,"testSB_C",2.91580857692361,756281
8,2026-08-04 15:24:57,"ntc1_C",2.96738041787523,756075
8,2026-08-04 15:24:57,"ntc2_C",3.25829495808728,744522
8,2026-08-04 15:24:57,"testSB_C",2.50068099553778,766038
9,2026-08-04 15:24:57,"ntc1_C",3.07138226056253,749963
9,2026-08-04 15:24:57,"ntc2_C",3.09348203775261,751642
9,2026-08-04 15:24:57,"testSB_C",3.0146919638463,752863
10,2026-08-04 15:24:57,"ntc1_C",3.21391379732188,747378
10,2026-08-04 15:24:57,"ntc2_C",2.69898621970907,760923
10,2026-08-04 15:24:57,"testSB_C",3.13084286242514,748388
11,2026-08-04 15:24:57,"ntc1_C",3.28531424972516,745449
11,2026-08-04 15:24:57,"ntc2_C",3.01065216190295,753289
11,2026-08-04 15:24:57,"testSB_C",3.17272528622709,747469
12,2026-08-04 15:24:57,"ntc1_C",2.37490967408809,772363
12,2026-08-04 15:24:57,"ntc2_C",3.04296571716327,751592
12,2026-08-04 15:24:57,"testSB_C",2.94686291170609,754295
13,2026-08-04 15:24:57,"ntc1_C",2.67192962534926,765330
13,2026-08-04 15:24:57,"ntc2_C",3.03132557314757,750540
13,2026-08-04 15:24:57,"testSB_C",3.15432182204694,748099
14,2026-08-04 15:24:57,"ntc1_C",3.3075460768739,742939
14,2026-08-04 15:24:57,"ntc2_C",2.90805914323249,756679
14,2026-08-04 15:24:57,"testSB_C",2.89247065444937,756993
15,2026-08-04 15:24:57,"ntc1_C",3.02677733048472,750780
15,2026-08-04 15:24:57,"ntc2_C",2.65110166978832,764564
15,2026-08-04 15:24:57,"testSB_C",2.60600575145389,766073
16,2026-08-04 15:24:57,"ntc1_C",2.73291772320749,760240
16,2026-08-04 15:24:57,"ntc2_C",3.2565092500804,744017
16,2026-08-04 15:24:57,"testSB_C",2.9734808890301,752418
17,2026-08-04 15:24:57,"ntc1_C",3.22602191721882,745327
17,2026-08-04 15:24:57,"ntc2_C",3.0671480328769,749845
17,2026-08-04 15:24:57,"testSB_C",3.28137775368305,745653
18,2026-08-04 15:24:57,"ntc1_C",3.11189425967751,751120
18,2026-08-04 15:24:57,"ntc2_C",2.5127031535323,767532
18,2026-08-04 15:24:57,"testSB_C",2.93548325104626,753808
19,2026-08-04 15:24:57,"ntc1_C",3.06724101903859,752118
19,2026-08-04 15:24:57,"ntc2_C",2.75503882549918,760729
19,2026-08-04 15:24:57,"testSB_C",2.98616050422322,754774
20,2026-08-04 15:24:57,"ntc1_C",3.07222957402945,750566
20,2026-08-04 15:24:57,"ntc2_C",2.60205692521907,766097
20,2026-08-04 15:24:57,"testSB_C",3.29486467626003,742987
21,2026-08-04 15:24:57,"ntc1_C",3.16950543513133,746662
21,2026-08-04 15:24:57,"ntc2_C",2.42244982520162,770852
21,2026-08-04 15:24:57,"testSB_C",3.24592924753512,745979
22,2026-08-04 15:24:57,"ntc1_C",3.26225466129966,745713
22,2026-08-04 15:24:57,"ntc2_C",2.90815182784115,757318
22,2026-08-04 15:24:57,"testSB_C",2.98175280653084,752873
23,2026-08-04 15:24:57,"ntc1_C",2.70951654187371,763878
23,2026-08-04 15:24:57,"ntc2_C",2.83167951056203,758280
23,2026-08-04 15:24:57,"testSB_C",3.13295755934621,748161
24,2026-08-04 15:24:57,"ntc1_C",3.17823450800921,748102
24,2026-08-04 15:24:57,"ntc2_C",2.7988916041798,760755
24,2026-08-04 15:24:57,"testSB_C",3.48534841065378,737543
1,2026-08-04 18:24:57,"ntc1_C",0.746090191988117,822328
1,2026-08-04 18:24:57,"testSB_C",0.779947388679886,823191
2,2026-08-04 18:24:57,"ntc1_C",1.08776150771598,812384
2,2026-08-04 18:24:57,"ntc2_C",1.84908547814416,787792
2,2026-08-04 18:24:57,"testSB_C",1.04149913416347,815790
3,2026-08-04 18:24:57,"ntc1_C",1.91702301428131,787292
3,2026-08-04 18:24:57,"ntc2_C",2.38034260643445,771924
3,2026-08-04 18:24:57,"testSB_C",3.06156493091777,751107
4,2026-08-04 18:24:57,"ntc1_C",2.2655362598851,775928
4,2026-08-04 18:24:57,"ntc2_C",2.3118839004585,772772
4,2026-08-04 18:24:57,"testSB_C",3.09731055407246,749050
5,2026-08-04 18:24:57,"ntc1_C",2.94248629803701,753605
5,2026-08-04 18:24:57,"ntc2_C",2.49097041645746,768522
5,2026-08-04 18:24:57,"testSB_C",3.07909891274727,751216
6,2026-08-04 18:24:57,"ntc1_C",2.7682737706491,759575
6,2026-08-04 18:24:57,"ntc2_C",2.44697293682259,770068
6,2026-08-04 18:24:57,"testSB_C",3.1266861335402,749711
7,2026-08-04 18:24:57,"ntc1_C",3.12515015584393,748542
7,2026-08-04 18:24:57,"ntc2_C",2.08087047671813,781782
7,2026-08-04 18:24:57,"testSB_C",2.89127606026011,757022
8,2026-08-04 18:24:57,"ntc1_C",2.94599066986598,756721
8,2026-08-04 18:24:57,"ntc2_C",3.28937334715005,743600
8,2026-08-04 18:24:57,"testSB_C",2.31768390202808,771661
9,2026-08-04 18:24:57,"ntc1_C",3.20296813087219,746038
9,2026-08-04 18:24:57,"ntc2_C",2.93930547013059,756283
9,2026-08-04 18:24:57,"testSB_C",3.00161741625453,753256
10,2026-08-04 18:24:57,"ntc1_C",3.12677921976564,749980
10,2026-08-04 18:24:57,"ntc2_C",2.41822359624291,769507
10,2026-08-04 18:24:57,"testSB_C",2.797728632499,758408
11,2026-08-04 18:24:57,"ntc1_C",3.13077978010676,750057
11,2026-08-04 18:24:57,"ntc2_C",2.73895372316889,761504
11,2026-08-04 18:24:57,"testSB_C",3.07340077819777,750436
12,2026-08-04 18:24:57,"ntc1_C",2.07597304294529,781652
12,2026-08-04 18:24:57,"ntc2_C",2.75876433259447,760168
12,2026-08-04 18:24:57,"testSB_C",2.68151121128875,762331
13,2026-08-04 18:24:57,"ntc1_C",2.64037169214072,766296
13,2026-08-04 18:24:57,"ntc2_C",2.85263362103859,755916
13,2026-08-04 18:24:57,"testSB_C",3.0782679290005,750374
14,2026-08-04 18:24:57,"ntc1_C",3.28730560761443,743539
14,2026-08-04 18:24:57,"ntc2_C",2.67492293070819,763758
14,2026-08-04 18:24:57,"testSB_C",2.92361764825318,756052
15,2026-08-04 18:24:57,"ntc1_C",2.99738859760953,751661
15,2026-08-04 18:24:57,"ntc2_C",2.6220931989543,765451
15,2026-08-04 18:24:57,"testSB_C",2.40456665302617,772269
16,2026-08-04 18:24:57,"ntc1_C",2.96729439241142,753155
16,2026-08-04 18:24:57,"ntc2_C",3.18424791883393,746166
16,2026-08-04 18:24:57,"testSB_C",3.03281691997921,750637
17,2026-08-04 18:24:57,"ntc1_C",3.22178730963589,745453
17,2026-08-04 18:24:57,"ntc2_C",3.06721484133476,749843
17,2026-08-04 18:24:57,"testSB_C",3.29878998284011,745135
18,2026-08-04 18:24:57,"ntc1_C",3.19870624259875,748522
18,2026-08-04 18:24:57,"ntc2_C",2.48972527862912,768237
18,2026-08-04 18:24:57,"testSB_C",2.93465319371347,753833
19,2026-08-04 18:24:57,"ntc1_C",3.13272228660884,750154
19,2026-08-04 18:24:57,"ntc2_C",2.73051781897675,761475
19,2026-08-04 18:24:57,"testSB_C",2.96374959175887,755450
20,2026-08-04 18:24:57,"ntc1_C",3.32100144488771,743147
20,2026-08-04 18:24:57,"ntc2_C",2.4099785033801,772006
20,2026-08-04 18:24:57,"testSB_C",3.30127471773699,742797
21,2026-08-04 18:24:57,"ntc1_C",3.35518789094539,741155
21,2026-08-04 18:24:57,"ntc2_C",2.30284424143917,774549
21,2026-08-04 18:24:57,"testSB_C",3.12187480500739,749682
22,2026-08-04 18:24:57,"ntc1_C",3.42004629683521,741035
22,2026-08-04 18:24:57,"ntc2_C",2.75177311617443,762059
22,2026-08-04 18:24:57,"testSB_C",2.91936378378449,754750
23,2026-08-04 18:24:57,"ntc1_C",2.62077671246368,766592
23,2026-08-04 18:24:57,"ntc2_C",2.69236285789435,762512
23,2026-08-04 18:24:57,"testSB_C",2.83146912066024,757211
24,2026-08-04 18:24:57,"ntc1_C",3.29708557554108,744561
24,2026-08-04 18:24:57,"ntc2_C",2.7342670283104,762722
24,2026-08-04 18:24:57,"testSB_C",3.25451967053755,744363
1,2026-08-04 21:24:57,"ntc1_C",-2.93361672833873,953854
1,2026-08-04 21:24:57,"testSB_C",-2.9526757757086,956820
2,2026-08-04 21:24:57,"ntc1_C",-2.75398674207776,948433
2,2026-08-04 21:24:57,"ntc2_C",-2.51268312128946,938995
2,2026-08-04 21:24:57,"testSB_C",-2.8110027909625,952675
3,2026-08-04 21:24:57,"ntc1_C",-1.83120633963472,915355
3,2026-08-04 21:24:57,"ntc2_C",-1.78232919490148,912544
3,2026-08-04 21:24:57,"testSB_C",-1.51954760915436,902706
4,2026-08-04 21:24:57,"ntc1_C",-1.83555446425964,915005
4,2026-08-04 21:24:57,"ntc2_C",-1.8579506896034,913747
4,2026-08-04 21:24:57,"testSB_C",-1.51533404957434,901366
5,2026-08-04 21:24:57,"ntc1_C",-1.6012205644397,904489
5,2026-08-04 21:24:57,"ntc2_C",-1.79316804855387,912851
5,2026-08-04 21:24:57,"testSB_C",-1.5871666496376,905971
6,2026-08-04 21:24:57,"ntc1_C",-1.60941098015797,905510
6,2026-08-04 21:24:57,"ntc2_C",-1.83849590853748,914822
6,2026-08-04 21:24:57,"testSB_C",-1.56295800156624,904992
7,2026-08-04 21:24:57,"ntc1_C",-1.39465021178103,897455
7,2026-08-04 21:24:57,"ntc2_C",-1.86964815113561,916393
7,2026-08-04 21:24:57,"testSB_C",-1.41682639286068,899916
8,2026-08-04 21:24:57,"ntc1_C",-1.47844148718042,903832
8,2026-08-04 21:24:57,"ntc2_C",-1.35415544931544,895834
8,2026-08-04 21:24:57,"testSB_C",-1.65971325014175,905356
9,2026-08-04 21:24:57,"ntc1_C",-1.38829248653917,896876
9,2026-08-04 21:24:57,"ntc2_C",-1.52244719757778,904695
9,2026-08-04 21:24:57,"testSB_C",-1.43244199192964,900002
10,2026-08-04 21:24:57,"ntc1_C",-1.37444089652388,898414
10,2026-08-04 21:24:57,"ntc2_C",-1.69959732232411,907940
10,2026-08-04 21:24:57,"testSB_C",-1.44112064474712,899135
11,2026-08-04 21:24:57,"ntc1_C",-1.39476615382284,899366
11,2026-08-04 21:24:57,"ntc2_C",-1.57078874329869,905361
11,2026-08-04 21:24:57,"testSB_C",-1.38113424502342,897268
12,2026-08-04 21:24:57,"ntc1_C",-1.8055442617748,913626
12,2026-08-04 21:24:57,"ntc2_C",-1.52220693072115,902722
12,2026-08-04 21:24:57,"testSB_C",-1.56858069528118,904218
13,2026-08-04 21:24:57,"ntc1_C",-1.51966600250944,905686
13,2026-08-04 21:24:57,"ntc2_C",-1.55715798335603,902408
13,2026-08-04 21:24:57,"testSB_C",-1.37212472423931,897174
14,2026-08-04 21:24:57,"ntc1_C",-1.2731105941744,892793
14,2026-08-04 21:24:57,"ntc2_C",-1.56603685609838,905574
14,2026-08-04 21:24:57,"testSB_C",-1.3825119007069,898734
15,2026-08-04 21:24:57,"ntc1_C",-1.40298341714163,896815
15,2026-08-04 21:24:57,"ntc2_C",-1.47497881288422,902396
15,2026-08-04 21:24:57,"testSB_C",-1.59394545903717,906911
16,2026-08-04 21:24:57,"ntc1_C",-1.30064145338042,893925
16,2026-08-04 21:24:57,"ntc2_C",-1.371493261686,895913
16,2026-08-04 21:24:57,"testSB_C",-1.35295271753904,895188
17,2026-08-04 21:24:57,"ntc1_C",-1.30488473520614,893999
17,2026-08-04 21:24:57,"ntc2_C",-1.36887056893141,895992
17,2026-08-04 21:24:57,"testSB_C",-1.28338660163701,895584
18,2026-08-04 21:24:57,"ntc1_C",-1.27152025623826,895586
18,2026-08-04 21:24:57,"ntc2_C",-1.52999934573893,902793
18,2026-08-04 21:24:57,"testSB_C",-1.36072950485124,895785
19,2026-08-04 21:24:57,"ntc1_C",-1.29104199390144,895939
19,2026-08-04 21:24:57,"ntc2_C",-1.5038509595538,902700
19,2026-08-04 21:24:57,"testSB_C",-1.37226790109054,899153
20,2026-08-04 21:24:57,"ntc1_C",-1.12997225411351,888517
20,2026-08-04 21:24:57,"ntc2_C",-1.5747086673536,906134
20,2026-08-04 21:24:57,"testSB_C",-1.14624992501621,887911
21,2026-08-04 21:24:57,"ntc1_C",-1.13389741224495,887272
21,2026-08-04 21:24:57,"ntc2_C",-1.56378400192222,904784
21,2026-08-04 21:24:57,"testSB_C",-1.2546277192103,893660
22,2026-08-04 21:24:57,"ntc1_C",-1.04547037018381,886360
22,2026-08-04 21:24:57,"ntc2_C",-1.38914046468,899804
22,2026-08-04 21:24:57,"testSB_C",-1.20569670976533,890606
23,2026-08-04 21:24:57,"ntc1_C",-1.28367356054451,896735
23,2026-08-04 21:24:57,"ntc2_C",-1.36972698744796,897612
23,2026-08-04 21:24:57,"testSB_C",-1.31333583228587,894158
24,2026-08-04 21:24:57,"ntc1_C",-1.09618766077847,888123
24,2026-08-04 21:24:57,"ntc2_C",-1.26793961054574,895705
24,2026-08-04 21:24:57,"testSB_C",-1.04061087432387,884290
1,2026-08-05 00:24:57,"ntc1_C",-7.91201066395013,1167727
1,2026-08-05 00:24:57,"testSB_C",-7.88792131821515,1169186
2,2026-08-05 00:24:57,"ntc1_C",-7.83489586073762,1165883
2,2026-08-05 00:24:57,"ntc2_C",-7.77731036321558,1162844
2,2026-08-05 00:24:57,"testSB_C",-7.7881521007186,1165911
3,2026-08-05 00:24:57,"ntc1_C",-7.83242471169387,1167727
3,2026-08-05 00:24:57,"ntc2_C",-7.7591741777369,1163086
3,2026-08-05 00:24:57,"testSB_C",-7.71058405109193,1160359
4,2026-08-05 00:24:57,"ntc1_C",-7.73363733868456,1162465
4,2026-08-05 00:24:57,"ntc2_C",-7.73150904876019,1159639
4,2026-08-05 00:24:57,"testSB_C",-7.67319855500284,1157094
5,2026-08-05 00:24:57,"ntc1_C",-7.67148034242678,1157169
5,2026-08-05 00:24:57,"ntc2_C",-7.67308010376894,1158769
5,2026-08-05 00:24:57,"testSB_C",-7.63673653341891,1157969
6,2026-08-05 00:24:57,"ntc1_C",-7.61731764572738,1155307
6,2026-08-05 00:24:57,"ntc2_C",-7.64300945444228,1157833
6,2026-08-05 00:24:57,"testSB_C",-7.58950502951058,1155595
7,2026-08-05 00:24:57,"ntc1_C",-7.56695979585999,1152834
7,2026-08-05 00:24:57,"ntc2_C",-7.61765703156902,1157185
7,2026-08-05 00:24:57,"testSB_C",-7.57344151388628,1155127
8,2026-08-05 00:24:57,"ntc1_C",-7.53146774558093,1155415
8,2026-08-05 00:24:57,"ntc2_C",-7.51000479271113,1149862
8,2026-08-05 00:24:57,"testSB_C",-7.57136246512891,1150712
9,2026-08-05 00:24:57,"ntc1_C",-7.47297439888462,1147817
9,2026-08-05 00:24:57,"ntc2_C",-7.49425410234761,1152780
9,2026-08-05 00:24:57,"testSB_C",-7.45856184204825,1149242
10,2026-08-05 00:24:57,"ntc1_C",-7.44532901754241,1149148
10,2026-08-05 00:24:57,"ntc2_C",-7.46710217942694,1147266
10,2026-08-05 00:24:57,"testSB_C",-7.42907904719596,1146332
11,2026-08-05 00:24:57,"ntc1_C",-7.38523747324979,1146576
11,2026-08-05 00:24:57,"ntc2_C",-7.4205614076152,1147767
11,2026-08-05 00:24:57,"testSB_C",-7.37929461510174,1144276
12,2026-08-05 00:24:57,"ntc1_C",-7.42240785189597,1147381
12,2026-08-05 00:24:57,"ntc2_C",-7.37935054520432,1144725
12,2026-08-05 00:24:57,"testSB_C",-7.36701956726085,1143965
13,2026-08-05 00:24:57,"ntc1_C",-7.3664212988424,1148070
13,2026-08-05 00:24:57,"ntc2_C",-7.35003819960593,1141494
13,2026-08-05 00:24:57,"testSB_C",-7.32046467830452,1141975
14,2026-08-05 00:24:57,"ntc1_C",-7.30558305102829,1140127
14,2026-08-05 00:24:57,"ntc2_C",-7.3200450277613,1143549
14,2026-08-05 00:24:57,"testSB_C",-7.29728364591955,1142350
15,2026-08-05 00:24:57,"ntc1_C",-7.2755980429526,1137844
15,2026-08-05 00:24:57,"ntc2_C",-7.28103708678407,1142026
15,2026-08-05 00:24:57,"testSB_C",-7.27524269646489,1141982
16,2026-08-05 00:24:57,"ntc1_C",-7.23598639713305,1137208
16,2026-08-05 00:24:57,"ntc2_C",-7.2332855427664,1136409
16,2026-08-05 00:24:57,"testSB_C",-7.22820438071028,1136120
17,2026-08-05 00:24:57,"ntc1_C",-7.22354164312725,1136544
17,2026-08-05 00:24:57,"ntc2_C",-7.21168243297586,1135499
17,2026-08-05 00:24:57,"testSB_C",-7.19081470311323,1137998
18,2026-08-05 00:24:57,"ntc1_C",-7.20921965043374,1139307
18,2026-08-05 00:24:57,"ntc2_C",-7.20265719050838,1136135
18,2026-08-05 00:24:57,"testSB_C",-7.20464392181509,1135442
19,2026-08-05 00:24:57,"ntc1_C",-7.19782573944974,1138444
19,2026-08-05 00:24:57,"ntc2_C",-7.19965123828723,1137342
19,2026-08-05 00:24:57,"testSB_C",-7.19222013602121,1138570
20,2026-08-05 00:24:57,"ntc1_C",-7.17917668636284,1135589
20,2026-08-05 00:24:57,"ntc2_C",-7.21097452570081,1138959
20,2026-08-05 00:24:57,"testSB_C",-7.1703596758822,1133576
21,2026-08-05 00:24:57,"ntc1_C",-7.16608427267829,1132883
21,2026-08-05 00:24:57,"ntc2_C",-7.19113547584061,1136773
21,2026-08-05 00:24:57,"testSB_C",-7.1410362061319,1134603
22,2026-08-05 00:24:57,"ntc1_C",-7.143708514222,1134934
22,2026-08-05 00:24:57,"ntc2_C",-7.174111311182,1137545
22,2026-08-05 00:24:57,"testSB_C",-7.12194553016758,1131990
23,2026-08-05 00:24:57,"ntc1_C",-7.13359708291125,1136754
23,2026-08-05 00:24:57,"ntc2_C",-7.149815235424,1134688
23,2026-08-05 00:24:57,"testSB_C",-7.13166770639231,1131843
24,2026-08-05 00:24:57,"ntc1_C",-7.11850979057482,1133791
24,2026-08-05 00:24:57,"ntc2_C",-7.11910319733533,1135533
24,2026-08-05 00:24:57,"testSB_C",-7.09347792514609,1130132
1,2026-08-05 03:24:57,"ntc1_C",-9.10092364474815,1225745
1,2026-08-05 03:24:57,"testSB_C",-9.07433852298993,1227120
2,2026-08-05 03:24:57,"ntc1_C",-9.00208125049807,1222714
2,2026-08-05 03:24:57,"ntc2_C",-8.93528116594803,1219060
2,2026-08-05 03:24:57,"testSB_C",-8.96084392722241,1222950
3,2026-08-05 03:24:57,"ntc1_C",-9.01510251655202,1225387
3,2026-08-05 03:24:57,"ntc2_C",-8.94642342613162,1220766
3,2026-08-05 03:24:57,"testSB_C",-8.87209458322599,1216595
4,2026-08-05 03:24:57,"ntc1_C",-8.88471801503357,1218308
4,2026-08-05 03:24:57,"ntc2_C",-8.86591213111592,1214507
4,2026-08-05 03:24:57,"testSB_C",-8.79323464013407,1211128
5,2026-08-05 03:24:57,"ntc1_C",-8.77165246034008,1210256
5,2026-08-05 03:24:57,"ntc2_C",-8.77298900130273,1211887
5,2026-08-05 03:24:57,"testSB_C",-8.72102452037939,1210285
6,2026-08-05 03:24:57,"ntc1_C",-8.69547605627145,1207175
6,2026-08-05 03:24:57,"ntc2_C",-8.72514740123842,1210047
6,2026-08-05 03:24:57,"testSB_C",-8.6539582793078,1206817
7,2026-08-05 03:24:57,"ntc1_C",-8.62291496621697,1203540
7,2026-08-05 03:24:57,"ntc2_C",-8.67277757889417,1208042
7,2026-08-05 03:24:57,"testSB_C",-8.6296837681694,1205923
8,2026-08-05 03:24:57,"ntc1_C",-8.57793257214212,1205761
8,2026-08-05 03:24:57,"ntc2_C",-8.55089174716846,1199684
8,2026-08-05 03:24:57,"testSB_C",-8.6193164347855,1200919
9,2026-08-05 03:24:57,"ntc1_C",-8.51366273491186,1197527
9,2026-08-05 03:24:57,"ntc2_C",-8.52943414611673,1202470
9,2026-08-05 03:24:57,"testSB_C",-8.48981189463478,1198577
10,2026-08-05 03:24:57,"ntc1_C",-8.47752295547275,1198497
10,2026-08-05 03:24:57,"ntc2_C",-8.49542010363513,1196359
10,2026-08-05 03:24:57,"testSB_C",-8.47422947833286,1196212
11,2026-08-05 03:24:57,"ntc1_C",-8.44391778099066,1197097
11,2026-08-05 03:24:57,"ntc2_C",-8.45949123997843,1197391
11,2026-08-05 03:24:57,"testSB_C",-8.42731970408499,1194184
12,2026-08-05 03:24:57,"ntc1_C",-8.45883440584129,1196858
12,2026-08-05 03:24:57,"ntc2_C",-8.43384455868937,1194967
12,2026-08-05 03:24:57,"testSB_C",-8.43214153082181,1194704
13,2026-08-05 03:24:57,"ntc1_C",-8.43015590681421,1198917
13,2026-08-05 03:24:57,"ntc2_C",-8.42637188465233,1192681
13,2026-08-05 03:24:57,"testSB_C",-8.41220335110222,1193923
14,2026-08-05 03:24:57,"ntc1_C",-8.40127215482505,1192160
14,2026-08-05 03:24:57,"ntc2_C",-8.40593129178552,1195261
14,2026-08-05 03:24:57,"testSB_C",-8.3915386553175,1194427
15,2026-08-05 03:24:57,"ntc1_C",-8.37933407654879,1190154
15,2026-08-05 03:24:57,"ntc2_C",-8.37517169348109,1194093
15,2026-08-05 03:24:57,"testSB_C",-8.37419191522321,1194280
16,2026-08-05 03:24:57,"ntc1_C",-8.37400302354797,1191183
16,2026-08-05 03:24:57,"ntc2_C",-8.38813045511409,1191175
16,2026-08-05 03:24:57,"testSB_C",-8.38066203763117,1190759
17,2026-08-05 03:24:57,"ntc1_C",-8.39158114833299,1191944
17,2026-08-05 03:24:57,"ntc2_C",-8.39529635558966,1191583
17,2026-08-05 03:24:57,"testSB_C",-8.40068481662405,1195494
18,2026-08-05 03:24:57,"ntc1_C",-8.41110587949663,1196461
18,2026-08-05 03:24:57,"ntc2_C",-8.38765303294264,1192285
18,2026-08-05 03:24:57,"testSB_C",-8.39521188824006,1191897
19,2026-08-05 03:24:57,"ntc1_C",-8.40031039105321,1195610
19,2026-08-05 03:24:57,"ntc2_C",-8.40043415074683,1194377
19,2026-08-05 03:24:57,"testSB_C",-8.40470982084986,1196240
20,2026-08-05 03:24:57,"ntc1_C",-8.39851450969513,1193448
20,2026-08-05 03:24:57,"ntc2_C",-8.41149186921558,1196068
20,2026-08-05 03:24:57,"testSB_C",-8.39667578908444,1191657
21,2026-08-05 03:24:57,"ntc1_C",-8.40153022700559,1191320
21,2026-08-05 03:24:57,"ntc2_C",-8.40917548831351,1194610
21,2026-08-05 03:24:57,"testSB_C",-8.39927853397324,1194291
22,2026-08-05 03:24:57,"ntc1_C",-8.40256432256291,1194662
22,2026-08-05 03:24:57,"ntc2_C",-8.41497394528574,1196503
22,2026-08-05 03:24:57,"testSB_C",-8.41417548898949,1193182
23,2026-08-05 03:24:57,"ntc1_C",-8.42071494704885,1197942
23,2026-08-05 03:24:57,"ntc2_C",-8.42859903580256,1195371
23,2026-08-05 03:24:57,"testSB_C",-8.44245625081459,1193878
24,2026-08-05 03:24:57,"ntc1_C",-8.43702358780371,1196375
24,2026-08-05 03:24:57,"ntc2_C",-8.42683399729873,1197671
24,2026-08-05 03:24:57,"testSB_C",-8.42471190487595,1193104
1,2026-08-05 06:24:57,"ntc1_C",-7.80524386526395,1162656
1,2026-08-05 06:24:57,"testSB_C",-7.93573677638653,1171466
2,2026-08-05 06:24:57,"ntc1_C",-7.95386070177602,1171550
2,2026-08-05 06:24:57,"ntc2_C",-8.0020358021817,1173543
2,2026-08-05 06:24:57,"testSB_C",-7.90605818395971,1171521
3,2026-08-05 06:24:57,"ntc1_C",-6.83092166392055,1121071
3,2026-08-05 06:24:57,"ntc2_C",-7.2039628954534,1137075
3,2026-08-05 06:24:57,"testSB_C",-7.36787379160552,1144279
4,2026-08-05 06:24:57,"ntc1_C",-6.9190623450537,1124534
4,2026-08-05 06:24:57,"ntc2_C",-6.83895456369504,1118255
4,2026-08-05 06:24:57,"testSB_C",-7.38634655197654,1143656
5,2026-08-05 06:24:57,"ntc1_C",-7.33427630879714,1141379
5,2026-08-05 06:24:57,"ntc2_C",-7.13052050496947,1133450
5,2026-08-05 06:24:57,"testSB_C",-7.30720816190092,1142532
6,2026-08-05 06:24:57,"ntc1_C",-7.31355632297789,1141109
6,2026-08-05 06:24:57,"ntc2_C",-7.099392582458,1132478
6,2026-08-05 06:24:57,"testSB_C",-7.41302734395532,1147320
7,2026-08-05 06:24:57,"ntc1_C",-7.2659319324078,1138783
7,2026-08-05 06:24:57,"ntc2_C",-6.77285915118512,1118048
7,2026-08-05 06:24:57,"testSB_C",-7.39697000421961,1146856
8,2026-08-05 06:24:57,"ntc1_C",-7.3766019646489,1148149
8,2026-08-05 06:24:57,"ntc2_C",-7.33227565067159,1141569
8,2026-08-05 06:24:57,"testSB_C",-6.93616221570443,1121331
9,2026-08-05 06:24:57,"ntc1_C",-7.34029604870386,1141633
9,2026-08-05 06:24:57,"ntc2_C",-7.15740796482163,1137068
9,2026-08-05 06:24:57,"testSB_C",-7.30067048225351,1141874
10,2026-08-05 06:24:57,"ntc1_C",-7.31535399159515,1143083
10,2026-08-05 06:24:57,"ntc2_C",-6.92535616167117,1122237
10,2026-08-05 06:24:57,"testSB_C",-7.32870444919087,1141655
11,2026-08-05 06:24:57,"ntc1_C",-7.43959345433387,1149116
11,2026-08-05 06:24:57,"ntc2_C",-7.08741064245214,1132304
11,2026-08-05 06:24:57,"testSB_C",-7.23586868767444,1137614
12,2026-08-05 06:24:57,"ntc1_C",-6.73385134550205,1115673
12,2026-08-05 06:24:57,"ntc2_C",-7.04212187239443,1129118
12,2026-08-05 06:24:57,"testSB_C",-7.1727466536189,1134951
13,2026-08-05 06:24:57,"ntc1_C",-7.07277822815632,1134426
13,2026-08-05 06:24:57,"ntc2_C",-6.96494018331845,1123731
13,2026-08-05 06:24:57,"testSB_C",-7.18717341030924,1135793
14,2026-08-05 06:24:57,"ntc1_C",-7.1561296128765,1133212
14,2026-08-05 06:24:57,"ntc2_C",-6.98249213478061,1127945
14,2026-08-05 06:24:57,"testSB_C",-7.10181885766434,1133295
15,2026-08-05 06:24:57,"ntc1_C",-7.1629001448307,1132637
15,2026-08-05 06:24:57,"ntc2_C",-6.82339365426657,1120943
15,2026-08-05 06:24:57,"testSB_C",-6.76496107435139,1118501
16,2026-08-05 06:24:57,"ntc1_C",-7.14946083595993,1133208
16,2026-08-05 06:24:57,"ntc2_C",-7.16498750240748,1133252
16,2026-08-05 06:24:57,"testSB_C",-7.1182514251625,1131043
17,2026-08-05 06:24:57,"ntc1_C",-7.11301310130619,1131440
17,2026-08-05 06:24:57,"ntc2_C",-7.07480763879619,1129190
17,2026-08-05 06:24:57,"testSB_C",-7.21344352745638,1139047
18,2026-08-05 06:24:57,"ntc1_C",-7.10020312454674,1134263
18,2026-08-05 06:24:57,"ntc2_C",-6.88830280773482,1121699
18,2026-08-05 06:24:57,"testSB_C",-7.04117260060156,1127907
19,2026-08-05 06:24:57,"ntc1_C",-7.063277333364,1132224
19,2026-08-05 06:24:57,"ntc2_C",-7.00068146438991,1128164
19,2026-08-05 06:24:57,"testSB_C",-6.95780772050568,1127753
20,2026-08-05 06:24:57,"ntc1_C",-6.97838105421602,1126340
20,2026-08-05 06:24:57,"ntc2_C",-6.55109010726676,1108765
20,2026-08-05 06:24:57,"testSB_C",-6.84224216204404,1118533
21,2026-08-05 06:24:57,"ntc1_C",-6.95952507768635,1123403
21,2026-08-05 06:24:57,"ntc2_C",-6.51925301163703,1106105
21,2026-08-05 06:24:57,"testSB_C",-7.0488323473715,1130351
22,2026-08-05 06:24:57,"ntc1_C",-6.90845801978668,1124116
22,2026-08-05 06:24:57,"ntc2_C",-6.6190225871938,1112143
22,2026-08-05 06:24:57,"testSB_C",-6.92293485032627,1122856
23,2026-08-05 06:24:57,"ntc1_C",-6.72046340463424,1117800
23,2026-08-05 06:24:57,"ntc2_C",-6.60023408643565,1109587
23,2026-08-05 06:24:57,"testSB_C",-6.90705985866674,1121549
24,2026-08-05 06:24:57,"ntc1_C",-6.88448400710905,1123038
24,2026-08-05 06:24:57,"ntc2_C",-6.64516190673362,1113837
24,2026-08-05 06:24:57,"testSB_C",-6.77653538177486,1115648
1,2026-08-05 09:24:57,"ntc1_C",-3.18227390084201,963505
1,2026-08-05 09:24:57,"testSB_C",-3.25782453548402,968709
2,2026-08-05 09:24:57,"ntc1_C",-3.31524672564029,970231
2,2026-08-05 09:24:57,"ntc2_C",-3.38604413264238,972781
2,2026-08-05 09:24:57,"testSB_C",-3.162407863775,966309
3,2026-08-05 09:24:57,"ntc1_C",-1.07146535930104,887725
3,2026-08-05 09:24:57,"ntc2_C",-1.74920356942522,911324
3,2026-08-05 09:24:57,"testSB_C",-2.17512920915897,926915
4,2026-08-05 09:24:57,"ntc1_C",-1.47790496091687,901889
4,2026-08-05 09:24:57,"ntc2_C",-1.41693829747618,897629
4,2026-08-05 09:24:57,"testSB_C",-2.26706192840834,929142
5,2026-08-05 09:24:57,"ntc1_C",-2.32203331471709,931218
5,2026-08-05 09:24:57,"ntc2_C",-1.91799941209609,917463
5,2026-08-05 09:24:57,"testSB_C",-2.11913764782707,925642
6,2026-08-05 09:24:57,"ntc1_C",-2.32182522419072,931932
6,2026-08-05 09:24:57,"ntc2_C",-1.83402958606064,914657
6,2026-08-05 09:24:57,"testSB_C",-2.38173744636163,935418
7,2026-08-05 09:24:57,"ntc1_C",-2.16810998376741,925930
7,2026-08-05 09:24:57,"ntc2_C",-1.38529458275298,898648
7,2026-08-05 09:24:57,"testSB_C",-2.09297491756001,924814
8,2026-08-05 09:24:57,"ntc1_C",-2.31553034939213,934914
8,2026-08-05 09:24:57,"ntc2_C",-2.27578388439321,929792
8,2026-08-05 09:24:57,"testSB_C",-1.40605529783153,896138
9,2026-08-05 09:24:57,"ntc1_C",-2.32842198601594,931564
9,2026-08-05 09:24:57,"ntc2_C",-1.91520746596825,919159
9,2026-08-05 09:24:57,"testSB_C",-2.2852391418898,931539
10,2026-08-05 09:24:57,"ntc1_C",-2.25904790478376,931074
10,2026-08-05 09:24:57,"ntc2_C",-1.635821025805,905606
10,2026-08-05 09:24:57,"testSB_C",-2.3118211149677,931315
11,2026-08-05 09:24:57,"ntc1_C",-2.46201613319079,938961
11,2026-08-05 09:24:57,"ntc2_C",-1.86075744075697,916019
11,2026-08-05 09:24:57,"testSB_C",-2.21795362394209,928090
12,2026-08-05 09:24:57,"ntc1_C",-1.51726170217927,903059
12,2026-08-05 09:24:57,"ntc2_C",-1.87602572901949,915705
12,2026-08-05 09:24:57,"testSB_C",-2.17640483404966,926686
13,2026-08-05 09:24:57,"ntc1_C",-2.09359794363615,926922
13,2026-08-05 09:24:57,"ntc2_C",-1.70566208433638,907835
13,2026-08-05 09:24:57,"testSB_C",-2.07616024201036,923046
14,2026-08-05 09:24:57,"ntc1_C",-2.08021837124534,922352
14,2026-08-05 09:24:57,"ntc2_C",-1.68530106645755,909943
14,2026-08-05 09:24:57,"testSB_C",-2.03276270823136,922639
15,2026-08-05 09:24:57,"ntc1_C",-2.13421103150995,923674
15,2026-08-05 09:24:57,"ntc2_C",-1.6352832672315,908254
15,2026-08-05 09:24:57,"testSB_C",-1.54199426928028,905011
16,2026-08-05 09:24:57,"ntc1_C",-2.22711346982965,928003
16,2026-08-05 09:24:57,"ntc2_C",-2.04565821250816,920640
16,2026-08-05 09:24:57,"testSB_C",-2.13839198367049,924042
17,2026-08-05 09:24:57,"ntc1_C",-2.05403542368424,921456
17,2026-08-05 09:24:57,"ntc2_C",-1.99178058931483,918807
17,2026-08-05 09:24:57,"testSB_C",-2.29455105339309,932913
18,2026-08-05 09:24:57,"ntc1_C",-2.03505896633146,923615
18,2026-08-05 09:24:57,"ntc2_C",-1.80955507690385,913032
18,2026-08-05 09:24:57,"testSB_C",-2.08403934066865,922342
19,2026-08-05 09:24:57,"ntc1_C",-2.12120162623722,926482
19,2026-08-05 09:24:57,"ntc2_C",-2.00723776612801,921241
19,2026-08-05 09:24:57,"testSB_C",-1.89955657377817,918503
20,2026-08-05 09:24:57,"ntc1_C",-2.04380905954201,921918
20,2026-08-05 09:24:57,"ntc2_C",-1.40508779102447,899950
20,2026-08-05 09:24:57,"testSB_C",-1.77613442372888,910771
21,2026-08-05 09:24:57,"ntc1_C",-2.06977385566154,921403
21,2026-08-05 09:24:57,"ntc2_C",-1.39812741505432,898755
21,2026-08-05 09:24:57,"testSB_C",-2.25847691526491,930633
22,2026-08-05 09:24:57,"ntc1_C",-2.08624903764081,924383
22,2026-08-05 09:24:57,"ntc2_C",-1.39429453104475,899991
22,2026-08-05 09:24:57,"testSB_C",-2.17884180674628,926282
23,2026-08-05 09:24:57,"ntc1_C",-1.89431190703073,919111
23,2026-08-05 09:24:57,"ntc2_C",-1.51634897877153,902938
23,2026-08-05 09:24:57,"testSB_C",-2.05682733602606,921378
24,2026-08-05 09:24:57,"ntc1_C",-2.05605802894382,923218
24,2026-08-05 09:24:57,"ntc2_C",-1.75078437452345,913331
24,2026-08-05 09:24:57,"testSB_C",-1.99086233061388,918851
1,2026-08-05 12:24:57,"ntc1_C",0.907125014124802,817029
1,2026-08-05 12:24:57,"testSB_C",1.07089304464284,813639
2,2026-08-05 12:24:57,"ntc1_C",0.648430139226207,826841
2,2026-08-05 12:24:57,"ntc2_C",0.813374368025109,821199
2,2026-08-05 12:24:57,"testSB_C",0.964875999049298,818300
3,2026-08-05 12:24:57,"ntc1_C",2.50646751543616,768946
3,2026-08-05 12:24:57,"ntc2_C",2.21132001482886,777162
3,2026-08-05 12:24:57,"testSB_C",1.79457557833376,790124
4,2026-08-05 12:24:57,"ntc1_C",2.0626454784682,782253
4,2026-08-05 12:24:57,"ntc2_C",2.07635734926731,780086
4,2026-08-05 12:24:57,"testSB_C",1.69289677263356,792303
5,2026-08-05 12:24:57,"ntc1_C",1.54430955638736,796967
5,2026-08-05 12:24:57,"ntc2_C",1.7962423622206,790177
5,2026-08-05 12:24:57,"testSB_C",1.79046704120481,790929
6,2026-08-05 12:24:57,"ntc1_C",1.53943722052207,797836
6,2026-08-05 12:24:57,"ntc2_C",1.85285310498102,788595
6,2026-08-05 12:24:57,"testSB_C",1.67543180434274,794499
7,2026-08-05 12:24:57,"ntc1_C",1.80796652842821,789022
7,2026-08-05 12:24:57,"ntc2_C",2.10520387975305,781021
7,2026-08-05 12:24:57,"testSB_C",1.91359509571606,787192
8,2026-08-05 12:24:57,"ntc1_C",1.73585542903442,794245
8,2026-08-05 12:24:57,"ntc2_C",1.76781084657745,790206
8,2026-08-05 12:24:57,"testSB_C",2.22599141225288,774495
9,2026-08-05 12:24:57,"ntc1_C",1.68638325817511,792639
9,2026-08-05 12:24:57,"ntc2_C",2.0444158833356,783832
9,2026-08-05 12:24:57,"testSB_C",1.74324379902896,792125
10,2026-08-05 12:24:57,"ntc1_C",1.76307793295462,791987
10,2026-08-05 12:24:57,"ntc2_C",2.07596709053223,780111
10,2026-08-05 12:24:57,"testSB_C",1.92274157758402,785415
11,2026-08-05 12:24:57,"ntc1_C",1.62585625954853,796554
11,2026-08-05 12:24:57,"ntc2_C",2.00554300742181,784160
11,2026-08-05 12:24:57,"testSB_C",1.77791050894797,790307
12,2026-08-05 12:24:57,"ntc1_C",2.09196741197292,781152
12,2026-08-05 12:24:57,"ntc2_C",1.9528276430018,785060
12,2026-08-05 12:24:57,"testSB_C",1.63470313124571,794934
13,2026-08-05 12:24:57,"ntc1_C",1.73919593250827,794436
13,2026-08-05 12:24:57,"ntc2_C",2.14570213056243,777590
13,2026-08-05 12:24:57,"testSB_C",1.87592614925603,787336
14,2026-08-05 12:24:57,"ntc1_C",1.86818746207575,786922
14,2026-08-05 12:24:57,"ntc2_C",2.1303115188507,780571
14,2026-08-05 12:24:57,"testSB_C",1.84840718135234,789269
15,2026-08-05 12:24:57,"ntc1_C",1.78334658056133,789035
15,2026-08-05 12:24:57,"ntc2_C",1.99529152081635,784887
15,2026-08-05 12:24:57,"testSB_C",1.97031971123778,785808
16,2026-08-05 12:24:57,"ntc1_C",1.61647553971085,794977
16,2026-08-05 12:24:57,"ntc2_C",2.00418376965791,782213
16,2026-08-05 12:24:57,"testSB_C",1.77553777421861,789355
17,2026-08-05 12:24:57,"ntc1_C",1.92497485548159,785128
17,2026-08-05 12:24:57,"ntc2_C",1.90118553138097,785630
17,2026-08-05 12:24:57,"testSB_C",1.74934146789298,792766
18,2026-08-05 12:24:57,"ntc1_C",1.87856632693217,789085
18,2026-08-05 12:24:57,"ntc2_C",1.85396367049475,788019
18,2026-08-05 12:24:57,"testSB_C",1.75874550801973,790152
19,2026-08-05 12:24:57,"ntc1_C",1.82566321405631,790412
19,2026-08-05 12:24:57,"ntc2_C",1.80686277844978,790150
19,2026-08-05 12:24:57,"testSB_C",1.95949795432142,786414
20,2026-08-05 12:24:57,"ntc1_C",1.88303673485973,787137
20,2026-08-05 12:24:57,"ntc2_C",2.07960961810051,782283
20,2026-08-05 12:24:57,"testSB_C",2.10088932601514,779298
21,2026-08-05 12:24:57,"ntc1_C",1.89305993024686,785720
21,2026-08-05 12:24:57,"ntc2_C",2.06953389246291,781815
21,2026-08-05 12:24:57,"testSB_C",1.76664416339531,791436
22,2026-08-05 12:24:57,"ntc1_C",1.87538736444344,788211
22,2026-08-05 12:24:57,"ntc2_C",2.37527140014339,773604
22,2026-08-05 12:24:57,"testSB_C",1.66112421795543,793690
23,2026-08-05 12:24:57,"ntc1_C",1.81397455032385,791743
23,2026-08-05 12:24:57,"ntc2_C",2.23577603525848,776559
23,2026-08-05 12:24:57,"testSB_C",1.86225756672491,787105
24,2026-08-05 12:24:57,"ntc1_C",1.95319365178466,785664
24,2026-08-05 12:24:57,"ntc2_C",1.95429668427937,786894
24,2026-08-05 12:24:57,"testSB_C",1.17344465533631,808973
1,2026-08-05 15:24:57,"ntc1_C",2.03597666209345,780887
1,2026-08-05 15:24:57,"testSB_C",2.08959322749206,781112
2,2026-08-05 15:24:57,"ntc1_C",1.91406253509467,785915
2,2026-08-05 15:24:57,"ntc2_C",2.34404574374798,772340
2,2026-08-05 15:24:57,"testSB_C",2.24734555646484,777348
3,2026-08-05 15:24:57,"ntc1_C",3.23604304763279,746867
3,2026-08-05 15:24:57,"ntc2_C",3.35051576361934,742577
3,2026-08-05 15:24:57,"testSB_C",3.3872848309835,741412
4,2026-08-05 15:24:57,"ntc1_C",3.15010231893967,748982
4,2026-08-05 15:24:57,"ntc2_C",3.17340271636982,746635
4,2026-08-05 15:24:57,"testSB_C",3.38674915358575,740453
5,2026-08-05 15:24:57,"ntc1_C",3.24019609052777,744701
5,2026-08-05 15:24:57,"ntc2_C",3.14761309183842,748635
5,2026-08-05 15:24:57,"testSB_C",3.46966033456977,739604
6,2026-08-05 15:24:57,"ntc1_C",3.17200734126283,747435
6,2026-08-05 15:24:57,"ntc2_C",3.16259474242952,748366
6,2026-08-05 15:24:57,"testSB_C",3.42160064993971,740943
7,2026-08-05 15:24:57,"ntc1_C",3.48913175762425,737751
7,2026-08-05 15:24:57,"ntc2_C",3.13540435083905,749516
7,2026-08-05 15:24:57,"testSB_C",3.45258997491766,740260
8,2026-08-05 15:24:57,"ntc1_C",3.37187423348581,743969
8,2026-08-05 15:24:57,"ntc2_C",3.54454111911269,736076
8,2026-08-05 15:24:57,"testSB_C",3.34144888298988,740760
9,2026-08-05 15:24:57,"ntc1_C",3.41861602009857,739653
9,2026-08-05 15:24:57,"ntc2_C",3.56511660069413,737633
9,2026-08-05 15:24:57,"testSB_C",3.41404786486606,740964
10,2026-08-05 15:24:57,"ntc1_C",3.4486579652766,740416
10,2026-08-05 15:24:57,"ntc2_C",3.31646109800113,742402
10,2026-08-05 15:24:57,"testSB_C",3.54646566785112,736084
11,2026-08-05 15:24:57,"ntc1_C",3.38846608477553,742390
11,2026-08-05 15:24:57,"ntc2_C",3.45975177355677,739917
11,2026-08-05 15:24:57,"testSB_C",3.43070882344614,739821
12,2026-08-05 15:24:57,"ntc1_C",3.21331475521509,746933
12,2026-08-05 15:24:57,"ntc2_C",3.41914458897827,740399
12,2026-08-05 15:24:57,"testSB_C",3.26309633419299,744836
13,2026-08-05 15:24:57,"ntc1_C",3.25843548601506,747611
13,2026-08-05 15:24:57,"ntc2_C",3.63815043750725,732586
13,2026-08-05 15:24:57,"testSB_C",3.54953168738518,736395
14,2026-08-05 15:24:57,"ntc1_C",3.65337082836493,732767
14,2026-08-05 15:24:57,"ntc2_C",3.52770258034167,738202
14,2026-08-05 15:24:57,"testSB_C",3.42269931275052,741143
15,2026-08-05 15:24:57,"ntc1_C",3.4409726695464,738480
15,2026-08-05 15:24:57,"ntc2_C",3.37356336168591,742823
15,2026-08-05 15:24:57,"testSB_C",3.19333513285142,748308
16,2026-08-05 15:24:57,"ntc1_C",3.27160062579355,744061
16,2026-08-05 15:24:57,"ntc2_C",3.70868026542752,730719
16,2026-08-05 15:24:57,"testSB_C",3.45789269890889,738009
17,2026-08-05 15:24:57,"ntc1_C",3.65249586130619,732753
17,2026-08-05 15:24:57,"ntc2_C",3.50141559684482,736964
17,2026-08-05 15:24:57,"testSB_C",3.54321258064351,737904
18,2026-08-05 15:24:57,"ntc1_C",3.57571626053948,737350
18,2026-08-05 15:24:57,"ntc2_C",3.14560255543938,748382
18,2026-08-05 15:24:57,"testSB_C",3.36430698236785,741010
19,2026-08-05 15:24:57,"ntc1_C",3.52874369950979,738392
19,2026-08-05 15:24:57,"ntc2_C",3.34211645259154,743099
19,2026-08-05 15:24:57,"testSB_C",3.49699364593204,739539
20,2026-08-05 15:24:57,"ntc1_C",3.61496479831993,734481
20,2026-08-05 15:24:57,"ntc2_C",3.29183494473017,745271
20,2026-08-05 15:24:57,"testSB_C",3.7760660170033,728867
21,2026-08-05 15:24:57,"ntc1_C",3.6389421299927,732823
21,2026-08-05 15:24:57,"ntc2_C",3.2229289123099,746588
21,2026-08-05 15:24:57,"testSB_C",3.45819948053037,739688
22,2026-08-05 15:24:57,"ntc1_C",3.63987628379925,734570
22,2026-08-05 15:24:57,"ntc2_C",3.66878042517305,734703
22,2026-08-05 15:24:57,"testSB_C",3.28831994073857,743722
23,2026-08-05 15:24:57,"ntc1_C",3.23617702393676,747980
23,2026-08-05 15:24:57,"ntc2_C",3.59040618285826,735668
23,2026-08-05 15:24:57,"testSB_C",3.44251585104507,738989
24,2026-08-05 15:24:57,"ntc1_C",3.69408701517028,732862
24,2026-08-05 15:24:57,"ntc2_C",3.33726609998411,744577
24,2026-08-05 15:24:57,"testSB_C",3.40335088511011,739958
1,2026-08-05 18:24:57,"ntc1_C",0.669230098015134,824870
1,2026-08-05 18:24:57,"testSB_C",0.590339284540903,829480
2,2026-08-05 18:24:57,"ntc1_C",0.797053066875662,821920
2,2026-08-05 18:24:57,"ntc2_C",1.20122364318149,808516
2,2026-08-05 18:24:57,"testSB_C",0.805411213955438,823550
3,2026-08-05 18:24:57,"ntc1_C",1.63261396747674,796310
3,2026-08-05 18:24:57,"ntc2_C",1.80073913471279,790044
3,2026-08-05 18:24:57,"testSB_C",2.10935411601292,780233
4,2026-08-05 18:24:57,"ntc1_C",1.63800878753943,795669
4,2026-08-05 18:24:57,"ntc2_C",1.64830273045038,793568
4,2026-08-05 18:24:57,"testSB_C",2.14322675724861,778151
5,2026-08-05 18:24:57,"ntc1_C",2.02043013734499,781910
5,2026-08-05 18:24:57,"ntc2_C",1.70975429840553,792918
5,2026-08-05 18:24:57,"testSB_C",2.08576590654309,781635
6,2026-08-05 18:24:57,"ntc1_C",1.93050302541087,785442
6,2026-08-05 18:24:57,"ntc2_C",1.69008887949104,793753
6,2026-08-05 18:24:57,"testSB_C",2.08389819399179,781612
7,2026-08-05 18:24:57,"ntc1_C",2.16253102266745,777901
7,2026-08-05 18:24:57,"ntc2_C",1.53582752880635,799036
7,2026-08-05 18:24:57,"testSB_C",2.15170788457516,779728
8,2026-08-05 18:24:57,"ntc1_C",2.07697207067156,783471
8,2026-08-05 18:24:57,"ntc2_C",2.24544439986255,775249
8,2026-08-05 18:24:57,"testSB_C",1.81918148454656,787203
9,2026-08-05 18:24:57,"ntc1_C",2.19205295907608,776765
9,2026-08-05 18:24:57,"ntc2_C",2.05168370430215,783604
9,2026-08-05 18:24:57,"testSB_C",2.12490499844773,780115
10,2026-08-05 18:24:57,"ntc1_C",2.17092576143278,779167
10,2026-08-05 18:24:57,"ntc2_C",1.73967313723227,790682
10,2026-08-05 18:24:57,"testSB_C",1.99057795519951,783285
11,2026-08-05 18:24:57,"ntc1_C",2.15193811476178,779960
11,2026-08-05 18:24:57,"ntc2_C",1.95117024421819,785868
11,2026-08-05 18:24:57,"testSB_C",2.16166584554128,778266
12,2026-08-05 18:24:57,"ntc1_C",1.61731297634299,796136
12,2026-08-05 18:24:57,"ntc2_C",1.96957518584861,784534
12,2026-08-05 18:24:57,"testSB_C",1.92059742580562,785885
13,2026-08-05 18:24:57,"ntc1_C",1.96602896952362,787251
13,2026-08-05 18:24:57,"ntc2_C",2.03725573341995,780973
13,2026-08-05 18:24:57,"testSB_C",2.1396798912964,779065
14,2026-08-05 18:24:57,"ntc1_C",2.36419833961264,771460
14,2026-08-05 18:24:57,"ntc2_C",1.90092428528499,787770
14,2026-08-05 18:24:57,"testSB_C",2.07233973698055,782225
15,2026-08-05 18:24:57,"ntc1_C",2.06386429286249,780227
15,2026-08-05 18:24:57,"ntc2_C",1.87071752625104,788812
15,2026-08-05 18:24:57,"testSB_C",1.71685514398291,793827
16,2026-08-05 18:24:57,"ntc1_C",2.06457969211499,780836
16,2026-08-05 18:24:57,"ntc2_C",2.13221044194495,778214
16,2026-08-05 18:24:57,"testSB_C",2.12093616571332,778511
17,2026-08-05 18:24:57,"ntc1_C",2.23631692828843,775402
17,2026-08-05 18:24:57,"ntc2_C",2.09772077638496,779473
17,2026-08-05 18:24:57,"testSB_C",2.18993052917398,778901
18,2026-08-05 18:24:57,"ntc1_C",2.24556351199146,777579
18,2026-08-05 18:24:57,"ntc2_C",1.7007756504176,792866
18,2026-08-05 18:24:57,"testSB_C",2.03012629609321,781608
19,2026-08-05 18:24:57,"ntc1_C",2.15356715598625,780101
19,2026-08-05 18:24:57,"ntc2_C",1.87639200937792,787952
19,2026-08-05 18:24:57,"testSB_C",2.00061742476504,785120
20,2026-08-05 18:24:57,"ntc1_C",2.35137147115012,772513
20,2026-08-05 18:24:57,"ntc2_C",1.68858748952402,794635
20,2026-08-05 18:24:57,"testSB_C",2.38157723827436,770595
21,2026-08-05 18:24:57,"ntc1_C",2.31634794963327,772532
21,2026-08-05 18:24:57,"ntc2_C",1.65189811795221,795003
21,2026-08-05 18:24:57,"testSB_C",2.07892481353923,781600
22,2026-08-05 18:24:57,"ntc1_C",2.3732229843971,772666
22,2026-08-05 18:24:57,"ntc2_C",1.96637232980385,786354
22,2026-08-05 18:24:57,"testSB_C",2.03814713874732,781802
23,2026-08-05 18:24:57,"ntc1_C",1.89325836568537,789233
23,2026-08-05 18:24:57,"ntc2_C",1.94751840309476,785569
23,2026-08-05 18:24:57,"testSB_C",1.95936185131598,784054
24,2026-08-05 18:24:57,"ntc1_C",2.30663594423817,774625
24,2026-08-05 18:24:57,"ntc2_C",1.89628829424475,788724
24,2026-08-05 18:24:57,"testSB_C",2.24972767264467,774844
1,2026-08-05 21:24:57,"ntc1_C",-3.12962302885967,961453
1,2026-08-05 21:24:57,"testSB_C",-3.14371090538936,964245
2,2026-08-05 21:24:57,"ntc1_C",-2.98194571868953,957224
2,2026-08-05 21:24:57,"ntc2_C",-2.79692173634714,949854
2,2026-08-05 21:24:57,"testSB_C",-3.00894626362691,960330
3,2026-08-05 21:24:57,"ntc1_C",-2.28327957928252,932223
3,2026-08-05 21:24:57,"ntc2_C",-2.27039113712874,930719
3,2026-08-05 21:24:57,"testSB_C",-2.05157831122023,922301
4,2026-08-05 21:24:57,"ntc1_C",-2.30283932986566,932444
4,2026-08-05 21:24:57,"ntc2_C",-2.32228047741472,931046
4,2026-08-05 21:24:57,"testSB_C",-2.02095922500354,919951
5,2026-08-05 21:24:57,"ntc1_C",-2.09682571527782,922779
5,2026-08-05 21:24:57,"ntc2_C",-2.26092514321465,930259
5,2026-08-05 21:24:57,"testSB_C",-2.09548694964138,924758
6,2026-08-05 21:24:57,"ntc1_C",-2.09816828311278,923551
6,2026-08-05 21:24:57,"ntc2_C",-2.30172746227083,932106
6,2026-08-05 21:24:57,"testSB_C",-2.07479149355538,923888
7,2026-08-05 21:24:57,"ntc1_C",-1.94432277298409,917595
7,2026-08-05 21:24:57,"ntc2_C",-2.3218411004957,933292
7,2026-08-05 21:24:57,"testSB_C",-1.92325200554819,918497
8,2026-08-05 21:24:57,"ntc1_C",-1.99610399743443,922923
8,2026-08-05 21:24:57,"ntc2_C",-1.91809999413636,916455
8,2026-08-05 21:24:57,"testSB_C",-2.1385272797886,923029
9,2026-08-05 21:24:57,"ntc1_C",-1.92963943019373,916681
9,2026-08-05 21:24:57,"ntc2_C",-2.05787688824665,924473
9,2026-08-05 21:24:57,"testSB_C",-1.95758636810621,919287
10,2026-08-05 21:24:57,"ntc1_C",-1.92600598465219,918634
10,2026-08-05 21:24:57,"ntc2_C",-2.20133972569812,926524
10,2026-08-05 21:24:57,"testSB_C",-1.96539392936853,918369
11,2026-08-05 21:24:57,"ntc1_C",-1.93392597205661,919145
11,2026-08-05 21:24:57,"ntc2_C",-2.07740498598946,924068
11,2026-08-05 21:24:57,"testSB_C",-1.89602509002412,916103
12,2026-08-05 21:24:57,"ntc1_C",-2.24668469516428,930048
12,2026-08-05 21:24:57,"ntc2_C",-2.03094045012671,921451
12,2026-08-05 21:24:57,"testSB_C",-2.05857212220496,922285
13,2026-08-05 21:24:57,"ntc1_C",-2.00197098875395,923497
13,2026-08-05 21:24:57,"ntc2_C",-2.05207280789199,920628
13,2026-08-05 21:24:57,"testSB_C",-1.90513553030968,916690
14,2026-08-05 21:24:57,"ntc1_C",-1.81575769789748,912555
14,2026-08-05 21:24:57,"ntc2_C",-2.07717740696245,924455
14,2026-08-05 21:24:57,"testSB_C",-1.91411752479286,918228
15,2026-08-05 21:24:57,"ntc1_C",-1.94218872499204,916540
15,2026-08-05 21:24:57,"ntc2_C",-2.00104450737911,921770
15,2026-08-05 21:24:57,"testSB_C",-2.08306307917763,925006
16,2026-08-05 21:24:57,"ntc1_C",-1.84108293278479,913641
16,2026-08-05 21:24:57,"ntc2_C",-1.926366841885,916213
16,2026-08-05 21:24:57,"testSB_C",-1.88659286523705,914687
17,2026-08-05 21:24:57,"ntc1_C",-1.85107382607833,913931
17,2026-08-05 21:24:57,"ntc2_C",-1.91494140340103,915960
17,2026-08-05 21:24:57,"testSB_C",-1.85347165317683,916433
18,2026-08-05 21:24:57,"ntc1_C",-1.83018404381858,916005
18,2026-08-05 21:24:57,"ntc2_C",-2.05889182286211,922267
18,2026-08-05 21:24:57,"testSB_C",-1.91533905724191,916075
19,2026-08-05 21:24:57,"ntc1_C",-1.85994965823221,916754
19,2026-08-05 21:24:57,"ntc2_C",-2.04009452741468,922465
19,2026-08-05 21:24:57,"testSB_C",-1.94594200087096,920226
20,2026-08-05 21:24:57,"ntc1_C",-1.72159435115998,909993
20,2026-08-05 21:24:57,"ntc2_C",-2.11302943896732,926057
20,2026-08-05 21:24:57,"testSB_C",-1.74119757197326,909487
21,2026-08-05 21:24:57,"ntc1_C",-1.74810675671586,909519
21,2026-08-05 21:24:57,"ntc2_C",-2.10922832890782,924937
21,2026-08-05 21:24:57,"testSB_C",-1.86272973453214,915869
22,2026-08-05 21:24:57,"ntc1_C",-1.67985442359748,909336
22,2026-08-05 21:24:57,"ntc2_C",-1.98187836487921,921580
22,2026-08-05 21:24:57,"testSB_C",-1.8080341470303,912514
23,2026-08-05 21:24:57,"ntc1_C",-1.86689810220031,918094
23,2026-08-05 21:24:57,"ntc2_C",-1.95693863316399,919143
23,2026-08-05 21:24:57,"testSB_C",-1.91212926341728,916013
24,2026-08-05 21:24:57,"ntc1_C",-1.72649140935124,911007
24,2026-08-05 21:24:57,"ntc2_C",-1.88594679894624,918330
24,2026-08-05 21:24:57,"testSB_C",-1.6699434576422,907023
1,2026-08-06 00:24:57,"ntc1_C",-9.3330568445457,1237411
1,2026-08-06 00:24:57,"testSB_C",-9.26711653003741,1236806
2,2026-08-06 00:24:57,"ntc1_C",-9.19574713931502,1232413
2,2026-08-06 00:24:57,"ntc2_C",-9.09821163858294,1227189
2,2026-08-06 00:24:57,"testSB_C",-9.11040287838205,1230426
3,2026-08-06 00:24:57,"ntc1_C",-9.17963387600537,1233635
3,2026-08-06 00:24:57,"ntc2_C",-9.05699476270871,1226284
3,2026-08-06 00:24:57,"testSB_C",-8.97272468015183,1221596
4,2026-08-06 00:24:57,"ntc1_C",-8.98188025003259,1223145
4,2026-08-06 00:24:57,"ntc2_C",-8.94712270555152,1218535
4,2026-08-06 00:24:57,"testSB_C",-8.84805882077205,1213838
5,2026-08-06 00:24:57,"ntc1_C",-8.82753777111287,1213018
5,2026-08-06 00:24:57,"ntc2_C",-8.81866957000568,1214146
5,2026-08-06 00:24:57,"testSB_C",-8.76680167167666,1212546
6,2026-08-06 00:24:57,"ntc1_C",-8.73585435439514,1209163
6,2026-08-06 00:24:57,"ntc2_C",-8.75040577470509,1211294
6,2026-08-06 00:24:57,"testSB_C",-8.70334603010303,1209249
7,2026-08-06 00:24:57,"ntc1_C",-8.65608185086296,1205169
7,2026-08-06 00:24:57,"ntc2_C",-8.69105938252579,1208943
7,2026-08-06 00:24:57,"testSB_C",-8.65792482336843,1207312
8,2026-08-06 00:24:57,"ntc1_C",-8.57504416136118,1205619
8,2026-08-06 00:24:57,"ntc2_C",-8.54265056150302,1199281
8,2026-08-06 00:24:57,"testSB_C",-8.58504076587775,1199242
9,2026-08-06 00:24:57,"ntc1_C",-8.47817120669373,1195796
9,2026-08-06 00:24:57,"ntc2_C",-8.48686211719661,1200384
9,2026-08-06 00:24:57,"testSB_C",-8.43183830513004,1195747
10,2026-08-06 00:24:57,"ntc1_C",-8.40729854099152,1195072
10,2026-08-06 00:24:57,"ntc2_C",-8.42469899485991,1192915
10,2026-08-06 00:24:57,"testSB_C",-8.36949249594909,1191115
11,2026-08-06 00:24:57,"ntc1_C",-8.32053765584067,1191094
11,2026-08-06 00:24:57,"ntc2_C",-8.34445261215706,1191790
11,2026-08-06 00:24:57,"testSB_C",-8.2932636522396,1187678
12,2026-08-06 00:24:57,"ntc1_C",-8.32973276682452,1190578
12,2026-08-06 00:24:57,"ntc2_C",-8.27555787768307,1187284
12,2026-08-06 00:24:57,"testSB_C",-8.25208740514455,1185968
13,2026-08-06 00:24:57,"ntc1_C",-8.22457498502956,1188914
13,2026-08-06 00:24:57,"ntc2_C",-8.21369305722561,1182384
13,2026-08-06 00:24:57,"testSB_C",-8.16772330308925,1182084
14,2026-08-06 00:24:57,"ntc1_C",-8.13479300805096,1179286
14,2026-08-06 00:24:57,"ntc2_C",-8.13304412060182,1182045
14,2026-08-06 00:24:57,"testSB_C",-8.0943702190408,1180049
15,2026-08-06 00:24:57,"ntc1_C",-8.0607372716189,1174807
15,2026-08-06 00:24:57,"ntc2_C",-8.05938024335302,1178821
15,2026-08-06 00:24:57,"testSB_C",-8.04049522276557,1178146
16,2026-08-06 00:24:57,"ntc1_C",-7.97856432445496,1172137
16,2026-08-06 00:24:57,"ntc2_C",-7.97171632428922,1171123
16,2026-08-06 00:24:57,"testSB_C",-7.94905073534835,1169988
17,2026-08-06 00:24:57,"ntc1_C",-7.92614570266062,1169545
17,2026-08-06 00:24:57,"ntc2_C",-7.89786835700033,1167676
17,2026-08-06 00:24:57,"testSB_C",-7.84548820807527,1168750
18,2026-08-06 00:24:57,"ntc1_C",-7.85139531648247,1169489
18,2026-08-06 00:24:57,"ntc2_C",-7.83695262122234,1165846
18,2026-08-06 00:24:57,"testSB_C",-7.7943493474902,1163055
19,2026-08-06 00:24:57,"ntc1_C",-7.75777455748448,1164708
19,2026-08-06 00:24:57,"ntc2_C",-7.75705122736798,1163463
19,2026-08-06 00:24:57,"testSB_C",-7.72444301392562,1163526
20,2026-08-06 00:24:57,"ntc1_C",-7.68396990283281,1159186
20,2026-08-06 00:24:57,"ntc2_C",-7.71758829862313,1162711
20,2026-08-06 00:24:57,"testSB_C",-7.65029677766057,1155954
21,2026-08-06 00:24:57,"ntc1_C",-7.62092128797769,1154048
21,2026-08-06 00:24:57,"ntc2_C",-7.65059755774797,1158246
21,2026-08-06 00:24:57,"testSB_C",-7.56916251213465,1154562
22,2026-08-06 00:24:57,"ntc1_C",-7.56019926769193,1154349
22,2026-08-06 00:24:57,"ntc2_C",-7.60123396733053,1157496
22,2026-08-06 00:24:57,"testSB_C",-7.53348118108659,1151121
23,2026-08-06 00:24:57,"ntc1_C",-7.54036523792621,1155738
23,2026-08-06 00:24:57,"ntc2_C",-7.56390248090855,1153985
23,2026-08-06 00:24:57,"testSB_C",-7.53643057223496,1150639
24,2026-08-06 00:24:57,"ntc1_C",-7.51213586565939,1152116
24,2026-08-06 00:24:57,"ntc2_C",-7.50596951504662,1153564
24,2026-08-06 00:24:57,"testSB_C",-7.4686980912216,1147529
1,2026-08-06 03:24:57,"ntc1_C",-13.1387468402072,1445445
1,2026-08-06 03:24:57,"testSB_C",-13.1865089880901,1451342
2,2026-08-06 03:24:57,"ntc1_C",-13.070547727047,1443631
2,2026-08-06 03:24:57,"ntc2_C",-12.9980087762398,1438955
2,2026-08-06 03:24:57,"testSB_C",-13.0071256144337,1442331
3,2026-08-06 03:24:57,"ntc1_C",-12.9985717377845,1441627
3,2026-08-06 03:24:57,"ntc2_C",-12.9780265633521,1439112
3,2026-08-06 03:24:57,"testSB_C",-12.8835362953454,1432903
4,2026-08-06 03:24:57,"ntc1_C",-12.9212479120448,1436479
4,2026-08-06 03:24:57,"ntc2_C",-12.9032376791363,1431999
4,2026-08-06 03:24:57,"testSB_C",-12.7552523157169,1423624
5,2026-08-06 03:24:57,"ntc1_C",-12.7369232880695,1422910
5,2026-08-06 03:24:57,"ntc2_C",-12.7705280572418,1426582
5,2026-08-06 03:24:57,"testSB_C",-12.6674450521044,1421750
6,2026-08-06 03:24:57,"ntc1_C",-12.6238203857896,1416934
6,2026-08-06 03:24:57,"ntc2_C",-12.7085584651265,1423654
6,2026-08-06 03:24:57,"testSB_C",-12.4639124678426,1409756
7,2026-08-06 03:24:57,"ntc1_C",-12.4322254039466,1406002
7,2026-08-06 03:24:57,"ntc2_C",-12.6653745803621,1421854
7,2026-08-06 03:24:57,"testSB_C",-12.3390510358136,1402945
8,2026-08-06 03:24:57,"ntc1_C",-12.2979875565305,1403437
8,2026-08-06 03:24:57,"ntc2_C",-12.2466465808153,1394960
8,2026-08-06 03:24:57,"testSB_C",-12.4187786024006,1402327
9,2026-08-06 03:24:57,"ntc1_C",-12.1464413608578,1388825
9,2026-08-06 03:24:57,"ntc2_C",-12.2455559563753,1399442
9,2026-08-06 03:24:57,"testSB_C",-12.1641460165941,1392500
10,2026-08-06 03:24:57,"ntc1_C",-12.1407670701138,1391655
10,2026-08-06 03:24:57,"ntc2_C",-12.2384967196546,1393772
10,2026-08-06 03:24:57,"testSB_C",-12.0839099468696,1386062
11,2026-08-06 03:24:57,"ntc1_C",-11.9871324159222,1383216
11,2026-08-06 03:24:57,"ntc2_C",-12.1098049800781,1389671
11,2026-08-06 03:24:57,"testSB_C",-12.0622268097075,1385058
12,2026-08-06 03:24:57,"ntc1_C",-12.1947497027231,1393873
12,2026-08-06 03:24:57,"ntc2_C",-12.0565954324385,1385266
12,2026-08-06 03:24:57,"testSB_C",-12.0519636186292,1384854
13,2026-08-06 03:24:57,"ntc1_C",-12.0673788590107,1390680
13,2026-08-06 03:24:57,"ntc2_C",-12.0521077086017,1382891
13,2026-08-06 03:24:57,"testSB_C",-12.0165921482084,1383082
14,2026-08-06 03:24:57,"ntc1_C",-12.000423741816,1380667
14,2026-08-06 03:24:57,"ntc2_C",-12.0291020250686,1385606
14,2026-08-06 03:24:57,"testSB_C",-12.0510009373259,1386739
15,2026-08-06 03:24:57,"ntc1_C",-12.0139425511425,1380313
15,2026-08-06 03:24:57,"ntc2_C",-12.0312423354677,1386210
15,2026-08-06 03:24:57,"testSB_C",-12.075999445849,1389005
16,2026-08-06 03:24:57,"ntc1_C",-12.020466084458,1382294
16,2026-08-06 03:24:57,"ntc2_C",-12.0286311576329,1381997
16,2026-08-06 03:24:57,"testSB_C",-11.9976563375228,1380199
17,2026-08-06 03:24:57,"ntc1_C",-12.0330222789412,1382886
17,2026-08-06 03:24:57,"ntc2_C",-12.042978538664,1382744
17,2026-08-06 03:24:57,"testSB_C",-12.0252383085892,1386005
18,2026-08-06 03:24:57,"ntc1_C",-12.0514823923066,1387954
18,2026-08-06 03:24:57,"ntc2_C",-12.0880275473584,1386421
18,2026-08-06 03:24:57,"testSB_C",-12.0906208523282,1385939
19,2026-08-06 03:24:57,"ntc1_C",-12.0981535560545,1390323
19,2026-08-06 03:24:57,"ntc2_C",-12.0999749451929,1389011
19,2026-08-06 03:24:57,"testSB_C",-12.0733803024514,1389437
20,2026-08-06 03:24:57,"ntc1_C",-12.086640939107,1387324
20,2026-08-06 03:24:57,"ntc2_C",-12.1108413710442,1390985
20,2026-08-06 03:24:57,"testSB_C",-12.0974427264138,1385916
21,2026-08-06 03:24:57,"ntc1_C",-12.0993772485244,1385185
21,2026-08-06 03:24:57,"ntc2_C",-12.1388985436352,1390965
21,2026-08-06 03:24:57,"testSB_C",-12.0738692574349,1387498
22,2026-08-06 03:24:57,"ntc1_C",-12.084030222044,1388303
22,2026-08-06 03:24:57,"ntc2_C",-12.0764601637243,1389209
22,2026-08-06 03:24:57,"testSB_C",-12.0815628561853,1385793
23,2026-08-06 03:24:57,"ntc1_C",-12.1109384059831,1392547
23,2026-08-06 03:24:57,"ntc2_C",-12.0827936099075,1387572
23,2026-08-06 03:24:57,"testSB_C",-12.063264505906,1383773
24,2026-08-06 03:24:57,"ntc1_C",-12.0375471137718,1385735
24,2026-08-06 03:24:57,"ntc2_C",-12.0431345178282,1388080
24,2026-08-06 03:24:57,"testSB_C",-12.0132851975474,1381200
1,2026-08-06 06:24:57,"ntc1_C",-12.8662158618163,1429449
1,2026-08-06 06:24:57,"testSB_C",-13.0753851177179,1444775
2,2026-08-06 06:24:57,"ntc1_C",-13.2947093922009,1456902
2,2026-08-06 06:24:57,"ntc2_C",-13.0813877193935,1443861
2,2026-08-06 06:24:57,"testSB_C",-12.9263866991186,1437590
3,2026-08-06 06:24:57,"ntc1_C",-11.3368113234253,1347115
3,2026-08-06 06:24:57,"ntc2_C",-11.8535389365512,1374546
3,2026-08-06 06:24:57,"testSB_C",-11.7715867891768,1369343
4,2026-08-06 06:24:57,"ntc1_C",-11.2561105534051,1342087
4,2026-08-06 06:24:57,"ntc2_C",-11.139899265769,1332565
4,2026-08-06 06:24:57,"testSB_C",-11.8944705586424,1374481
5,2026-08-06 06:24:57,"ntc1_C",-11.465054498942,1350898
5,2026-08-06 06:24:57,"ntc2_C",-11.1693422260749,1336340
5,2026-08-06 06:24:57,"testSB_C",-11.5902348728138,1360594
6,2026-08-06 06:24:57,"ntc1_C",-11.7117389767074,1365182
6,2026-08-06 06:24:57,"ntc2_C",-11.2680873502661,1342354
6,2026-08-06 06:24:57,"testSB_C",-12.0126440671629,1384033
7,2026-08-06 06:24:57,"ntc1_C",-11.6783226461976,1363382
7,2026-08-06 06:24:57,"ntc2_C",-10.9414209039209,1325219
7,2026-08-06 06:24:57,"testSB_C",-11.4826790385355,1354761
8,2026-08-06 06:24:57,"ntc1_C",-11.9668584946735,1384594
8,2026-08-06 06:24:57,"ntc2_C",-11.7160371714259,1365070
8,2026-08-06 06:24:57,"testSB_C",-11.3076523002367,1340141
9,2026-08-06 06:24:57,"ntc1_C",-11.5843431416586,1357328
9,2026-08-06 06:24:57,"ntc2_C",-11.4014301116206,1352025
9,2026-08-06 06:24:57,"testSB_C",-11.8452784790204,1374488
10,2026-08-06 06:24:57,"ntc1_C",-11.5419725975173,1358063
10,2026-08-06 06:24:57,"ntc2_C",-11.0467284929815,1327592
10,2026-08-06 06:24:57,"testSB_C",-10.7261940857134,1311326
11,2026-08-06 06:24:57,"ntc1_C",-11.8173542265308,1373667
11,2026-08-06 06:24:57,"ntc2_C",-11.7694084194345,1370498
11,2026-08-06 06:24:57,"testSB_C",-11.6698104982134,1363053
12,2026-08-06 06:24:57,"ntc1_C",-10.7718177275608,1315247
12,2026-08-06 06:24:57,"ntc2_C",-11.0401570531558,1328984
12,2026-08-06 06:24:57,"testSB_C",-11.5812317084883,1358498
13,2026-08-06 06:24:57,"ntc1_C",-11.2200111475007,1343413
13,2026-08-06 06:24:57,"ntc2_C",-11.407661891281,1346979
13,2026-08-06 06:24:57,"testSB_C",-11.5070659109194,1354613
14,2026-08-06 06:24:57,"ntc1_C",-11.5004545932514,1352785
14,2026-08-06 06:24:57,"ntc2_C",-11.3623825931027,1348421
14,2026-08-06 06:24:57,"testSB_C",-11.4793263483255,1354760
15,2026-08-06 06:24:57,"ntc1_C",-11.4421187600335,1348482
15,2026-08-06 06:24:57,"ntc2_C",-10.3979389688436,1296803
15,2026-08-06 06:24:57,"testSB_C",-10.6397203896212,1309915
16,2026-08-06 06:24:57,"ntc1_C",-11.5076769852341,1353658
16,2026-08-06 06:24:57,"ntc2_C",-11.4428195863456,1349331
16,2026-08-06 06:24:57,"testSB_C",-11.3946853804976,1346630
17,2026-08-06 06:24:57,"ntc1_C",-11.065234058906,1329319
17,2026-08-06 06:24:57,"ntc2_C",-11.0055274587513,1325429
17,2026-08-06 06:24:57,"testSB_C",-11.8886584361402,1378301
18,2026-08-06 06:24:57,"ntc1_C",-11.6046795184824,1362883
18,2026-08-06 06:24:57,"ntc2_C",-10.9343870618825,1322702
18,2026-08-06 06:24:57,"testSB_C",-11.379818383889,1346292
19,2026-08-06 06:24:57,"ntc1_C",-11.1711568079417,1338699
19,2026-08-06 06:24:57,"ntc2_C",-11.3579569192061,1347567
19,2026-08-06 06:24:57,"testSB_C",-11.0051533862611,1330146
20,2026-08-06 06:24:57,"ntc1_C",-11.2447902727313,1340447
20,2026-08-06 06:24:57,"ntc2_C",-10.7290076586623,1314687
20,2026-08-06 06:24:57,"testSB_C",-11.0080121100576,1325629
21,2026-08-06 06:24:57,"ntc1_C",-11.2423757709761,1337599
21,2026-08-06 06:24:57,"ntc2_C",-10.3083021275361,1290826
21,2026-08-06 06:24:57,"testSB_C",-11.4903200773518,1354835
22,2026-08-06 06:24:57,"ntc1_C",-11.1024708965554,1333776
22,2026-08-06 06:24:57,"ntc2_C",-10.7571037188341,1316404
22,2026-08-06 06:24:57,"testSB_C",-10.9699098730163,1324310
23,2026-08-06 06:24:57,"ntc1_C",-11.3653290274851,1350816
23,2026-08-06 06:24:57,"ntc2_C",-10.8270462383678,1318241
23,2026-08-06 06:24:57,"testSB_C",-11.1516131504172,1333272
24,2026-08-06 06:24:57,"ntc1_C",-10.9104373544221,1323417
24,2026-08-06 06:24:57,"ntc2_C",-10.5389304922181,1305426
24,2026-08-06 06:24:57,"testSB_C",-11.0276095401144,1326741
1,2026-08-06 09:24:57,"ntc1_C",-9.58168519386805,1250031
1,2026-08-06 09:24:57,"testSB_C",-9.82010127888134,1265023
2,2026-08-06 09:24:57,"ntc1_C",-9.89006163993059,1267831
2,2026-08-06 09:24:57,"ntc2_C",-9.95858156334629,1271036
2,2026-08-06 09:24:57,"testSB_C",-9.81628951957617,1266342
3,2026-08-06 09:24:57,"ntc1_C",-7.50119198513778,1152080
3,2026-08-06 09:24:57,"ntc2_C",-8.24501466285693,1186346
3,2026-08-06 09:24:57,"testSB_C",-8.59831177053445,1203094
4,2026-08-06 09:24:57,"ntc1_C",-7.74218713489387,1162870
4,2026-08-06 09:24:57,"ntc2_C",-7.62669613842462,1154699
4,2026-08-06 09:24:57,"testSB_C",-8.5974625218156,1201501
5,2026-08-06 09:24:57,"ntc1_C",-8.71904808951109,1207662
5,2026-08-06 09:24:57,"ntc2_C",-8.28963899067861,1188245
5,2026-08-06 09:24:57,"testSB_C",-8.66226358430578,1207389
6,2026-08-06 09:24:57,"ntc1_C",-8.80226635995348,1212440
6,2026-08-06 09:24:57,"ntc2_C",-8.23647522900393,1186177
6,2026-08-06 09:24:57,"testSB_C",-8.94679082317236,1221310
7,2026-08-06 09:24:57,"ntc1_C",-8.49017783377866,1197043
7,2026-08-06 09:24:57,"ntc2_C",-7.67411351908851,1159850
7,2026-08-06 09:24:57,"testSB_C",-8.95417129618028,1221981
8,2026-08-06 09:24:57,"ntc1_C",-8.86027520455775,1219724
8,2026-08-06 09:24:57,"ntc2_C",-8.82922465733532,1213376
8,2026-08-06 09:24:57,"testSB_C",-7.99712130445499,1170846
9,2026-08-06 09:24:57,"ntc1_C",-8.84029634766273,1213578
9,2026-08-06 09:24:57,"ntc2_C",-8.40552940452608,1196409
9,2026-08-06 09:24:57,"testSB_C",-8.82468468998036,1215058
10,2026-08-06 09:24:57,"ntc1_C",-8.81807863620912,1215249
10,2026-08-06 09:24:57,"ntc2_C",-8.04231555293529,1174468
10,2026-08-06 09:24:57,"testSB_C",-8.93651825855653,1218976
11,2026-08-06 09:24:57,"ntc1_C",-9.14355460428857,1231725
11,2026-08-06 09:24:57,"ntc2_C",-8.375314995488,1193290
11,2026-08-06 09:24:57,"testSB_C",-8.7332739747788,1209169
12,2026-08-06 09:24:57,"ntc1_C",-7.75617625497807,1163082
12,2026-08-06 09:24:57,"ntc2_C",-8.34126103103847,1190467
12,2026-08-06 09:24:57,"testSB_C",-8.73219060821896,1209408
13,2026-08-06 09:24:57,"ntc1_C",-8.56378592711962,1205465
13,2026-08-06 09:24:57,"ntc2_C",-8.14673534754149,1179161
13,2026-08-06 09:24:57,"testSB_C",-8.70855461793951,1208436
14,2026-08-06 09:24:57,"ntc1_C",-8.7184655343483,1207671
14,2026-08-06 09:24:57,"ntc2_C",-8.28360144697945,1189318
14,2026-08-06 09:24:57,"testSB_C",-8.63507221940046,1206343
15,2026-08-06 09:24:57,"ntc1_C",-8.81907493359171,1211673
15,2026-08-06 09:24:57,"ntc2_C",-8.13400809098391,1182412
15,2026-08-06 09:24:57,"testSB_C",-8.04984471934637,1178595
16,2026-08-06 09:24:57,"ntc1_C",-8.91234461597816,1217620
16,2026-08-06 09:24:57,"ntc2_C",-8.75183254410166,1208975
16,2026-08-06 09:24:57,"testSB_C",-8.81172517213901,1211879
17,2026-08-06 09:24:57,"ntc1_C",-8.73055795329253,1208532
17,2026-08-06 09:24:57,"ntc2_C",-8.65874123687598,1204446
17,2026-08-06 09:24:57,"testSB_C",-9.0574546985593,1227937
18,2026-08-06 09:24:57,"ntc1_C",-8.85473938564525,1218289
18,2026-08-06 09:24:57,"ntc2_C",-8.45005026202529,1195319
18,2026-08-06 09:24:57,"testSB_C",-8.78479377031914,1210986
19,2026-08-06 09:24:57,"ntc1_C",-8.86817285933546,1218636
19,2026-08-06 09:24:57,"ntc2_C",-8.73983479149553,1211021
19,2026-08-06 09:24:57,"testSB_C",-8.65477369454493,1208500
20,2026-08-06 09:24:57,"ntc1_C",-8.77298011128829,1211814
20,2026-08-06 09:24:57,"ntc2_C",-7.92345410092457,1172507
20,2026-08-06 09:24:57,"testSB_C",-8.47509627389519,1195473
21,2026-08-06 09:24:57,"ntc1_C",-8.83388443070027,1212490
21,2026-08-06 09:24:57,"ntc2_C",-7.97174744295376,1173501
21,2026-08-06 09:24:57,"testSB_C",-9.11771655330404,1229799
22,2026-08-06 09:24:57,"ntc1_C",-8.82967161530928,1215648
22,2026-08-06 09:24:57,"ntc2_C",-8.10189817242855,1181339
22,2026-08-06 09:24:57,"testSB_C",-8.95428695363205,1219750
23,2026-08-06 09:24:57,"ntc1_C",-8.5756359034387,1205530
23,2026-08-06 09:24:57,"ntc2_C",-8.21206340315103,1184867
23,2026-08-06 09:24:57,"testSB_C",-8.87579987073718,1215141
24,2026-08-06 09:24:57,"ntc1_C",-8.89629424190628,1218993
24,2026-08-06 09:24:57,"ntc2_C",-8.41988917344793,1197332
24,2026-08-06 09:24:57,"testSB_C",-8.78230094523764,1210622
1,2026-08-06 12:24:57,"ntc1_C",-3.22580432713988,965205
1,2026-08-06 12:24:57,"testSB_C",-2.95603381975161,956950
2,2026-08-06 12:24:57,"ntc1_C",-3.40796432116906,973882
2,2026-08-06 12:24:57,"ntc2_C",-3.00859403938296,958026
2,2026-08-06 12:24:57,"testSB_C",-2.86236078736852,954655
3,2026-08-06 12:24:57,"ntc1_C",-0.262802285707664,859278
3,2026-08-06 12:24:57,"ntc2_C",-0.295505196099612,859439
3,2026-08-06 12:24:57,"testSB_C",-0.593526566253217,869637
4,2026-08-06 12:24:57,"ntc1_C",-0.308758392876598,860376
4,2026-08-06 12:24:57,"ntc2_C",-0.273785269467737,857227
4,2026-08-06 12:24:57,"testSB_C",-0.709154723991674,872546
5,2026-08-06 12:24:57,"ntc1_C",-1.00043576801545,882827
5,2026-08-06 12:24:57,"ntc2_C",-0.621848857480984,870745
5,2026-08-06 12:24:57,"testSB_C",-0.490431912662075,866791
6,2026-08-06 12:24:57,"ntc1_C",-0.99967066550181,883521
6,2026-08-06 12:24:57,"ntc2_C",-0.522726469095403,867541
6,2026-08-06 12:24:57,"testSB_C",-0.770926129854047,876548
7,2026-08-06 12:24:57,"ntc1_C",-0.534523383582155,866868
7,2026-08-06 12:24:57,"ntc2_C",-0.355007579096139,862094
7,2026-08-06 12:24:57,"testSB_C",-0.87375327189352,880429
8,2026-08-06 12:24:57,"ntc1_C",-0.835319096869227,880691
8,2026-08-06 12:24:57,"ntc2_C",-0.662292299320654,871201
8,2026-08-06 12:24:57,"testSB_C",-0.457438697520558,862532
9,2026-08-06 12:24:57,"ntc1_C",-0.901517200991805,879452
9,2026-08-06 12:24:57,"ntc2_C",-0.393367028128637,864434
9,2026-08-06 12:24:57,"testSB_C",-1.02136058775955,885203
10,2026-08-06 12:24:57,"ntc1_C",-0.897412124172433,881304
10,2026-08-06 12:24:57,"ntc2_C",-0.414736941513183,862116
10,2026-08-06 12:24:57,"testSB_C",-0.772751550061798,875227
11,2026-08-06 12:24:57,"ntc1_C",-1.20921445841276,892663
11,2026-08-06 12:24:57,"ntc2_C",-0.638460281831726,871968
11,2026-08-06 12:24:57,"testSB_C",-1.05228267630258,885452
12,2026-08-06 12:24:57,"ntc1_C",-0.585622556920953,869780
12,2026-08-06 12:24:57,"ntc2_C",-0.603902397443392,869921
12,2026-08-06 12:24:57,"testSB_C",-1.38394762340971,897507
13,2026-08-06 12:24:57,"ntc1_C",-1.2504970992369,895903
13,2026-08-06 12:24:57,"ntc2_C",-0.385905883294697,860783
13,2026-08-06 12:24:57,"testSB_C",-0.792443676099424,876444
14,2026-08-06 12:24:57,"ntc1_C",-0.845965511438123,877554
14,2026-08-06 12:24:57,"ntc2_C",-0.471184520733971,866482
14,2026-08-06 12:24:57,"testSB_C",-0.924766094327481,882297
15,2026-08-06 12:24:57,"ntc1_C",-1.00742918311192,882629
15,2026-08-06 12:24:57,"ntc2_C",-0.581482260580856,870465
15,2026-08-06 12:24:57,"testSB_C",-0.707810840930335,875069
16,2026-08-06 12:24:57,"ntc1_C",-1.34488132406392,895522
16,2026-08-06 12:24:57,"ntc2_C",-0.754426408878317,873892
16,2026-08-06 12:24:57,"testSB_C",-1.22778525849321,890678
17,2026-08-06 12:24:57,"ntc1_C",-0.937601288347992,880853
17,2026-08-06 12:24:57,"ntc2_C",-0.957084357931024,881237
17,2026-08-06 12:24:57,"testSB_C",-1.25472404403428,894549
18,2026-08-06 12:24:57,"ntc1_C",-1.08216327022421,888774
18,2026-08-06 12:24:57,"ntc2_C",-1.0629766407659,885956
18,2026-08-06 12:24:57,"testSB_C",-1.32394316571498,894456
19,2026-08-06 12:24:57,"ntc1_C",-1.25178201048607,894521
19,2026-08-06 12:24:57,"ntc2_C",-1.21946725044455,892399
19,2026-08-06 12:24:57,"testSB_C",-0.986612148562415,885272
20,2026-08-06 12:24:57,"ntc1_C",-1.16222652889445,889674
20,2026-08-06 12:24:57,"ntc2_C",-0.769541189616689,877171
20,2026-08-06 12:24:57,"testSB_C",-0.897635163601535,879055
21,2026-08-06 12:24:57,"ntc1_C",-1.16266220202084,888301
21,2026-08-06 12:24:57,"ntc2_C",-0.869764128216843,879806
21,2026-08-06 12:24:57,"testSB_C",-1.44452523966572,900534
22,2026-08-06 12:24:57,"ntc1_C",-1.26827193476191,894359
22,2026-08-06 12:24:57,"ntc2_C",-0.514053537583607,868640
22,2026-08-06 12:24:57,"testSB_C",-1.54030320371834,902707
23,2026-08-06 12:24:57,"ntc1_C",-1.4177621554104,901599
23,2026-08-06 12:24:57,"ntc2_C",-0.816445077800267,877810
23,2026-08-06 12:24:57,"testSB_C",-1.36807715553596,896133
24,2026-08-06 12:24:57,"ntc1_C",-1.25754046420775,893923
24,2026-08-06 12:24:57,"ntc2_C",-1.12007334681408,890379
24,2026-08-06 12:24:57,"testSB_C",-2.75402677479974,947633
1,2026-08-06 15:24:57,"ntc1_C",-1.57625785207551,902928
1,2026-08-06 15:24:57,"testSB_C",-1.7075160660666,909869
2,2026-08-06 15:24:57,"ntc1_C",-1.5324991892308,902747
2,2026-08-06 15:24:57,"ntc2_C",-0.828884580829424,877283
2,2026-08-06 15:24:57,"testSB_C",-1.34490074773686,897930
3,2026-08-06 15:24:57,"ntc1_C",-0.649176256232465,872748
3,2026-08-06 15:24:57,"ntc2_C",-0.128011002433482,853664
3,2026-08-06 15:24:57,"testSB_C",0.56643130856537,830007
4,2026-08-06 15:24:57,"ntc1_C",-0.204116717912655,856760
4,2026-08-06 15:24:57,"ntc2_C",-0.329182786579054,859140
4,2026-08-06 15:24:57,"testSB_C",0.700570939317458,824462
5,2026-08-06 15:24:57,"ntc1_C",0.274916718732072,838635
5,2026-08-06 15:24:57,"ntc2_C",-0.27232930553339,858581
5,2026-08-06 15:24:57,"testSB_C",0.447058202662731,834717
6,2026-08-06 15:24:57,"ntc1_C",0.119521176592627,844611
6,2026-08-06 15:24:57,"ntc2_C",-0.322157703707603,860563
6,2026-08-06 15:24:57,"testSB_C",0.573314815606523,830409
7,2026-08-06 15:24:57,"ntc1_C",0.511739383274005,831138
7,2026-08-06 15:24:57,"ntc2_C",-0.778418529840962,876923
7,2026-08-06 15:24:57,"testSB_C",0.0517068916954031,848239
8,2026-08-06 15:24:57,"ntc1_C",0.162671568675648,846010
8,2026-08-06 15:24:57,"ntc2_C",0.554896850840692,829585
8,2026-08-06 15:24:57,"testSB_C",-0.589080024733789,867115
9,2026-08-06 15:24:57,"ntc1_C",0.231917608827359,840251
9,2026-08-06 15:24:57,"ntc2_C",0.121198506496967,846717
9,2026-08-06 15:24:57,"testSB_C",0.176962976979098,843510
10,2026-08-06 15:24:57,"ntc1_C",0.276633913868295,840641
10,2026-08-06 15:24:57,"ntc2_C",-0.471872109589924,864101
10,2026-08-06 15:24:57,"testSB_C",0.0563927740181498,846496
11,2026-08-06 15:24:57,"ntc1_C",0.334187963447732,838908
11,2026-08-06 15:24:57,"ntc2_C",-0.0064225366159576,850071
11,2026-08-06 15:24:57,"testSB_C",0.304671860907263,838404
12,2026-08-06 15:24:57,"ntc1_C",-0.720844466311689,874529
12,2026-08-06 15:24:57,"ntc2_C",0.1135653222928,845169
12,2026-08-06 15:24:57,"testSB_C",0.145158047071334,843904
13,2026-08-06 15:24:57,"ntc1_C",-0.232866125326723,859910
13,2026-08-06 15:24:57,"ntc2_C",0.0906664141458577,844430
13,2026-08-06 15:24:57,"testSB_C",0.297389025863254,838825
14,2026-08-06 15:24:57,"ntc1_C",0.440732117916923,833284
14,2026-08-06 15:24:57,"ntc2_C",-0.077982626386472,852880
14,2026-08-06 15:24:57,"testSB_C",0.0272355564312647,849118
15,2026-08-06 15:24:57,"ntc1_C",0.125272400893152,843299
15,2026-08-06 15:24:57,"ntc2_C",-0.249176365633105,858895
15,2026-08-06 15:24:57,"testSB_C",-0.395560093221434,864131
16,2026-08-06 15:24:57,"ntc1_C",-0.0342273175539844,849458
16,2026-08-06 15:24:57,"ntc2_C",0.45320390289902,832431
16,2026-08-06 15:24:57,"testSB_C",0.149933022933112,842589
17,2026-08-06 15:24:57,"ntc1_C",0.43876005137065,833373
17,2026-08-06 15:24:57,"ntc2_C",0.262657085787964,839014
17,2026-08-06 15:24:57,"testSB_C",0.547467097788399,831936
18,2026-08-06 15:24:57,"ntc1_C",0.358359603535746,838705
18,2026-08-06 15:24:57,"ntc2_C",-0.423592942476262,863439
18,2026-08-06 15:24:57,"testSB_C",0.0900693322171264,844913
19,2026-08-06 15:24:57,"ntc1_C",0.269745577838933,841347
19,2026-08-06 15:24:57,"ntc2_C",-0.10565366210659,853230
19,2026-08-06 15:24:57,"testSB_C",0.0947117517483775,847542
20,2026-08-06 15:24:57,"ntc1_C",0.293247653122535,839010
20,2026-08-06 15:24:57,"ntc2_C",-0.521895968891101,868460
20,2026-08-06 15:24:57,"testSB_C",0.436504635264669,833096
21,2026-08-06 15:24:57,"ntc1_C",0.422639391756263,833422
21,2026-08-06 15:24:57,"ntc2_C",-0.622640046227104,871088
21,2026-08-06 15:24:57,"testSB_C",0.361420677652688,837351
22,2026-08-06 15:24:57,"ntc1_C",0.446025105637091,834719
22,2026-08-06 15:24:57,"ntc2_C",-0.144202122468471,855813
22,2026-08-06 15:24:57,"testSB_C",0.08276660112125,845583
23,2026-08-06 15:24:57,"ntc1_C",-0.240718706401708,859832
23,2026-08-06 15:24:57,"ntc2_C",-0.195925399632358,856148
23,2026-08-06 15:24:57,"testSB_C",0.154838119833357,842865
24,2026-08-06 15:24:57,"ntc1_C",0.450283950219102,834503
24,2026-08-06 15:24:57,"ntc2_C",-0.253186786951176,859818
24,2026-08-06 15:24:57,"testSB_C",0.37505518536625,835319
1,2026-08-06 18:24:57,"ntc1_C",-3.84436006649202,989703
1,2026-08-06 18:24:57,"testSB_C",-3.91002685781763,994640
2,2026-08-06 18:24:57,"ntc1_C",-3.85605955792096,991730
2,2026-08-06 18:24:57,"ntc2_C",-3.55254614063841,979365
2,2026-08-06 18:24:57,"testSB_C",-3.8693228505548,994357
3,2026-08-06 18:24:57,"ntc1_C",-3.11099053692197,963956
3,2026-08-06 18:24:57,"ntc2_C",-2.98574081496821,958046
3,2026-08-06 18:24:57,"testSB_C",-2.6092508373705,943320
4,2026-08-06 18:24:57,"ntc1_C",-3.00080034494113,959143
4,2026-08-06 18:24:57,"ntc2_C",-3.07819302543055,959946
4,2026-08-06 18:24:57,"testSB_C",-2.57536584995597,940792
5,2026-08-06 18:24:57,"ntc1_C",-2.81151592346919,949840
5,2026-08-06 18:24:57,"ntc2_C",-3.10823194593837,962684
5,2026-08-06 18:24:57,"testSB_C",-2.79760261079394,951382
6,2026-08-06 18:24:57,"ntc1_C",-2.89038519002457,953598
6,2026-08-06 18:24:57,"ntc2_C",-3.15393774084498,964803
6,2026-08-06 18:24:57,"testSB_C",-2.73907563481447,949031
7,2026-08-06 18:24:57,"ntc1_C",-2.71343967720617,946575
7,2026-08-06 18:24:57,"ntc2_C",-3.38705033898458,974403
7,2026-08-06 18:24:57,"testSB_C",-2.82601291212728,952625
8,2026-08-06 18:24:57,"ntc1_C",-2.92316690253818,958177
8,2026-08-06 18:24:57,"ntc2_C",-2.77777041639638,948854
8,2026-08-06 18:24:57,"testSB_C",-3.23039648864761,964697
9,2026-08-06 18:24:57,"ntc1_C",-2.88247988129109,952664
9,2026-08-06 18:24:57,"ntc2_C",-3.12441338556715,965233
9,2026-08-06 18:24:57,"testSB_C",-3.00963133657916,959238
10,2026-08-06 18:24:57,"ntc1_C",-2.97744489059909,958513
10,2026-08-06 18:24:57,"ntc2_C",-3.44853564617085,974467
10,2026-08-06 18:24:57,"testSB_C",-3.15325787408904,963562
11,2026-08-06 18:24:57,"ntc1_C",-2.92158309616536,956570
11,2026-08-06 18:24:57,"ntc2_C",-3.20896485808771,967330
11,2026-08-06 18:24:57,"testSB_C",-2.97486357403392,956926
12,2026-08-06 18:24:57,"ntc1_C",-3.57362266683913,981334
12,2026-08-06 18:24:57,"ntc2_C",-3.17855818105005,965212
12,2026-08-06 18:24:57,"testSB_C",-3.15858100378921,964237
13,2026-08-06 18:24:57,"ntc1_C",-3.40058384113917,977250
13,2026-08-06 18:24:57,"ntc2_C",-3.35361704714364,970407
13,2026-08-06 18:24:57,"testSB_C",-3.20171270167583,966044
14,2026-08-06 18:24:57,"ntc1_C",-3.02801578831873,958378
14,2026-08-06 18:24:57,"ntc2_C",-3.38620426895193,974713
14,2026-08-06 18:24:57,"testSB_C",-3.18954140378901,966827
15,2026-08-06 18:24:57,"ntc1_C",-3.21822818494422,965053
15,2026-08-06 18:24:57,"ntc2_C",-3.32547046805098,972501
15,2026-08-06 18:24:57,"testSB_C",-3.40952601011713,976007
16,2026-08-06 18:24:57,"ntc1_C",-3.20360310982448,965398
16,2026-08-06 18:24:57,"ntc2_C",-3.10646109063327,961007
16,2026-08-06 18:24:57,"testSB_C",-3.09864438978008,960648
17,2026-08-06 18:24:57,"ntc1_C",-3.00337573531533,957525
17,2026-08-06 18:24:57,"ntc2_C",-3.14651212243467,962725
17,2026-08-06 18:24:57,"testSB_C",-2.94629635345035,957834
18,2026-08-06 18:24:57,"ntc1_C",-3.08049640708822,963491
18,2026-08-06 18:24:57,"ntc2_C",-3.43361087418771,974970
18,2026-08-06 18:24:57,"testSB_C",-3.14486561948075,962793
19,2026-08-06 18:24:57,"ntc1_C",-3.06625090195649,962584
19,2026-08-06 18:24:57,"ntc2_C",-3.31842930478348,971432
19,2026-08-06 18:24:57,"testSB_C",-3.21032353049162,968519
20,2026-08-06 18:24:57,"ntc1_C",-2.98702687669925,957776
20,2026-08-06 18:24:57,"ntc2_C",-3.51492863296642,980122
20,2026-08-06 18:24:57,"testSB_C",-2.9079129456299,953411
21,2026-08-06 18:24:57,"ntc1_C",-2.91315738951982,953341
21,2026-08-06 18:24:57,"ntc2_C",-3.49301690142198,978202
21,2026-08-06 18:24:57,"testSB_C",-2.92368449423412,956014
22,2026-08-06 18:24:57,"ntc1_C",-2.84595274803092,953216
22,2026-08-06 18:24:57,"ntc2_C",-3.32271967721977,972905
22,2026-08-06 18:24:57,"testSB_C",-3.00911719557428,957906
23,2026-08-06 18:24:57,"ntc1_C",-3.1458807639865,966821
23,2026-08-06 18:24:57,"ntc2_C",-3.31404540202249,971001
23,2026-08-06 18:24:57,"testSB_C",-3.11409162108004,961592
24,2026-08-06 18:24:57,"ntc1_C",-2.90996623693331,955661
24,2026-08-06 18:24:57,"ntc2_C",-3.29097691860511,972025
24,2026-08-06 18:24:57,"testSB_C",-2.84376800845848,951079
1,2026-08-06 21:24:57,"ntc1_C",-5.78564348429182,1070877
1,2026-08-06 21:24:57,"testSB_C",-5.80588708847034,1074199
2,2026-08-06 21:24:57,"ntc1_C",-5.80327756586382,1073329
2,2026-08-06 21:24:57,"ntc2_C",-5.77114519853501,1071655
2,2026-08-06 21:24:57,"testSB_C",-5.80739399884419,1075679
3,2026-08-06 21:24:57,"ntc1_C",-5.623878807305,1067375
3,2026-08-06 21:24:57,"ntc2_C",-5.61293440563969,1065796
3,2026-08-06 21:24:57,"testSB_C",-5.57185213622529,1063675
4,2026-08-06 21:24:57,"ntc1_C",-5.59926990015794,1065756
4,2026-08-06 21:24:57,"ntc2_C",-5.60878726547099,1063692
4,2026-08-06 21:24:57,"testSB_C",-5.57997797042162,1062639
5,2026-08-06 21:24:57,"ntc1_C",-5.61182175048793,1064108
5,2026-08-06 21:24:57,"ntc2_C",-5.63349790298372,1066498
5,2026-08-06 21:24:57,"testSB_C",-5.59821289387395,1065798
6,2026-08-06 21:24:57,"ntc1_C",-5.62861562804989,1065544
6,2026-08-06 21:24:57,"ntc2_C",-5.65090523803451,1067667
6,2026-08-06 21:24:57,"testSB_C",-5.61922329331679,1066583
7,2026-08-06 21:24:57,"ntc1_C",-5.58866663348209,1063653
7,2026-08-06 21:24:57,"ntc2_C",-5.66365420950137,1068719
7,2026-08-06 21:24:57,"testSB_C",-5.6351456905951,1067543
8,2026-08-06 21:24:57,"ntc1_C",-5.62045420942286,1068964
8,2026-08-06 21:24:57,"ntc2_C",-5.59598540645584,1063716
8,2026-08-06 21:24:57,"testSB_C",-5.64967081723108,1064166
9,2026-08-06 21:24:57,"ntc1_C",-5.6153744205119,1064284
9,2026-08-06 21:24:57,"ntc2_C",-5.62249268366531,1068212
9,2026-08-06 21:24:57,"testSB_C",-5.6308732827066,1066862
10,2026-08-06 21:24:57,"ntc1_C",-5.63276557972222,1067473
10,2026-08-06 21:24:57,"ntc2_C",-5.66183748769464,1066021
10,2026-08-06 21:24:57,"testSB_C",-5.64812199654926,1066196
11,2026-08-06 21:24:57,"ntc1_C",-5.64168861731463,1068090
11,2026-08-06 21:24:57,"ntc2_C",-5.64542505107272,1067806
11,2026-08-06 21:24:57,"testSB_C",-5.62151604699096,1065323
12,2026-08-06 21:24:57,"ntc1_C",-5.67539105354484,1068678
12,2026-08-06 21:24:57,"ntc2_C",-5.63597541978339,1066363
12,2026-08-06 21:24:57,"testSB_C",-5.64521497453649,1066572
13,2026-08-06 21:24:57,"ntc1_C",-5.66907165886323,1071468
13,2026-08-06 21:24:57,"ntc2_C",-5.64539508330171,1064992
13,2026-08-06 21:24:57,"testSB_C",-5.63135967179619,1066127
14,2026-08-06 21:24:57,"ntc1_C",-5.6255176176283,1064826
14,2026-08-06 21:24:57,"ntc2_C",-5.65542328491841,1068690
14,2026-08-06 21:24:57,"testSB_C",-5.64561708858122,1068116
15,2026-08-06 21:24:57,"ntc1_C",-5.65248773215319,1065169
15,2026-08-06 21:24:57,"ntc2_C",-5.64958560170726,1068678
15,2026-08-06 21:24:57,"testSB_C",-5.65688398136132,1069206
16,2026-08-06 21:24:57,"ntc1_C",-5.6471465658289,1066017
16,2026-08-06 21:24:57,"ntc2_C",-5.63666211860544,1064917
16,2026-08-06 21:24:57,"testSB_C",-5.65567242921406,1065686
17,2026-08-06 21:24:57,"ntc1_C",-5.64464795718732,1065826
17,2026-08-06 21:24:57,"ntc2_C",-5.64604248653427,1065445
17,2026-08-06 21:24:57,"testSB_C",-5.63797547721776,1068333
18,2026-08-06 21:24:57,"ntc1_C",-5.64328061116078,1069014
18,2026-08-06 21:24:57,"ntc2_C",-5.67530993091094,1067740
18,2026-08-06 21:24:57,"testSB_C",-5.6604141751256,1066278
19,2026-08-06 21:24:57,"ntc1_C",-5.64873612283213,1068907
19,2026-08-06 21:24:57,"ntc2_C",-5.68138528056483,1069203
19,2026-08-06 21:24:57,"testSB_C",-5.65816196572274,1069668
20,2026-08-06 21:24:57,"ntc1_C",-5.64216603396892,1066732
20,2026-08-06 21:24:57,"ntc2_C",-5.67926666590222,1070131
20,2026-08-06 21:24:57,"testSB_C",-5.62525757878888,1064509
21,2026-08-06 21:24:57,"ntc1_C",-5.63461406239003,1064506
21,2026-08-06 21:24:57,"ntc2_C",-5.67743868361953,1068878
21,2026-08-06 21:24:57,"testSB_C",-5.64428170273578,1067568
22,2026-08-06 21:24:57,"ntc1_C",-5.62743014720553,1067042
22,2026-08-06 21:24:57,"ntc2_C",-5.6487469447253,1069135
22,2026-08-06 21:24:57,"testSB_C",-5.63983290234319,1065759
23,2026-08-06 21:24:57,"ntc1_C",-5.65004949544749,1070188
23,2026-08-06 21:24:57,"ntc2_C",-5.65673103392731,1067819
23,2026-08-06 21:24:57,"testSB_C",-5.66514843985948,1066344
24,2026-08-06 21:24:57,"ntc1_C",-5.63480276541685,1067367
24,2026-08-06 21:24:57,"ntc2_C",-5.65474887955412,1069864
24,2026-08-06 21:24:57,"testSB_C",-5.62841156080003,1064760
1,2026-08-07 00:24:57,"ntc1_C",-8.04368136292499,1174012
1,2026-08-07 00:24:57,"testSB_C",-8.05846660689917,1177339
2,2026-08-07 00:24:57,"ntc1_C",-8.07215556238265,1177213
2,2026-08-07 00:24:57,"ntc2_C",-8.07713919608136,1177141
2,2026-08-07 00:24:57,"testSB_C",-8.08956003003675,1180307
3,2026-08-07 00:24:57,"ntc1_C",-8.09109080596556,1180097
3,2026-08-07 00:24:57,"ntc2_C",-8.09810678990868,1179263
3,2026-08-07 00:24:57,"testSB_C",-8.10130583928651,1178974
4,2026-08-07 00:24:57,"ntc1_C",-8.107684253706,1180319
4,2026-08-07 00:24:57,"ntc2_C",-8.11450988884104,1177875
4,2026-08-07 00:24:57,"testSB_C",-8.1290014413882,1178780
5,2026-08-07 00:24:57,"ntc1_C",-8.13420009076384,1179201
5,2026-08-07 00:24:57,"ntc2_C",-8.13656078673506,1180856
5,2026-08-07 00:24:57,"testSB_C",-8.147581371098,1182323
6,2026-08-07 00:24:57,"ntc1_C",-8.16247783207643,1181243
6,2026-08-07 00:24:57,"ntc2_C",-8.1671129355982,1182828
6,2026-08-07 00:24:57,"testSB_C",-8.18504407424206,1183973
7,2026-08-07 00:24:57,"ntc1_C",-8.18539600410804,1182260
7,2026-08-07 00:24:57,"ntc2_C",-8.19559567078198,1184765
7,2026-08-07 00:24:57,"testSB_C",-8.20531561652871,1185246
8,2026-08-07 00:24:57,"ntc1_C",-8.21344543836477,1187976
8,2026-08-07 00:24:57,"ntc2_C",-8.2243282938303,1183820
8,2026-08-07 00:24:57,"testSB_C",-8.2190411549231,1181483
9,2026-08-07 00:24:57,"ntc1_C",-8.22667776566266,1183603
9,2026-08-07 00:24:57,"ntc2_C",-8.2273784605037,1187749
9,2026-08-07 00:24:57,"testSB_C",-8.24101632757936,1186480
10,2026-08-07 00:24:57,"ntc1_C",-8.23922198440948,1186915
10,2026-08-07 00:24:57,"ntc2_C",-8.23985329208443,1183961
10,2026-08-07 00:24:57,"testSB_C",-8.23844939663485,1184769
11,2026-08-07 00:24:57,"ntc1_C",-8.24301731383025,1187338
11,2026-08-07 00:24:57,"ntc2_C",-8.24081549141766,1186767
11,2026-08-07 00:24:57,"testSB_C",-8.2435395692716,1185274
12,2026-08-07 00:24:57,"ntc1_C",-8.24654008172979,1186549
12,2026-08-07 00:24:57,"ntc2_C",-8.24883726729172,1185992
12,2026-08-07 00:24:57,"testSB_C",-8.25010128104583,1185872
13,2026-08-07 00:24:57,"ntc1_C",-8.25644256070376,1190459
13,2026-08-07 00:24:57,"ntc2_C",-8.25224978379322,1184244
13,2026-08-07 00:24:57,"testSB_C",-8.25527727211698,1186310
14,2026-08-07 00:24:57,"ntc1_C",-8.25987210360012,1185311
14,2026-08-07 00:24:57,"ntc2_C",-8.25467270096806,1187917
14,2026-08-07 00:24:57,"testSB_C",-8.26500156783885,1188283
15,2026-08-07 00:24:57,"ntc1_C",-8.2629265828441,1184523
15,2026-08-07 00:24:57,"ntc2_C",-8.26489290428799,1188737
15,2026-08-07 00:24:57,"testSB_C",-8.26801240999953,1189122
16,2026-08-07 00:24:57,"ntc1_C",-8.27410753630369,1186342
16,2026-08-07 00:24:57,"ntc2_C",-8.27520888984469,1185703
16,2026-08-07 00:24:57,"testSB_C",-8.27490585231732,1185635
17,2026-08-07 00:24:57,"ntc1_C",-8.28339860048135,1186699
17,2026-08-07 00:24:57,"ntc2_C",-8.28594553646235,1186285
17,2026-08-07 00:24:57,"testSB_C",-8.29505223625864,1190358
18,2026-08-07 00:24:57,"ntc1_C",-8.29967252513654,1191041
18,2026-08-07 00:24:57,"ntc2_C",-8.29664716581738,1187874
18,2026-08-07 00:24:57,"testSB_C",-8.30682532725791,1187609
19,2026-08-07 00:24:57,"ntc1_C",-8.30961680629144,1191198
19,2026-08-07 00:24:57,"ntc2_C",-8.30990518399977,1189977
19,2026-08-07 00:24:57,"testSB_C",-8.31350391026137,1191800
20,2026-08-07 00:24:57,"ntc1_C",-8.31982935166013,1189625
20,2026-08-07 00:24:57,"ntc2_C",-8.31533617889323,1191388
20,2026-08-07 00:24:57,"testSB_C",-8.3150042408642,1187696
21,2026-08-07 00:24:57,"ntc1_C",-8.32627842638925,1187674
21,2026-08-07 00:24:57,"ntc2_C",-8.32019689530858,1190285
21,2026-08-07 00:24:57,"testSB_C",-8.3205104940588,1190462
22,2026-08-07 00:24:57,"ntc1_C",-8.32389475934662,1190837
22,2026-08-07 00:24:57,"ntc2_C",-8.31551006601995,1191664
22,2026-08-07 00:24:57,"testSB_C",-8.32115025538343,1188666
23,2026-08-07 00:24:57,"ntc1_C",-8.32147862193966,1193107
23,2026-08-07 00:24:57,"ntc2_C",-8.32020381348167,1190101
23,2026-08-07 00:24:57,"testSB_C",-8.33852626642908,1188835
24,2026-08-07 00:24:57,"ntc1_C",-8.33551775681883,1191434
24,2026-08-07 00:24:57,"ntc2_C",-8.33135683412132,1193019
24,2026-08-07 00:24:57,"testSB_C",-8.33143365864015,1188577
1,2026-08-07 03:24:57,"ntc1_C",-14.9419053526805,1555826
1,2026-08-07 03:24:57,"testSB_C",-14.9617056101383,1560334
2,2026-08-07 03:24:57,"ntc1_C",-14.8263990862995,1550861
2,2026-08-07 03:24:57,"ntc2_C",-14.8175498188398,1549854
2,2026-08-07 03:24:57,"testSB_C",-14.7862829012653,1550814
3,2026-08-07 03:24:57,"ntc1_C",-14.8069252240011,1551955
3,2026-08-07 03:24:57,"ntc2_C",-14.7591741042406,1547581
3,2026-08-07 03:24:57,"testSB_C",-14.6952201446755,1542781
4,2026-08-07 03:24:57,"ntc1_C",-14.7369303461942,1546922
4,2026-08-07 03:24:57,"ntc2_C",-14.7113088993478,1541605
4,2026-08-07 03:24:57,"testSB_C",-14.6299691437067,1536765
5,2026-08-07 03:24:57,"ntc1_C",-14.6492495942939,1538414
5,2026-08-07 03:24:57,"ntc2_C",-14.6514967242157,1540348
5,2026-08-07 03:24:57,"testSB_C",-14.6496124286501,1541494
6,2026-08-07 03:24:57,"ntc1_C",-14.5986176593356,1535746
6,2026-08-07 03:24:57,"ntc2_C",-14.6498380187689,1540998
6,2026-08-07 03:24:57,"testSB_C",-14.5313016796849,1533794
7,2026-08-07 03:24:57,"ntc1_C",-14.5481710055514,1532818
7,2026-08-07 03:24:57,"ntc2_C",-14.5917636270661,1538138
7,2026-08-07 03:24:57,"testSB_C",-14.5078504799897,1532724
8,2026-08-07 03:24:57,"ntc1_C",-14.5033252617411,1535585
8,2026-08-07 03:24:57,"ntc2_C",-14.4721698970512,1527572
8,2026-08-07 03:24:57,"testSB_C",-14.5471957270023,1529566
9,2026-08-07 03:24:57,"ntc1_C",-14.4769012321379,1527347
9,2026-08-07 03:24:57,"ntc2_C",-14.4806069282749,1533119
9,2026-08-07 03:24:57,"testSB_C",-14.4538183389763,1528907
10,2026-08-07 03:24:57,"ntc1_C",-14.4550761400823,1529428
10,2026-08-07 03:24:57,"ntc2_C",-14.5115433076332,1529228
10,2026-08-07 03:24:57,"testSB_C",-14.4776993105258,1528307
11,2026-08-07 03:24:57,"ntc1_C",-14.4267167600042,1527938
11,2026-08-07 03:24:57,"ntc2_C",-14.4645515444403,1529802
11,2026-08-07 03:24:57,"testSB_C",-14.4020429612447,1523792
12,2026-08-07 03:24:57,"ntc1_C",-14.489588069653,1530648
12,2026-08-07 03:24:57,"ntc2_C",-14.4242380650785,1525733
12,2026-08-07 03:24:57,"testSB_C",-14.3838448171315,1523103
13,2026-08-07 03:24:57,"ntc1_C",-14.4214334349825,1530845
13,2026-08-07 03:24:57,"ntc2_C",-14.4084463955201,1522495
13,2026-08-07 03:24:57,"testSB_C",-14.3818213810582,1523222
14,2026-08-07 03:24:57,"ntc1_C",-14.3911091904807,1522095
14,2026-08-07 03:24:57,"ntc2_C",-14.3787964945018,1524971
14,2026-08-07 03:24:57,"testSB_C",-14.3490296349277,1523036
15,2026-08-07 03:24:57,"ntc1_C",-14.3596146441186,1518900
15,2026-08-07 03:24:57,"ntc2_C",-14.3923511998953,1526422
15,2026-08-07 03:24:57,"testSB_C",-14.3636428333778,1524905
16,2026-08-07 03:24:57,"ntc1_C",-14.2744385730608,1515479
16,2026-08-07 03:24:57,"ntc2_C",-14.3028276369991,1516438
16,2026-08-07 03:24:57,"testSB_C",-14.3162802663159,1517221
17,2026-08-07 03:24:57,"ntc1_C",-14.282707923017,1515853
17,2026-08-07 03:24:57,"ntc2_C",-14.3068153174814,1516520
17,2026-08-07 03:24:57,"testSB_C",-14.2357368127446,1516808
18,2026-08-07 03:24:57,"ntc1_C",-14.2729735818608,1519575
18,2026-08-07 03:24:57,"ntc2_C",-14.286141896038,1516407
18,2026-08-07 03:24:57,"testSB_C",-14.2615834930606,1514363
19,2026-08-07 03:24:57,"ntc1_C",-14.2342979822696,1516948
19,2026-08-07 03:24:57,"ntc2_C",-14.2657479629555,1517365
19,2026-08-07 03:24:57,"testSB_C",-14.245221154471,1518214
20,2026-08-07 03:24:57,"ntc1_C",-14.2404822953985,1514814
20,2026-08-07 03:24:57,"ntc2_C",-14.2919511952575,1520482
20,2026-08-07 03:24:57,"testSB_C",-14.203319072914,1510297
21,2026-08-07 03:24:57,"ntc1_C",-14.2353289343793,1511249
21,2026-08-07 03:24:57,"ntc2_C",-14.2527199988357,1516264
21,2026-08-07 03:24:57,"testSB_C",-14.1794381582602,1511998
22,2026-08-07 03:24:57,"ntc1_C",-14.1709960421053,1511723
22,2026-08-07 03:24:57,"ntc2_C",-14.2001290758887,1514916
22,2026-08-07 03:24:57,"testSB_C",-14.1709643603515,1509152
23,2026-08-07 03:24:57,"ntc1_C",-14.1577854540984,1513813
23,2026-08-07 03:24:57,"ntc2_C",-14.199611352301,1512762
23,2026-08-07 03:24:57,"testSB_C",-14.1728338044945,1508043
24,2026-08-07 03:24:57,"ntc1_C",-14.1331256763277,1509469
24,2026-08-07 03:24:57,"ntc2_C",-14.11953974638,1510810
24,2026-08-07 03:24:57,"testSB_C",-14.1069152855823,1504375
1,2026-08-07 06:24:57,"ntc1_C",-14.3989851375212,1521746
1,2026-08-07 06:24:57,"testSB_C",-14.0366515361668,1502569
2,2026-08-07 06:24:57,"ntc1_C",-14.3255952684489,1519502
2,2026-08-07 06:24:57,"ntc2_C",-14.1125543038179,1505920
2,2026-08-07 06:24:57,"testSB_C",-14.2395841156606,1516651
3,2026-08-07 06:24:57,"ntc1_C",-12.6036962980045,1418587
3,2026-08-07 06:24:57,"ntc2_C",-12.6511782189917,1420040
3,2026-08-07 06:24:57,"testSB_C",-12.8755296701277,1432435
4,2026-08-07 06:24:57,"ntc1_C",-13.307248993495,1459287
4,2026-08-07 06:24:57,"ntc2_C",-12.6096406569374,1414944
4,2026-08-07 06:24:57,"testSB_C",-13.224466315437,1451144
5,2026-08-07 06:24:57,"ntc1_C",-13.098190655066,1444053
5,2026-08-07 06:24:57,"ntc2_C",-13.5032377905164,1469876
5,2026-08-07 06:24:57,"testSB_C",-12.739669698837,1425947
6,2026-08-07 06:24:57,"ntc1_C",-12.4471460132577,1406759
6,2026-08-07 06:24:57,"ntc2_C",-12.9390066341325,1437108
6,2026-08-07 06:24:57,"testSB_C",-13.6073446594134,1477080
7,2026-08-07 06:24:57,"ntc1_C",-12.8498301626726,1430179
7,2026-08-07 06:24:57,"ntc2_C",-12.5302484531246,1414032
7,2026-08-07 06:24:57,"testSB_C",-13.6723818043329,1481382
8,2026-08-07 06:24:57,"ntc1_C",-12.7392744856072,1428946
8,2026-08-07 06:24:57,"ntc2_C",-12.8901306495495,1432085
8,2026-08-07 06:24:57,"testSB_C",-12.352200920809,1398521
9,2026-08-07 06:24:57,"ntc1_C",-13.3315424236746,1457638
9,2026-08-07 06:24:57,"ntc2_C",-12.5130610016845,1414812
9,2026-08-07 06:24:57,"testSB_C",-12.7159912253598,1424230
10,2026-08-07 06:24:57,"ntc1_C",-12.7029003075571,1423944
10,2026-08-07 06:24:57,"ntc2_C",-11.9351478421451,1376620
10,2026-08-07 06:24:57,"testSB_C",-12.9654084775594,1436848
11,2026-08-07 06:24:57,"ntc1_C",-13.0973399345547,1447310
11,2026-08-07 06:24:57,"ntc2_C",-12.8461870774079,1432068
11,2026-08-07 06:24:57,"testSB_C",-12.976660327356,1437720
12,2026-08-07 06:24:57,"ntc1_C",-12.318986450125,1400957
12,2026-08-07 06:24:57,"ntc2_C",-12.314872941168,1399943
12,2026-08-07 06:24:57,"testSB_C",-12.8216033928727,1429049
13,2026-08-07 06:24:57,"ntc1_C",-12.1061323615855,1392881
13,2026-08-07 06:24:57,"ntc2_C",-11.9212097862048,1375520
13,2026-08-07 06:24:57,"testSB_C",-12.3033134826631,1399364
14,2026-08-07 06:24:57,"ntc1_C",-12.5420497054182,1411520
14,2026-08-07 06:24:57,"ntc2_C",-12.1902608582682,1394747
14,2026-08-07 06:24:57,"testSB_C",-12.0953829314944,1389253
15,2026-08-07 06:24:57,"ntc1_C",-12.6765826652224,1418139
15,2026-08-07 06:24:57,"ntc2_C",-12.430329507079,1408978
15,2026-08-07 06:24:57,"testSB_C",-13.0223729270357,1443706
16,2026-08-07 06:24:57,"ntc1_C",-11.4768581967752,1351956
16,2026-08-07 06:24:57,"ntc2_C",-12.2616291762054,1395208
16,2026-08-07 06:24:57,"testSB_C",-12.3473834674045,1400051
17,2026-08-07 06:24:57,"ntc1_C",-12.0955813708559,1386422
17,2026-08-07 06:24:57,"ntc2_C",-12.3918140176425,1402567
17,2026-08-07 06:24:57,"testSB_C",-11.7393331923619,1369927
18,2026-08-07 06:24:57,"ntc1_C",-11.4254179276795,1352952
18,2026-08-07 06:24:57,"ntc2_C",-12.2366153919408,1394848
18,2026-08-07 06:24:57,"testSB_C",-12.4483119628417,1406329
19,2026-08-07 06:24:57,"ntc1_C",-11.3748578029198,1349876
19,2026-08-07 06:24:57,"ntc2_C",-11.8348202435916,1374057
19,2026-08-07 06:24:57,"testSB_C",-11.9871085299113,1384552
20,2026-08-07 06:24:57,"ntc1_C",-12.3828775248573,1404206
20,2026-08-07 06:24:57,"ntc2_C",-10.9906243196214,1328803
20,2026-08-07 06:24:57,"testSB_C",-12.0967534035259,1385877
21,2026-08-07 06:24:57,"ntc1_C",-12.0589386334344,1382902
21,2026-08-07 06:24:57,"ntc2_C",-11.5631892173931,1358660
21,2026-08-07 06:24:57,"testSB_C",-12.6814823984333,1422343
22,2026-08-07 06:24:57,"ntc1_C",-11.8384687252342,1374456
22,2026-08-07 06:24:57,"ntc2_C",-11.6765333333562,1366724
22,2026-08-07 06:24:57,"testSB_C",-11.3769028374498,1346496
23,2026-08-07 06:24:57,"ntc1_C",-12.2632017080511,1401226
23,2026-08-07 06:24:57,"ntc2_C",-11.9042292387995,1377495
23,2026-08-07 06:24:57,"testSB_C",-10.8998189601323,1319652
24,2026-08-07 06:24:57,"ntc1_C",-11.1754634289234,1337813
24,2026-08-07 06:24:57,"ntc2_C",-11.312352088924,1347289
24,2026-08-07 06:24:57,"testSB_C",-10.6947441205817,1308841
1,2026-08-07 09:24:57,"ntc1_C",-10.9260337506213,1320558
1,2026-08-07 09:24:57,"testSB_C",-9.73641055411906,1260711
2,2026-08-07 09:24:57,"ntc1_C",-10.5018360190222,1299891
2,2026-08-07 09:24:57,"ntc2_C",-9.6315990351876,1254188
2,2026-08-07 09:24:57,"testSB_C",-10.6315678145413,1309146
3,2026-08-07 09:24:57,"ntc1_C",-9.17706918667318,1233506
3,2026-08-07 09:24:57,"ntc2_C",-9.64290993945906,1255949
3,2026-08-07 09:24:57,"testSB_C",-7.0447686005582,1129328
4,2026-08-07 09:24:57,"ntc1_C",-8.16737568611018,1183194
4,2026-08-07 09:24:57,"ntc2_C",-7.25015224555835,1137129
4,2026-08-07 09:24:57,"testSB_C",-8.47119009587192,1195333
5,2026-08-07 09:24:57,"ntc1_C",-7.19307878978617,1134833
5,2026-08-07 09:24:57,"ntc2_C",-9.13790775577837,1230053
5,2026-08-07 09:24:57,"testSB_C",-9.15115462720263,1231700
6,2026-08-07 09:24:57,"ntc1_C",-7.32406101496474,1141597
6,2026-08-07 09:24:57,"ntc2_C",-7.45201175702135,1148859
6,2026-08-07 09:24:57,"testSB_C",-9.36479468068217,1242305
7,2026-08-07 09:24:57,"ntc1_C",-7.49687747498729,1149547
7,2026-08-07 09:24:57,"ntc2_C",-7.34278270895567,1144299
7,2026-08-07 09:24:57,"testSB_C",-9.40325195859845,1244564
8,2026-08-07 09:24:57,"ntc1_C",-7.17956405644543,1138972
8,2026-08-07 09:24:57,"ntc2_C",-8.25794246053664,1185443
8,2026-08-07 09:24:57,"testSB_C",-5.66813931407194,1064965
9,2026-08-07 09:24:57,"ntc1_C",-9.13420581604953,1228208
9,2026-08-07 09:24:57,"ntc2_C",-6.99410379440508,1129530
9,2026-08-07 09:24:57,"testSB_C",-9.55132303229306,1251617
10,2026-08-07 09:24:57,"ntc1_C",-7.33685439205971,1144084
10,2026-08-07 09:24:57,"ntc2_C",-4.56948658991558,1019768
10,2026-08-07 09:24:57,"testSB_C",-10.023240383204,1274237
11,2026-08-07 09:24:57,"ntc1_C",-10.161346544942,1283924
11,2026-08-07 09:24:57,"ntc2_C",-7.82369596902146,1166768
11,2026-08-07 09:24:57,"testSB_C",-8.69780436125745,1207422
12,2026-08-07 09:24:57,"ntc1_C",-7.36432625005148,1144671
12,2026-08-07 09:24:57,"ntc2_C",-6.44013750998926,1101799
12,2026-08-07 09:24:57,"testSB_C",-8.21104890571792,1183986
13,2026-08-07 09:24:57,"ntc1_C",-5.81842264328787,1077992
13,2026-08-07 09:24:57,"ntc2_C",-9.23291068559689,1232567
13,2026-08-07 09:24:57,"testSB_C",-7.06400508370666,1130111
14,2026-08-07 09:24:57,"ntc1_C",-9.68017484212032,1255965
14,2026-08-07 09:24:57,"ntc2_C",-6.83452549694141,1121174
14,2026-08-07 09:24:57,"testSB_C",-7.17405996374919,1136633
15,2026-08-07 09:24:57,"ntc1_C",-8.55196494415975,1198555
15,2026-08-07 09:24:57,"ntc2_C",-7.53085698736527,1153706
15,2026-08-07 09:24:57,"testSB_C",-8.75950610905295,1213190
16,2026-08-07 09:24:57,"ntc1_C",-9.63500886666077,1254049
16,2026-08-07 09:24:57,"ntc2_C",-6.85511156647362,1119041
16,2026-08-07 09:24:57,"testSB_C",-6.68321923560768,1111183
17,2026-08-07 09:24:57,"ntc1_C",-6.66377689124323,1110936
17,2026-08-07 09:24:57,"ntc2_C",-4.86556540216822,1032203
17,2026-08-07 09:24:57,"testSB_C",-10.5647347497994,1305809
18,2026-08-07 09:24:57,"ntc1_C",-10.1179289978789,1282681
18,2026-08-07 09:24:57,"ntc2_C",-9.33238058152153,1239072
18,2026-08-07 09:24:57,"testSB_C",-4.9682341129564,1036701
19,2026-08-07 09:24:57,"ntc1_C",-10.3627144344622,1295249
19,2026-08-07 09:24:57,"ntc2_C",-10.006252639242,1275232
19,2026-08-07 09:24:57,"testSB_C",-9.95637068568311,1274406
20,2026-08-07 09:24:57,"ntc1_C",-7.88274365407017,1168615
20,2026-08-07 09:24:57,"ntc2_C",-9.32245083548196,1241344
20,2026-08-07 09:24:57,"testSB_C",-9.78843201566281,1261260
21,2026-08-07 09:24:57,"ntc1_C",-9.67440972289785,1254747
21,2026-08-07 09:24:57,"ntc2_C",-6.51289755313496,1105819
21,2026-08-07 09:24:57,"testSB_C",-8.29207920410732,1189083
22,2026-08-07 09:24:57,"ntc1_C",-6.95901724508781,1126432
22,2026-08-07 09:24:57,"ntc2_C",-4.55686057550741,1022787
22,2026-08-07 09:24:57,"testSB_C",-10.3434915053598,1290879
23,2026-08-07 09:24:57,"ntc1_C",-9.85285158119399,1269978
23,2026-08-07 09:24:57,"ntc2_C",-9.25622262480675,1236400
23,2026-08-07 09:24:57,"testSB_C",-10.0941939535676,1277007
24,2026-08-07 09:24:57,"ntc1_C",-9.7704041956186,1263248
24,2026-08-07 09:24:57,"ntc2_C",-5.65870410148176,1070036
24,2026-08-07 09:24:57,"testSB_C",-10.1072184942724,1277838
1,2026-08-07 12:24:57,"ntc1_C",-5.1491214586938,1043526
1,2026-08-07 12:24:57,"testSB_C",-5.13048763435842,1045125
2,2026-08-07 12:24:57,"ntc1_C",-5.21074818151925,1047787
2,2026-08-07 12:24:57,"ntc2_C",-5.16073130988366,1045397
2,2026-08-07 12:24:57,"testSB_C",-4.88038814058694,1035954
3,2026-08-07 12:24:57,"ntc1_C",-3.18554014592513,966869
3,2026-08-07 12:24:57,"ntc2_C",-3.60670468462592,982447
3,2026-08-07 12:24:57,"testSB_C",-3.98492894008655,997340
4,2026-08-07 12:24:57,"ntc1_C",-3.58725413336083,982194
4,2026-08-07 12:24:57,"ntc2_C",-3.57904970790696,979610
4,2026-08-07 12:24:57,"testSB_C",-4.05536438566378,998882
5,2026-08-07 12:24:57,"ntc1_C",-4.19182339312113,1004478
5,2026-08-07 12:24:57,"ntc2_C",-3.86964634852319,992830
5,2026-08-07 12:24:57,"testSB_C",-3.87671804337714,993875
6,2026-08-07 12:24:57,"ntc1_C",-4.18918494059528,1005088
6,2026-08-07 12:24:57,"ntc2_C",-3.81698165182877,991070
6,2026-08-07 12:24:57,"testSB_C",-4.12607351994995,1003861
7,2026-08-07 12:24:57,"ntc1_C",-3.94324249876945,994919
7,2026-08-07 12:24:57,"ntc2_C",-3.5516880860983,980924
7,2026-08-07 12:24:57,"testSB_C",-3.90278564092307,995073
8,2026-08-07 12:24:57,"ntc1_C",-4.09777239656864,1004877
8,2026-08-07 12:24:57,"ntc2_C",-4.0111245215665,997445
8,2026-08-07 12:24:57,"testSB_C",-3.48390390024139,974650
9,2026-08-07 12:24:57,"ntc1_C",-4.10775546165007,1001120
9,2026-08-07 12:24:57,"ntc2_C",-3.65886449206005,986361
9,2026-08-07 12:24:57,"testSB_C",-4.05922495705181,1000909
10,2026-08-07 12:24:57,"ntc1_C",-3.98272405086715,998336
10,2026-08-07 12:24:57,"ntc2_C",-3.57648349809028,979530
10,2026-08-07 12:24:57,"testSB_C",-4.01916709632775,997967
11,2026-08-07 12:24:57,"ntc1_C",-4.20862854355062,1007745
11,2026-08-07 12:24:57,"ntc2_C",-3.67911965382018,985923
11,2026-08-07 12:24:57,"testSB_C",-3.96726975624154,996160
12,2026-08-07 12:24:57,"ntc1_C",-3.5182538845163,979136
12,2026-08-07 12:24:57,"ntc2_C",-3.64004666408846,983417
12,2026-08-07 12:24:57,"testSB_C",-4.12892131115433,1002899
13,2026-08-07 12:24:57,"ntc1_C",-3.90740305815433,997526
13,2026-08-07 12:24:57,"ntc2_C",-3.43873755255026,973759
13,2026-08-07 12:24:57,"testSB_C",-3.7562625813336,987993
14,2026-08-07 12:24:57,"ntc1_C",-3.74282595230977,986519
14,2026-08-07 12:24:57,"ntc2_C",-3.46214935203841,977715
14,2026-08-07 12:24:57,"testSB_C",-3.78264326524419,990335
15,2026-08-07 12:24:57,"ntc1_C",-3.86241607139874,990556
15,2026-08-07 12:24:57,"ntc2_C",-3.52134632096607,980248
15,2026-08-07 12:24:57,"testSB_C",-3.50463770339906,979775
16,2026-08-07 12:24:57,"ntc1_C",-4.03830550084837,998610
16,2026-08-07 12:24:57,"ntc2_C",-3.70320307445206,984524
16,2026-08-07 12:24:57,"testSB_C",-3.88297845695928,991671
17,2026-08-07 12:24:57,"ntc1_C",-3.72564794904258,985953
17,2026-08-07 12:24:57,"ntc2_C",-3.73880565065218,986097
17,2026-08-07 12:24:57,"testSB_C",-4.01179691253742,1000083
18,2026-08-07 12:24:57,"ntc1_C",-3.78287669080538,991288
18,2026-08-07 12:24:57,"ntc2_C",-3.76957782114073,988322
18,2026-08-07 12:24:57,"testSB_C",-3.89716058070752,992599
19,2026-08-07 12:24:57,"ntc1_C",-3.89715861982285,995539
19,2026-08-07 12:24:57,"ntc2_C",-3.861707703403,993057
19,2026-08-07 12:24:57,"testSB_C",-3.71548153550657,988547
20,2026-08-07 12:24:57,"ntc1_C",-3.8017412523019,989921
20,2026-08-07 12:24:57,"ntc2_C",-3.44038941336589,977166
20,2026-08-07 12:24:57,"testSB_C",-3.50032819074977,976558
21,2026-08-07 12:24:57,"ntc1_C",-3.80845484830508,988514
21,2026-08-07 12:24:57,"ntc2_C",-3.50270483723057,978586
21,2026-08-07 12:24:57,"testSB_C",-4.05342102745249,1000789
22,2026-08-07 12:24:57,"ntc1_C",-3.85150060573045,992833
22,2026-08-07 12:24:57,"ntc2_C",-3.25957407200161,970422
22,2026-08-07 12:24:57,"testSB_C",-4.04293578772882,998868
23,2026-08-07 12:24:57,"ntc1_C",-3.87656738024731,995864
23,2026-08-07 12:24:57,"ntc2_C",-3.4124428853504,974878
23,2026-08-07 12:24:57,"testSB_C",-3.88304934985257,991990
24,2026-08-07 12:24:57,"ntc1_C",-3.76943851647354,989520
24,2026-08-07 12:24:57,"ntc2_C",-3.65715927782725,986551
24,2026-08-07 12:24:57,"testSB_C",-4.64958001828671,1023271
1,2026-08-07 15:24:57,"ntc1_C",-2.44158269021261,935054
1,2026-08-07 15:24:57,"testSB_C",-2.18326428099471,927516
2,2026-08-07 15:24:57,"ntc1_C",-2.21798608621634,928094
2,2026-08-07 15:24:57,"ntc2_C",-1.6474924693722,906735
2,2026-08-07 15:24:57,"testSB_C",-1.93931824577675,919717
3,2026-08-07 15:24:57,"ntc1_C",-1.47190235219836,902177
3,2026-08-07 15:24:57,"ntc2_C",-1.18890456962578,890946
3,2026-08-07 15:24:57,"testSB_C",-0.770986595136719,875874
4,2026-08-07 15:24:57,"ntc1_C",-1.16410990882974,890544
4,2026-08-07 15:24:57,"ntc2_C",-1.19104080627056,889489
4,2026-08-07 15:24:57,"testSB_C",-0.773976052935268,874827
5,2026-08-07 15:24:57,"ntc1_C",-0.954799472092986,881204
5,2026-08-07 15:24:57,"ntc2_C",-1.10050631023347,887699
5,2026-08-07 15:24:57,"testSB_C",-0.650522172066132,872397
6,2026-08-07 15:24:57,"ntc1_C",-1.11590510389749,887669
6,2026-08-07 15:24:57,"ntc2_C",-1.13560794951701,889236
6,2026-08-07 15:24:57,"testSB_C",-0.686584469823401,873575
7,2026-08-07 15:24:57,"ntc1_C",-0.76858183576087,875081
7,2026-08-07 15:24:57,"ntc2_C",-1.30623488113474,895786
7,2026-08-07 15:24:57,"testSB_C",-0.958683940329081,883447
8,2026-08-07 15:24:57,"ntc1_C",-0.983528337076052,885968
8,2026-08-07 15:24:57,"ntc2_C",-0.704127219092186,872670
8,2026-08-07 15:24:57,"testSB_C",-1.22199271378395,889511
9,2026-08-07 15:24:57,"ntc1_C",-0.862078043014833,878056
9,2026-08-07 15:24:57,"ntc2_C",-0.770427476583507,877665
9,2026-08-07 15:24:57,"testSB_C",-0.95162357914063,882718
10,2026-08-07 15:24:57,"ntc1_C",-0.84304860569523,879376
10,2026-08-07 15:24:57,"ntc2_C",-1.10956378574758,886586
10,2026-08-07 15:24:57,"testSB_C",-0.969261213905213,882186
11,2026-08-07 15:24:57,"ntc1_C",-0.948963683504019,883350
11,2026-08-07 15:24:57,"ntc2_C",-0.904576405737373,881365
11,2026-08-07 15:24:57,"testSB_C",-0.919485034335878,880727
12,2026-08-07 15:24:57,"ntc1_C",-1.35478278264981,897160
12,2026-08-07 15:24:57,"ntc2_C",-0.988441730025158,883501
12,2026-08-07 15:24:57,"testSB_C",-1.11558795253444,887846
13,2026-08-07 15:24:57,"ntc1_C",-1.1940627803354,893866
13,2026-08-07 15:24:57,"ntc2_C",-0.790573014410654,874931
13,2026-08-07 15:24:57,"testSB_C",-0.827126358027499,877670
14,2026-08-07 15:24:57,"ntc1_C",-0.757038946721991,874416
14,2026-08-07 15:24:57,"ntc2_C",-0.898027330385844,881507
14,2026-08-07 15:24:57,"testSB_C",-0.993561302599346,884747
15,2026-08-07 15:24:57,"ntc1_C",-0.910756215854462,879198
15,2026-08-07 15:24:57,"ntc2_C",-1.08072157220948,888157
15,2026-08-07 15:24:57,"testSB_C",-1.17529037298652,891718
16,2026-08-07 15:24:57,"ntc1_C",-1.11253559277282,887168
16,2026-08-07 15:24:57,"ntc2_C",-0.638329260549483,869813
16,2026-08-07 15:24:57,"testSB_C",-0.880430066716826,878287
17,2026-08-07 15:24:57,"ntc1_C",-0.65515627238409,870882
17,2026-08-07 15:24:57,"ntc2_C",-0.835005908333073,876912
17,2026-08-07 15:24:57,"testSB_C",-0.758092464516665,876814
18,2026-08-07 15:24:57,"ntc1_C",-0.760897092138009,877341
18,2026-08-07 15:24:57,"ntc2_C",-1.14804220909389,888998
18,2026-08-07 15:24:57,"testSB_C",-0.975388717640499,881966
19,2026-08-07 15:24:57,"ntc1_C",-0.842183347080152,879867
19,2026-08-07 15:24:57,"ntc2_C",-1.07392478573024,887175
19,2026-08-07 15:24:57,"testSB_C",-0.830209903319769,879707
20,2026-08-07 15:24:57,"ntc1_C",-0.744769460868099,874821
20,2026-08-07 15:24:57,"ntc2_C",-1.13774153197176,890293
20,2026-08-07 15:24:57,"testSB_C",-0.628077208310799,869558
21,2026-08-07 15:24:57,"ntc1_C",-0.738785230894848,873264
21,2026-08-07 15:24:57,"ntc2_C",-1.25178373938729,893464
21,2026-08-07 15:24:57,"testSB_C",-0.90857563730907,881275
22,2026-08-07 15:24:57,"ntc1_C",-0.746936104069675,875760
22,2026-08-07 15:24:57,"ntc2_C",-0.896035142334142,882101
22,2026-08-07 15:24:57,"testSB_C",-1.26107792007599,892597
23,2026-08-07 15:24:57,"ntc1_C",-1.38301751966446,900336
23,2026-08-07 15:24:57,"ntc2_C",-1.03509575561776,885580
23,2026-08-07 15:24:57,"testSB_C",-1.10233155176252,886588
24,2026-08-07 15:24:57,"ntc1_C",-0.813875202340796,878070
24,2026-08-07 15:24:57,"ntc2_C",-1.17409677129075,892321
24,2026-08-07 15:24:57,"testSB_C",-0.964961444738663,881598
1,2026-08-07 18:24:57,"ntc1_C",-3.5007205294491,976014
1,2026-08-07 18:24:57,"testSB_C",-3.50473654477389,978442
2,2026-08-07 18:24:57,"ntc1_C",-3.41265275799663,974067
2,2026-08-07 18:24:57,"ntc2_C",-2.92686446853031,954862
2,2026-08-07 18:24:57,"testSB_C",-3.45076391298886,977649
3,2026-08-07 18:24:57,"ntc1_C",-2.73056203992388,949233
3,2026-08-07 18:24:57,"ntc2_C",-2.49014700345288,939026
3,2026-08-07 18:24:57,"testSB_C",-2.1491552818477,925943
4,2026-08-07 18:24:57,"ntc1_C",-2.61034950985817,944110
4,2026-08-07 18:24:57,"ntc2_C",-2.6239063128657,942467
4,2026-08-07 18:24:57,"testSB_C",-2.1784597553326,925822
5,2026-08-07 18:24:57,"ntc1_C",-2.27039816365044,929276
5,2026-08-07 18:24:57,"ntc2_C",-2.57532355511415,942155
5,2026-08-07 18:24:57,"testSB_C",-2.20636512156773,928910
6,2026-08-07 18:24:57,"ntc1_C",-2.35715048554977,933263
6,2026-08-07 18:24:57,"ntc2_C",-2.59947648412356,943396
6,2026-08-07 18:24:57,"testSB_C",-2.14382229610351,926468
7,2026-08-07 18:24:57,"ntc1_C",-2.07345758206412,922395
7,2026-08-07 18:24:57,"ntc2_C",-2.69817370076328,947605
7,2026-08-07 18:24:57,"testSB_C",-2.18483550147101,928252
8,2026-08-07 18:24:57,"ntc1_C",-2.21227212302625,931020
8,2026-08-07 18:24:57,"ntc2_C",-2.00245103756868,919582
8,2026-08-07 18:24:57,"testSB_C",-2.46953559443443,935458
9,2026-08-07 18:24:57,"ntc1_C",-2.03662096851696,920649
9,2026-08-07 18:24:57,"ntc2_C",-2.15212137002885,928001
9,2026-08-07 18:24:57,"testSB_C",-2.09249341294355,924311
10,2026-08-07 18:24:57,"ntc1_C",-2.00296377618821,921493
10,2026-08-07 18:24:57,"ntc2_C",-2.4774576091142,936921
10,2026-08-07 18:24:57,"testSB_C",-2.02201613986517,920472
11,2026-08-07 18:24:57,"ntc1_C",-2.0101521760065,921978
11,2026-08-07 18:24:57,"ntc2_C",-2.26025263225705,930919
11,2026-08-07 18:24:57,"testSB_C",-2.03320780410161,921191
12,2026-08-07 18:24:57,"ntc1_C",-2.63391109525617,944718
12,2026-08-07 18:24:57,"ntc2_C",-2.26301939205746,930130
12,2026-08-07 18:24:57,"testSB_C",-2.2728347271829,930304
13,2026-08-07 18:24:57,"ntc1_C",-2.19771401851216,930830
13,2026-08-07 18:24:57,"ntc2_C",-2.16095534749951,924688
13,2026-08-07 18:24:57,"testSB_C",-2.00715684792408,920476
14,2026-08-07 18:24:57,"ntc1_C",-1.82951660998543,913062
14,2026-08-07 18:24:57,"ntc2_C",-2.20553642049288,929261
14,2026-08-07 18:24:57,"testSB_C",-2.05491396221686,923465
15,2026-08-07 18:24:57,"ntc1_C",-2.03492260229166,919978
15,2026-08-07 18:24:57,"ntc2_C",-2.24818698124039,931022
15,2026-08-07 18:24:57,"testSB_C",-2.42179524868118,937759
16,2026-08-07 18:24:57,"ntc1_C",-2.03445739151107,920806
16,2026-08-07 18:24:57,"ntc2_C",-1.88088450574628,914531
16,2026-08-07 18:24:57,"testSB_C",-1.94011123413469,916667
17,2026-08-07 18:24:57,"ntc1_C",-1.80777473136561,912334
17,2026-08-07 18:24:57,"ntc2_C",-1.9565632964414,917501
17,2026-08-07 18:24:57,"testSB_C",-1.79658856910083,914330
18,2026-08-07 18:24:57,"ntc1_C",-1.84367259307385,916504
18,2026-08-07 18:24:57,"ntc2_C",-2.34028459301658,932807
18,2026-08-07 18:24:57,"testSB_C",-1.99422673117783,919000
19,2026-08-07 18:24:57,"ntc1_C",-1.85738406257389,916659
19,2026-08-07 18:24:57,"ntc2_C",-2.18565391770852,927908
19,2026-08-07 18:24:57,"testSB_C",-1.99878502328488,922193
20,2026-08-07 18:24:57,"ntc1_C",-1.67069255307672,908124
20,2026-08-07 18:24:57,"ntc2_C",-2.34406966850992,934748
20,2026-08-07 18:24:57,"testSB_C",-1.67941457311997,907221
21,2026-08-07 18:24:57,"ntc1_C",-1.68066971066975,907048
21,2026-08-07 18:24:57,"ntc2_C",-2.36471507087856,934538
21,2026-08-07 18:24:57,"testSB_C",-1.83181316910049,914726
22,2026-08-07 18:24:57,"ntc1_C",-1.56061294594201,904970
22,2026-08-07 18:24:57,"ntc2_C",-1.99821607687403,922188
22,2026-08-07 18:24:57,"testSB_C",-1.9530598061956,917873
23,2026-08-07 18:24:57,"ntc1_C",-2.08681907228777,926286
23,2026-08-07 18:24:57,"ntc2_C",-1.98969721190167,920360
23,2026-08-07 18:24:57,"testSB_C",-1.98128506405197,918573
24,2026-08-07 18:24:57,"ntc1_C",-1.64437785204098,907991
24,2026-08-07 18:24:57,"ntc2_C",-2.08178300954734,925624
24,2026-08-07 18:24:57,"testSB_C",-1.72797634261315,909150
1,2026-08-07 21:24:57,"ntc1_C",-8.16729750049848,1179944
1,2026-08-07 21:24:57,"testSB_C",-8.14547828576764,1181521
2,2026-08-07 21:24:57,"ntc1_C",-7.92848820346632,1170339
2,2026-08-07 21:24:57,"ntc2_C",-7.61082204059898,1154982
2,2026-08-07 21:24:57,"testSB_C",-7.97688048348215,1174904
3,2026-08-07 21:24:57,"ntc1_C",-6.92169836907055,1125220
3,2026-08-07 21:24:57,"ntc2_C",-6.82394509827014,1119616
3,2026-08-07 21:24:57,"testSB_C",-6.47190109959826,1103311
4,2026-08-07 21:24:57,"ntc1_C",-6.85974614430887,1121822
4,2026-08-07 21:24:57,"ntc2_C",-6.88009990401531,1120129
4,2026-08-07 21:24:57,"testSB_C",-6.43625085528726,1100280
5,2026-08-07 21:24:57,"ntc1_C",-6.55614393176972,1105780
5,2026-08-07 21:24:57,"ntc2_C",-6.76868974113677,1116881
5,2026-08-07 21:24:57,"testSB_C",-6.50647909023195,1105895
6,2026-08-07 21:24:57,"ntc1_C",-6.58021579818154,1107565
6,2026-08-07 21:24:57,"ntc2_C",-6.81420657193644,1119405
6,2026-08-07 21:24:57,"testSB_C",-6.48935504475867,1104990
7,2026-08-07 21:24:57,"ntc1_C",-6.3551782846535,1097333
7,2026-08-07 21:24:57,"ntc2_C",-6.93308503421497,1125365
7,2026-08-07 21:24:57,"testSB_C",-6.39746812209808,1101144
8,2026-08-07 21:24:57,"ntc1_C",-6.44701712998841,1105509
8,2026-08-07 21:24:57,"ntc2_C",-6.29636506088929,1094440
8,2026-08-07 21:24:57,"testSB_C",-6.72989935505638,1111957
9,2026-08-07 21:24:57,"ntc1_C",-6.3553599087686,1096783
9,2026-08-07 21:24:57,"ntc2_C",-6.52493793138939,1108158
9,2026-08-07 21:24:57,"testSB_C",-6.4483566116574,1102930
10,2026-08-07 21:24:57,"ntc1_C",-6.38056655383446,1100420
10,2026-08-07 21:24:57,"ntc2_C",-6.75306232292678,1114395
10,2026-08-07 21:24:57,"testSB_C",-6.54244778917285,1105690
11,2026-08-07 21:24:57,"ntc1_C",-6.39197021415561,1101163
11,2026-08-07 21:24:57,"ntc2_C",-6.58386262122087,1109337
11,2026-08-07 21:24:57,"testSB_C",-6.38949808630872,1099104
12,2026-08-07 21:24:57,"ntc1_C",-6.90575656286774,1123504
12,2026-08-07 21:24:57,"ntc2_C",-6.52316187660864,1105526
12,2026-08-07 21:24:57,"testSB_C",-6.60362658903671,1108962
13,2026-08-07 21:24:57,"ntc1_C",-6.5951837879702,1112589
13,2026-08-07 21:24:57,"ntc2_C",-6.57014092790894,1105815
13,2026-08-07 21:24:57,"testSB_C",-6.37261198609627,1098753
14,2026-08-07 21:24:57,"ntc1_C",-6.28514914514756,1093761
14,2026-08-07 21:24:57,"ntc2_C",-6.61572405888495,1111238
14,2026-08-07 21:24:57,"testSB_C",-6.43792211149986,1103086
15,2026-08-07 21:24:57,"ntc1_C",-6.43576127092814,1099624
15,2026-08-07 21:24:57,"ntc2_C",-6.54043759887026,1108108
15,2026-08-07 21:24:57,"testSB_C",-6.65338238760802,1113433
16,2026-08-07 21:24:57,"ntc1_C",-6.3381845242381,1096399
16,2026-08-07 21:24:57,"ntc2_C",-6.38085172881358,1097645
16,2026-08-07 21:24:57,"testSB_C",-6.40770447482856,1098791
17,2026-08-07 21:24:57,"ntc1_C",-6.34972143470941,1096829
17,2026-08-07 21:24:57,"ntc2_C",-6.40635740543183,1098892
17,2026-08-07 21:24:57,"testSB_C",-6.29364409352468,1097197
18,2026-08-07 21:24:57,"ntc1_C",-6.31136099246879,1098441
18,2026-08-07 21:24:57,"ntc2_C",-6.59403311224241,1108356
18,2026-08-07 21:24:57,"testSB_C",-6.43840357639937,1100564
19,2026-08-07 21:24:57,"ntc1_C",-6.35167652127325,1099903
19,2026-08-07 21:24:57,"ntc2_C",-6.57988024589383,1109003
19,2026-08-07 21:24:57,"testSB_C",-6.43312090394159,1103922
20,2026-08-07 21:24:57,"ntc1_C",-6.19586402767862,1091028
20,2026-08-07 21:24:57,"ntc2_C",-6.66802535045781,1114055
20,2026-08-07 21:24:57,"testSB_C",-6.21340735572903,1090274
21,2026-08-07 21:24:57,"ntc1_C",-6.1795645681218,1088336
21,2026-08-07 21:24:57,"ntc2_C",-6.69107497640709,1113866
21,2026-08-07 21:24:57,"testSB_C",-6.28717307368225,1095847
22,2026-08-07 21:24:57,"ntc1_C",-6.08897525465676,1087253
22,2026-08-07 21:24:57,"ntc2_C",-6.4935855375839,1106484
22,2026-08-07 21:24:57,"testSB_C",-6.26500597842414,1093195
23,2026-08-07 21:24:57,"ntc1_C",-6.38938369653653,1102845
23,2026-08-07 21:24:57,"ntc2_C",-6.4989120245429,1105022
23,2026-08-07 21:24:57,"testSB_C",-6.39209131761811,1098309
24,2026-08-07 21:24:57,"ntc1_C",-6.14719207394893,1089841
24,2026-08-07 21:24:57,"ntc2_C",-6.34312304600218,1100233
24,2026-08-07 21:24:57,"testSB_C",-6.05422283997353,1083348
1,2026-08-08 00:24:57,"ntc1_C",-12.7673382485953,1423689
1,2026-08-08 00:24:57,"testSB_C",-12.7305554181578,1424584
2,2026-08-08 00:24:57,"ntc1_C",-12.6105976980824,1416775
2,2026-08-08 00:24:57,"ntc2_C",-12.5570671984908,1413284
2,2026-08-08 00:24:57,"testSB_C",-12.5289999711326,1414480
3,2026-08-08 00:24:57,"ntc1_C",-12.5618687814102,1416168
3,2026-08-08 00:24:57,"ntc2_C",-12.5199409481749,1412453
3,2026-08-08 00:24:57,"testSB_C",-12.446022415404,1407551
4,2026-08-08 00:24:57,"ntc1_C",-12.444537684005,1408799
4,2026-08-08 00:24:57,"ntc2_C",-12.4195747853112,1404011
4,2026-08-08 00:24:57,"testSB_C",-12.354946870187,1400556
5,2026-08-08 00:24:57,"ntc1_C",-12.3424862192238,1400177
5,2026-08-08 00:24:57,"ntc2_C",-12.3291721557057,1401117
5,2026-08-08 00:24:57,"testSB_C",-12.3060837461073,1400935
6,2026-08-08 00:24:57,"ntc1_C",-12.2758115953834,1396961
6,2026-08-08 00:24:57,"ntc2_C",-12.2858312727185,1399299
6,2026-08-08 00:24:57,"testSB_C",-12.2450756951958,1397223
7,2026-08-08 00:24:57,"ntc1_C",-12.2022874776205,1392864
7,2026-08-08 00:24:57,"ntc2_C",-12.2283411422564,1396710
7,2026-08-08 00:24:57,"testSB_C",-12.1967244057466,1394820
8,2026-08-08 00:24:57,"ntc1_C",-12.1528212621784,1395145
8,2026-08-08 00:24:57,"ntc2_C",-12.1251191519689,1388057
8,2026-08-08 00:24:57,"testSB_C",-12.1563936275144,1387387
9,2026-08-08 00:24:57,"ntc1_C",-12.0742099416801,1384737
9,2026-08-08 00:24:57,"ntc2_C",-12.0826579415974,1390164
9,2026-08-08 00:24:57,"testSB_C",-12.0499598895933,1386023
10,2026-08-08 00:24:57,"ntc1_C",-12.0381696706788,1385841
10,2026-08-08 00:24:57,"ntc2_C",-12.040325927751,1382543
10,2026-08-08 00:24:57,"testSB_C",-12.0410532352017,1383639
11,2026-08-08 00:24:57,"ntc1_C",-11.9653469513937,1381987
11,2026-08-08 00:24:57,"ntc2_C",-11.9724078029996,1381900
11,2026-08-08 00:24:57,"testSB_C",-11.9223699121443,1377175
12,2026-08-08 00:24:57,"ntc1_C",-11.9417111645415,1379555
12,2026-08-08 00:24:57,"ntc2_C",-11.9006212129192,1376477
12,2026-08-08 00:24:57,"testSB_C",-11.8829015243214,1375330
13,2026-08-08 00:24:57,"ntc1_C",-11.8727066246738,1379676
13,2026-08-08 00:24:57,"ntc2_C",-11.866769900072,1372466
13,2026-08-08 00:24:57,"testSB_C",-11.8353948413572,1372890
14,2026-08-08 00:24:57,"ntc1_C",-11.8143209471418,1370222
14,2026-08-08 00:24:57,"ntc2_C",-11.8274254742776,1374251
14,2026-08-08 00:24:57,"testSB_C",-11.7941732345519,1372280
15,2026-08-08 00:24:57,"ntc1_C",-11.7796675260461,1367182
15,2026-08-08 00:24:57,"ntc2_C",-11.7642611410595,1371184
15,2026-08-08 00:24:57,"testSB_C",-11.7394672260946,1370055
16,2026-08-08 00:24:57,"ntc1_C",-11.7060711452207,1364666
16,2026-08-08 00:24:57,"ntc2_C",-11.7201844230455,1364700
16,2026-08-08 00:24:57,"testSB_C",-11.7013770313044,1363601
17,2026-08-08 00:24:57,"ntc1_C",-11.7022668129474,1364340
17,2026-08-08 00:24:57,"ntc2_C",-11.6887202407767,1362899
17,2026-08-08 00:24:57,"testSB_C",-11.685884041229,1366942
18,2026-08-08 00:24:57,"ntc1_C",-11.6801892401997,1367088
18,2026-08-08 00:24:57,"ntc2_C",-11.6676132574779,1362852
18,2026-08-08 00:24:57,"testSB_C",-11.6610673076033,1361842
19,2026-08-08 00:24:57,"ntc1_C",-11.6495061103035,1365094
19,2026-08-08 00:24:57,"ntc2_C",-11.6444693229039,1363421
19,2026-08-08 00:24:57,"testSB_C",-11.6359037978464,1364842
20,2026-08-08 00:24:57,"ntc1_C",-11.616636798806,1360954
20,2026-08-08 00:24:57,"ntc2_C",-11.6222033462968,1363511
20,2026-08-08 00:24:57,"testSB_C",-11.5862297483795,1357292
21,2026-08-08 00:24:57,"ntc1_C",-11.5914870249572,1356783
21,2026-08-08 00:24:57,"ntc2_C",-11.588294965395,1360053
21,2026-08-08 00:24:57,"testSB_C",-11.5652023988348,1358983
22,2026-08-08 00:24:57,"ntc1_C",-11.5543143578449,1358605
22,2026-08-08 00:24:57,"ntc2_C",-11.5734210713338,1360986
22,2026-08-08 00:24:57,"testSB_C",-11.5300570790244,1354941
23,2026-08-08 00:24:57,"ntc1_C",-11.5353775709285,1360222
23,2026-08-08 00:24:57,"ntc2_C",-11.5566101735817,1358087
23,2026-08-08 00:24:57,"testSB_C",-11.5397576875287,1354544
24,2026-08-08 00:24:57,"ntc1_C",-11.50401629531,1355878
24,2026-08-08 00:24:57,"ntc2_C",-11.4856795193755,1356854
24,2026-08-08 00:24:57,"testSB_C",-11.4545784706362,1350062
1,2026-08-08 03:24:57,"ntc1_C",-15.5907633116922,1597536
1,2026-08-08 03:24:57,"testSB_C",-15.5929447009661,1600994
2,2026-08-08 03:24:57,"ntc1_C",-15.4948130743419,1593704
2,2026-08-08 03:24:57,"ntc2_C",-15.4633903081566,1591202
2,2026-08-08 03:24:57,"testSB_C",-15.4272625304913,1591829
3,2026-08-08 03:24:57,"ntc1_C",-15.4059017828488,1590295
3,2026-08-08 03:24:57,"ntc2_C",-15.378665437178,1587158
3,2026-08-08 03:24:57,"testSB_C",-15.3075420763952,1581759
4,2026-08-08 03:24:57,"ntc1_C",-15.3136230636956,1583716
4,2026-08-08 03:24:57,"ntc2_C",-15.2974497578543,1578877
4,2026-08-08 03:24:57,"testSB_C",-15.2331817017354,1575017
5,2026-08-08 03:24:57,"ntc1_C",-15.2341305857599,1575548
5,2026-08-08 03:24:57,"ntc2_C",-15.2158224440751,1576188
5,2026-08-08 03:24:57,"testSB_C",-15.2031813410022,1576672
6,2026-08-08 03:24:57,"ntc1_C",-15.170459812877,1571944
6,2026-08-08 03:24:57,"ntc2_C",-15.1750930220342,1574350
6,2026-08-08 03:24:57,"testSB_C",-15.1326551102857,1571849
7,2026-08-08 03:24:57,"ntc1_C",-15.1014617370685,1567796
7,2026-08-08 03:24:57,"ntc2_C",-15.1199386083888,1571623
7,2026-08-08 03:24:57,"testSB_C",-15.0865307664434,1569306
8,2026-08-08 03:24:57,"ntc1_C",-15.0605069398028,1570866
8,2026-08-08 03:24:57,"ntc2_C",-15.0395693476485,1563323
8,2026-08-08 03:24:57,"testSB_C",-15.0444303536122,1560893
9,2026-08-08 03:24:57,"ntc1_C",-14.9814457348161,1559085
9,2026-08-08 03:24:57,"ntc2_C",-14.9870246123922,1565113
9,2026-08-08 03:24:57,"testSB_C",-14.9479583007729,1560030
10,2026-08-08 03:24:57,"ntc1_C",-14.9533699737477,1560806
10,2026-08-08 03:24:57,"ntc2_C",-14.943498209926,1556399
10,2026-08-08 03:24:57,"testSB_C",-14.9767241748035,1559726
11,2026-08-08 03:24:57,"ntc1_C",-14.9178742480356,1558832
11,2026-08-08 03:24:57,"ntc2_C",-14.9152528152757,1558170
11,2026-08-08 03:24:57,"testSB_C",-14.8742925779878,1553413
12,2026-08-08 03:24:57,"ntc1_C",-14.8996340959544,1556444
12,2026-08-08 03:24:57,"ntc2_C",-14.8870237833174,1554787
12,2026-08-08 03:24:57,"testSB_C",-14.8625638749741,1553126
13,2026-08-08 03:24:57,"ntc1_C",-14.8527864865018,1557998
13,2026-08-08 03:24:57,"ntc2_C",-14.8547567655218,1550462
13,2026-08-08 03:24:57,"testSB_C",-14.8338070213921,1551554
14,2026-08-08 03:24:57,"ntc1_C",-14.8268746505037,1549373
14,2026-08-08 03:24:57,"ntc2_C",-14.8208108034283,1552692
14,2026-08-08 03:24:57,"testSB_C",-14.8171378090477,1552378
15,2026-08-08 03:24:57,"ntc1_C",-14.7978072367733,1546272
15,2026-08-08 03:24:57,"ntc2_C",-14.7816309708395,1550846
15,2026-08-08 03:24:57,"testSB_C",-14.7834468540996,1551231
16,2026-08-08 03:24:57,"ntc1_C",-14.7607759263352,1545837
16,2026-08-08 03:24:57,"ntc2_C",-14.7741609813192,1545876
16,2026-08-08 03:24:57,"testSB_C",-14.7358467510255,1543413
17,2026-08-08 03:24:57,"ntc1_C",-14.7418251146676,1544501
17,2026-08-08 03:24:57,"ntc2_C",-14.7186092428487,1542192
17,2026-08-08 03:24:57,"testSB_C",-14.6987877774128,1545714
18,2026-08-08 03:24:57,"ntc1_C",-14.7080944908718,1546762
18,2026-08-08 03:24:57,"ntc2_C",-14.6891105219722,1541509
18,2026-08-08 03:24:57,"testSB_C",-14.6842521828954,1540699
19,2026-08-08 03:24:57,"ntc1_C",-14.6756249553036,1544494
19,2026-08-08 03:24:57,"ntc2_C",-14.6814038233713,1543305
19,2026-08-08 03:24:57,"testSB_C",-14.6656720777813,1544472
20,2026-08-08 03:24:57,"ntc1_C",-14.6490745673502,1540273
20,2026-08-08 03:24:57,"ntc2_C",-14.6570694653704,1543293
20,2026-08-08 03:24:57,"testSB_C",-14.6253205993121,1536517
21,2026-08-08 03:24:57,"ntc1_C",-14.6290206101942,1535692
21,2026-08-08 03:24:57,"ntc2_C",-14.6240560013956,1539398
21,2026-08-08 03:24:57,"testSB_C",-14.6103614514305,1538806
22,2026-08-08 03:24:57,"ntc1_C",-14.5996424890672,1538383
22,2026-08-08 03:24:57,"ntc2_C",-14.6107595344665,1540488
22,2026-08-08 03:24:57,"testSB_C",-14.5695133405692,1533886
23,2026-08-08 03:24:57,"ntc1_C",-14.562012640715,1538966
23,2026-08-08 03:24:57,"ntc2_C",-14.6037788466413,1537903
23,2026-08-08 03:24:57,"testSB_C",-14.5975353298445,1534361
24,2026-08-08 03:24:57,"ntc1_C",-14.5742724073706,1536875
24,2026-08-08 03:24:57,"ntc2_C",-14.5612948168063,1538272
24,2026-08-08 03:24:57,"testSB_C",-14.5319749840945,1530678
1,2026-08-08 06:24:57,"ntc1_C",-14.1796053966364,1508184
1,2026-08-08 06:24:57,"testSB_C",-14.3287919489892,1520581
2,2026-08-08 06:24:57,"ntc1_C",-14.2779141992211,1516549
2,2026-08-08 06:24:57,"ntc2_C",-14.3184018685654,1518620
2,2026-08-08 06:24:57,"testSB_C",-14.2285799721797,1515971
3,2026-08-08 06:24:57,"ntc1_C",-12.555378204945,1415793
3,2026-08-08 06:24:57,"ntc2_C",-13.0245281068173,1441846
3,2026-08-08 06:24:57,"testSB_C",-13.2851736119777,1456575
4,2026-08-08 06:24:57,"ntc1_C",-12.7216629778822,1424825
4,2026-08-08 06:24:57,"ntc2_C",-12.5687370129002,1412584
4,2026-08-08 06:24:57,"testSB_C",-13.2647476737621,1453531
5,2026-08-08 06:24:57,"ntc1_C",-13.2181287811214,1451141
5,2026-08-08 06:24:57,"ntc2_C",-12.9773523353627,1438673
5,2026-08-08 06:24:57,"testSB_C",-13.3102359948267,1459538
6,2026-08-08 06:24:57,"ntc1_C",-13.2018785900252,1450739
6,2026-08-08 06:24:57,"ntc2_C",-12.9539710363218,1437986
6,2026-08-08 06:24:57,"testSB_C",-13.3326300220958,1460620
7,2026-08-08 06:24:57,"ntc1_C",-13.1236097877325,1446253
7,2026-08-08 06:24:57,"ntc2_C",-12.3993055063163,1406493
7,2026-08-08 06:24:57,"testSB_C",-13.2311244288427,1454954
8,2026-08-08 06:24:57,"ntc1_C",-13.2099608364363,1456662
8,2026-08-08 06:24:57,"ntc2_C",-12.9938980076341,1438163
8,2026-08-08 06:24:57,"testSB_C",-12.765567033714,1422319
9,2026-08-08 06:24:57,"ntc1_C",-13.1104620959792,1444549
9,2026-08-08 06:24:57,"ntc2_C",-13.0597522466255,1446747
9,2026-08-08 06:24:57,"testSB_C",-13.2358213360809,1454776
10,2026-08-08 06:24:57,"ntc1_C",-13.1447234881401,1449844
10,2026-08-08 06:24:57,"ntc2_C",-12.64579405413,1417137
10,2026-08-08 06:24:57,"testSB_C",-13.2284859854562,1452360
11,2026-08-08 06:24:57,"ntc1_C",-13.2899972356056,1458729
11,2026-08-08 06:24:57,"ntc2_C",-12.8187760147637,1430467
11,2026-08-08 06:24:57,"testSB_C",-13.053112259774,1442212
12,2026-08-08 06:24:57,"ntc1_C",-12.3537912312722,1402948
12,2026-08-08 06:24:57,"ntc2_C",-12.7772306122188,1426605
12,2026-08-08 06:24:57,"testSB_C",-12.9809674167304,1438374
13,2026-08-08 06:24:57,"ntc1_C",-12.9163225882097,1439698
13,2026-08-08 06:24:57,"ntc2_C",-12.8218925946211,1427042
13,2026-08-08 06:24:57,"testSB_C",-13.0329103757114,1441661
14,2026-08-08 06:24:57,"ntc1_C",-12.8145286194388,1427300
14,2026-08-08 06:24:57,"ntc2_C",-12.7206467997215,1425257
14,2026-08-08 06:24:57,"testSB_C",-12.7104460211263,1424564
15,2026-08-08 06:24:57,"ntc1_C",-12.8926215025198,1430693
15,2026-08-08 06:24:57,"ntc2_C",-12.3483703018226,1404272
15,2026-08-08 06:24:57,"testSB_C",-12.3788011290422,1406279
16,2026-08-08 06:24:57,"ntc1_C",-12.7181426864102,1422228
16,2026-08-08 06:24:57,"ntc2_C",-12.6920890543891,1419947
16,2026-08-08 06:24:57,"testSB_C",-12.6713592300521,1418695
17,2026-08-08 06:24:57,"ntc1_C",-12.5781734773921,1414004
17,2026-08-08 06:24:57,"ntc2_C",-12.531604553247,1410590
17,2026-08-08 06:24:57,"testSB_C",-12.8317483353457,1432380
18,2026-08-08 06:24:57,"ntc1_C",-12.8055458024181,1431313
18,2026-08-08 06:24:57,"ntc2_C",-12.4757224771568,1408516
18,2026-08-08 06:24:57,"testSB_C",-12.7275642866622,1422455
19,2026-08-08 06:24:57,"ntc1_C",-12.7604447311998,1428418
19,2026-08-08 06:24:57,"ntc2_C",-12.6273593572793,1419238
19,2026-08-08 06:24:57,"testSB_C",-12.6089083394386,1420147
20,2026-08-08 06:24:57,"ntc1_C",-12.7244728539712,1423927
20,2026-08-08 06:24:57,"ntc2_C",-12.1236753654965,1391714
20,2026-08-08 06:24:57,"testSB_C",-12.584696149942,1413759
21,2026-08-08 06:24:57,"ntc1_C",-12.6213144081407,1414991
21,2026-08-08 06:24:57,"ntc2_C",-12.1174710517034,1389749
21,2026-08-08 06:24:57,"testSB_C",-12.8402422140575,1431590
22,2026-08-08 06:24:57,"ntc1_C",-12.6459183126242,1420513
22,2026-08-08 06:24:57,"ntc2_C",-12.3159809543184,1402852
22,2026-08-08 06:24:57,"testSB_C",-12.622895771452,1416758
23,2026-08-08 06:24:57,"ntc1_C",-12.4254248198648,1410532
23,2026-08-08 06:24:57,"ntc2_C",-12.3016112500769,1400021
23,2026-08-08 06:24:57,"testSB_C",-12.7001312779547,1420180
24,2026-08-08 06:24:57,"ntc1_C",-12.712712797656,1424460
24,2026-08-08 06:24:57,"ntc2_C",-12.3928055028736,1408032
24,2026-08-08 06:24:57,"testSB_C",-12.609174158259,1415201
1,2026-08-08 09:24:57,"ntc1_C",-10.2074135290543,1282372
1,2026-08-08 09:24:57,"testSB_C",-10.4373014259748,1297287
2,2026-08-08 09:24:57,"ntc1_C",-10.5542593699469,1302676
2,2026-08-08 09:24:57,"ntc2_C",-10.5899008536998,1304215
2,2026-08-08 09:24:57,"testSB_C",-10.4779581073437,1300971
3,2026-08-08 09:24:57,"ntc1_C",-8.13568332678426,1182243
3,2026-08-08 09:24:57,"ntc2_C",-8.9899669944333,1222936
3,2026-08-08 09:24:57,"testSB_C",-9.24664386546846,1235315
4,2026-08-08 09:24:57,"ntc1_C",-8.5286773070498,1200749
4,2026-08-08 09:24:57,"ntc2_C",-8.41071412071102,1192179
4,2026-08-08 09:24:57,"testSB_C",-9.43679357191468,1243331
5,2026-08-08 09:24:57,"ntc1_C",-9.38218655589566,1240780
5,2026-08-08 09:24:57,"ntc2_C",-8.98938056896435,1222626
5,2026-08-08 09:24:57,"testSB_C",-9.31914588307109,1240168
6,2026-08-08 09:24:57,"ntc1_C",-9.45653081134179,1245210
6,2026-08-08 09:24:57,"ntc2_C",-8.95403524120661,1221395
6,2026-08-08 09:24:57,"testSB_C",-9.42909613164483,1245567
7,2026-08-08 09:24:57,"ntc1_C",-9.20123286697469,1232268
7,2026-08-08 09:24:57,"ntc2_C",-8.35766408330875,1192619
7,2026-08-08 09:24:57,"testSB_C",-9.55579626032767,1252331
8,2026-08-08 09:24:57,"ntc1_C",-9.51217414511837,1252594
8,2026-08-08 09:24:57,"ntc2_C",-9.41700072469661,1242815
8,2026-08-08 09:24:57,"testSB_C",-8.63440514086722,1201658
9,2026-08-08 09:24:57,"ntc1_C",-9.41852229778181,1242531
9,2026-08-08 09:24:57,"ntc2_C",-9.00008551364351,1225779
9,2026-08-08 09:24:57,"testSB_C",-9.39472691759119,1243645
10,2026-08-08 09:24:57,"ntc1_C",-9.36034430057555,1242416
10,2026-08-08 09:24:57,"ntc2_C",-8.61994891725192,1202448
10,2026-08-08 09:24:57,"testSB_C",-9.46032211665784,1245302
11,2026-08-08 09:24:57,"ntc1_C",-9.56262001342384,1252952
11,2026-08-08 09:24:57,"ntc2_C",-8.91199553113859,1219684
11,2026-08-08 09:24:57,"testSB_C",-9.24938189626761,1234882
12,2026-08-08 09:24:57,"ntc1_C",-8.348730283024,1191500
12,2026-08-08 09:24:57,"ntc2_C",-8.84256908383219,1215041
12,2026-08-08 09:24:57,"testSB_C",-9.14838087068637,1230109
13,2026-08-08 09:24:57,"ntc1_C",-8.98072090083798,1226130
13,2026-08-08 09:24:57,"ntc2_C",-8.67541790390732,1204855
13,2026-08-08 09:24:57,"testSB_C",-9.13297537344823,1229534
14,2026-08-08 09:24:57,"ntc1_C",-9.13898813707181,1228552
14,2026-08-08 09:24:57,"ntc2_C",-8.71114362303877,1210221
14,2026-08-08 09:24:57,"testSB_C",-9.07973278542784,1228413
15,2026-08-08 09:24:57,"ntc1_C",-9.20584653039202,1230927
15,2026-08-08 09:24:57,"ntc2_C",-8.57530607626182,1203876
15,2026-08-08 09:24:57,"testSB_C",-8.49628009507859,1200239
16,2026-08-08 09:24:57,"ntc1_C",-9.22541556171251,1233268
16,2026-08-08 09:24:57,"ntc2_C",-9.11973421500795,1227256
16,2026-08-08 09:24:57,"testSB_C",-9.18084902534008,1230267
17,2026-08-08 09:24:57,"ntc1_C",-9.08307911442597,1226032
17,2026-08-08 09:24:57,"ntc2_C",-8.99860104327917,1221249
17,2026-08-08 09:24:57,"testSB_C",-9.3019550497155,1240242
18,2026-08-08 09:24:57,"ntc1_C",-9.12692048741309,1231881
18,2026-08-08 09:24:57,"ntc2_C",-8.78590178429846,1211785
18,2026-08-08 09:24:57,"testSB_C",-9.08270750742315,1225793
19,2026-08-08 09:24:57,"ntc1_C",-9.13941049494406,1232191
19,2026-08-08 09:24:57,"ntc2_C",-9.02776908241748,1225326
19,2026-08-08 09:24:57,"testSB_C",-8.7785160775577,1214614
20,2026-08-08 09:24:57,"ntc1_C",-9.04448944662323,1225310
20,2026-08-08 09:24:57,"ntc2_C",-8.266041171116,1188996
20,2026-08-08 09:24:57,"testSB_C",-8.75258396154061,1209076
21,2026-08-08 09:24:57,"ntc1_C",-9.09525178029281,1225473
21,2026-08-08 09:24:57,"ntc2_C",-8.28106572679968,1188388
21,2026-08-08 09:24:57,"testSB_C",-9.37418676835932,1242733
22,2026-08-08 09:24:57,"ntc1_C",-9.09672597647318,1228960
22,2026-08-08 09:24:57,"ntc2_C",-8.33710681402493,1192713
22,2026-08-08 09:24:57,"testSB_C",-9.22305070250519,1233194
23,2026-08-08 09:24:57,"ntc1_C",-8.8279671264554,1217994
23,2026-08-08 09:24:57,"ntc2_C",-8.46626862652812,1197208
23,2026-08-08 09:24:57,"testSB_C",-9.10102809347734,1226344
24,2026-08-08 09:24:57,"ntc1_C",-9.07731751402065,1228027
24,2026-08-08 09:24:57,"ntc2_C",-8.63569477670768,1207912
24,2026-08-08 09:24:57,"testSB_C",-8.96163927781083,1219506
1,2026-08-08 12:24:57,"ntc1_C",-3.84336317177775,989663
1,2026-08-08 12:24:57,"testSB_C",-3.6915549296661,985874
2,2026-08-08 12:24:57,"ntc1_C",-4.0142259959735,998111
2,2026-08-08 12:24:57,"ntc2_C",-3.47085773977466,976129
2,2026-08-08 12:24:57,"testSB_C",-3.60852848561444,983912
3,2026-08-08 12:24:57,"ntc1_C",-1.08322714972968,888146
3,2026-08-08 12:24:57,"ntc2_C",-0.93238942680614,881777
3,2026-08-08 12:24:57,"testSB_C",-1.07319142877981,886604
4,2026-08-08 12:24:57,"ntc1_C",-1.02111410898374,885424
4,2026-08-08 12:24:57,"ntc2_C",-1.05913893194173,884772
4,2026-08-08 12:24:57,"testSB_C",-1.12771645513664,887386
5,2026-08-08 12:24:57,"ntc1_C",-1.53219434651749,901972
5,2026-08-08 12:24:57,"ntc2_C",-1.31649950255388,895463
5,2026-08-08 12:24:57,"testSB_C",-0.9696916816726,883688
6,2026-08-08 12:24:57,"ntc1_C",-1.53244687562602,902703
6,2026-08-08 12:24:57,"ntc2_C",-1.34907670205621,896926
6,2026-08-08 12:24:57,"testSB_C",-1.37162712255383,898033
7,2026-08-08 12:24:57,"ntc1_C",-1.06771433817613,885697
7,2026-08-08 12:24:57,"ntc2_C",-1.44874793671931,900952
7,2026-08-08 12:24:57,"testSB_C",-1.6026867376296,906689
8,2026-08-08 12:24:57,"ntc1_C",-1.39783932009453,900897
8,2026-08-08 12:24:57,"ntc2_C",-1.12293592044944,887521
8,2026-08-08 12:24:57,"testSB_C",-1.50585751178807,899753
9,2026-08-08 12:24:57,"ntc1_C",-1.44410752550624,898897
9,2026-08-08 12:24:57,"ntc2_C",-1.09038994924441,889060
9,2026-08-08 12:24:57,"testSB_C",-1.60110365302376,906149
10,2026-08-08 12:24:57,"ntc1_C",-1.45195150834076,901227
10,2026-08-08 12:24:57,"ntc2_C",-1.39670014966828,896911
10,2026-08-08 12:24:57,"testSB_C",-1.53050315110119,902384
11,2026-08-08 12:24:57,"ntc1_C",-1.6949122286851,910321
11,2026-08-08 12:24:57,"ntc2_C",-1.44304147466028,900707
11,2026-08-08 12:24:57,"testSB_C",-1.65287074670169,907157
12,2026-08-08 12:24:57,"ntc1_C",-1.71276301649027,910211
12,2026-08-08 12:24:57,"ntc2_C",-1.36216212566768,896913
12,2026-08-08 12:24:57,"testSB_C",-2.22128388306481,928368
13,2026-08-08 12:24:57,"ntc1_C",-2.030125576383,924548
13,2026-08-08 12:24:57,"ntc2_C",-1.24649627886333,891165
13,2026-08-08 12:24:57,"testSB_C",-1.4349922661832,899453
14,2026-08-08 12:24:57,"ntc1_C",-1.49893937416937,900962
14,2026-08-08 12:24:57,"ntc2_C",-1.38651280547748,899039
14,2026-08-08 12:24:57,"testSB_C",-1.72688478877723,911312
15,2026-08-08 12:24:57,"ntc1_C",-1.70197760525235,907697
15,2026-08-08 12:24:57,"ntc2_C",-1.59108811489932,906635
15,2026-08-08 12:24:57,"testSB_C",-1.68670776519554,910314
16,2026-08-08 12:24:57,"ntc1_C",-1.99862806845118,919474
16,2026-08-08 12:24:57,"ntc2_C",-1.31350628116957,893819
16,2026-08-08 12:24:57,"testSB_C",-1.96857782144065,917722
17,2026-08-08 12:24:57,"ntc1_C",-1.61044831193908,905093
17,2026-08-08 12:24:57,"ntc2_C",-1.58889378079908,903982
17,2026-08-08 12:24:57,"testSB_C",-1.66397959860382,909447
18,2026-08-08 12:24:57,"ntc1_C",-1.6215525881417,908323
18,2026-08-08 12:24:57,"ntc2_C",-1.87598681806207,915483
18,2026-08-08 12:24:57,"testSB_C",-1.95836216559127,917669
19,2026-08-08 12:24:57,"ntc1_C",-1.76535156970897,913258
19,2026-08-08 12:24:57,"ntc2_C",-1.96115057716474,919527
19,2026-08-08 12:24:57,"testSB_C",-1.61767638986925,908105
20,2026-08-08 12:24:57,"ntc1_C",-1.7396246520093,910656
20,2026-08-08 12:24:57,"ntc2_C",-1.68407784587856,910145
20,2026-08-08 12:24:57,"testSB_C",-1.56351063386649,902986
21,2026-08-08 12:24:57,"ntc1_C",-1.69796352953938,907681
21,2026-08-08 12:24:57,"ntc2_C",-1.89364622811308,916916
21,2026-08-08 12:24:57,"testSB_C",-1.82810478840679,914589
22,2026-08-08 12:24:57,"ntc1_C",-1.76719510079124,912548
22,2026-08-08 12:24:57,"ntc2_C",-1.41834112472293,900864
22,2026-08-08 12:24:57,"testSB_C",-2.09341764716021,923091
23,2026-08-08 12:24:57,"ntc1_C",-2.18516195346388,929974
23,2026-08-08 12:24:57,"ntc2_C",-1.72985476368552,910753
23,2026-08-08 12:24:57,"testSB_C",-1.9297886599918,916666
24,2026-08-08 12:24:57,"ntc1_C",-1.82553969037258,914659
24,2026-08-08 12:24:57,"ntc2_C",-1.90133629548626,918901
24,2026-08-08 12:24:57,"testSB_C",-3.1885832146358,964442
1,2026-08-08 15:24:57,"ntc1_C",-1.82930904528274,912201
1,2026-08-08 15:24:57,"testSB_C",-1.59901512976234,905894
2,2026-08-08 15:24:57,"ntc1_C",-1.74668884109616,910588
2,2026-08-08 15:24:57,"ntc2_C",-0.948642331935616,881528
2,2026-08-08 15:24:57,"testSB_C",-1.41178032546418,900354
3,2026-08-08 15:24:57,"ntc1_C",-0.415814842977227,864586
3,2026-08-08 15:24:57,"ntc2_C",-0.00430276811852082,849425
3,2026-08-08 15:24:57,"testSB_C",0.461086393133144,833526
4,2026-08-08 15:24:57,"ntc1_C",-0.0583030514018787,851748
4,2026-08-08 15:24:57,"ntc2_C",-0.0433878678155679,849319
4,2026-08-08 15:24:57,"testSB_C",0.421003715653114,833770
5,2026-08-08 15:24:57,"ntc1_C",0.173326936347905,842068
5,2026-08-08 15:24:57,"ntc2_C",0.00151774237508562,849176
5,2026-08-08 15:24:57,"testSB_C",0.543063587213283,831504
6,2026-08-08 15:24:57,"ntc1_C",0.00831448948440539,848395
6,2026-08-08 15:24:57,"ntc2_C",-0.0412385097216088,850889
6,2026-08-08 15:24:57,"testSB_C",0.454344469130149,834387
7,2026-08-08 15:24:57,"ntc1_C",0.416829718021404,834314
7,2026-08-08 15:24:57,"ntc2_C",-0.333735180749613,861356
7,2026-08-08 15:24:57,"testSB_C",0.11427677323644,846108
8,2026-08-08 15:24:57,"ntc1_C",0.201299771852803,844697
8,2026-08-08 15:24:57,"ntc2_C",0.552585508856225,829662
8,2026-08-08 15:24:57,"testSB_C",-0.208639956229547,853940
9,2026-08-08 15:24:57,"ntc1_C",0.351448392909845,836226
9,2026-08-08 15:24:57,"ntc2_C",0.437602084226455,836014
9,2026-08-08 15:24:57,"testSB_C",0.231192875563181,841673
10,2026-08-08 15:24:57,"ntc1_C",0.345507544698592,838318
10,2026-08-08 15:24:57,"ntc2_C",-0.00625322273793927,848064
10,2026-08-08 15:24:57,"testSB_C",0.212057706735436,841214
11,2026-08-08 15:24:57,"ntc1_C",0.290399889606022,840385
11,2026-08-08 15:24:57,"ntc2_C",0.247889523557035,841425
11,2026-08-08 15:24:57,"testSB_C",0.272242971630476,839497
12,2026-08-08 15:24:57,"ntc1_C",-0.327179923835843,860779
12,2026-08-08 15:24:57,"ntc2_C",0.241769262535968,840825
12,2026-08-08 15:24:57,"testSB_C",0.00123700990121733,848802
13,2026-08-08 15:24:57,"ntc1_C",-0.157422909645902,857303
13,2026-08-08 15:24:57,"ntc2_C",0.474888243383248,831485
13,2026-08-08 15:24:57,"testSB_C",0.462771535903869,833267
14,2026-08-08 15:24:57,"ntc1_C",0.529264810321536,830326
14,2026-08-08 15:24:57,"ntc2_C",0.284094248680333,840554
14,2026-08-08 15:24:57,"testSB_C",0.20729803416765,842992
15,2026-08-08 15:24:57,"ntc1_C",0.30055639685196,837380
15,2026-08-08 15:24:57,"ntc2_C",0.115222457338518,846394
15,2026-08-08 15:24:57,"testSB_C",-0.0511640547381944,852234
16,2026-08-08 15:24:57,"ntc1_C",0.0963990728089925,845006
16,2026-08-08 15:24:57,"ntc2_C",0.712257822199149,823811
16,2026-08-08 15:24:57,"testSB_C",0.271541055420016,838478
17,2026-08-08 15:24:57,"ntc1_C",0.559253795155598,829347
17,2026-08-08 15:24:57,"ntc2_C",0.392372642334294,834651
17,2026-08-08 15:24:57,"testSB_C",0.543518921532154,832068
18,2026-08-08 15:24:57,"ntc1_C",0.49538090116107,834100
18,2026-08-08 15:24:57,"ntc2_C",-0.0441157275982391,850361
18,2026-08-08 15:24:57,"testSB_C",0.181287796092477,841818
19,2026-08-08 15:24:57,"ntc1_C",0.405753382335945,836759
19,2026-08-08 15:24:57,"ntc2_C",0.13637307740845,844961
19,2026-08-08 15:24:57,"testSB_C",0.409740948635715,836872
20,2026-08-08 15:24:57,"ntc1_C",0.517880626781107,831466
20,2026-08-08 15:24:57,"ntc2_C",0.0370604357353841,849132
20,2026-08-08 15:24:57,"testSB_C",0.642385327778584,826233
21,2026-08-08 15:24:57,"ntc1_C",0.580704848083201,828150
21,2026-08-08 15:24:57,"ntc2_C",-0.148840015447547,854627
21,2026-08-08 15:24:57,"testSB_C",0.382998614345695,836625
22,2026-08-08 15:24:57,"ntc1_C",0.557628058322962,830985
22,2026-08-08 15:24:57,"ntc2_C",0.356771277222492,838757
22,2026-08-08 15:24:57,"testSB_C",0.0358062143695292,847181
23,2026-08-08 15:24:57,"ntc1_C",-0.192121929291375,858152
23,2026-08-08 15:24:57,"ntc2_C",0.17671962283714,843411
23,2026-08-08 15:24:57,"testSB_C",0.181523362638075,841962
24,2026-08-08 15:24:57,"ntc1_C",0.533331633550517,831722
24,2026-08-08 15:24:57,"ntc2_C",0.0803797735719627,848355
24,2026-08-08 15:24:57,"testSB_C",0.307338494106261,837595
1,2026-08-08 18:24:57,"ntc1_C",-2.79575800505171,948547
1,2026-08-08 18:24:57,"testSB_C",-2.8204550210537,951716
2,2026-08-08 18:24:57,"ntc1_C",-2.52767371902371,939789
2,2026-08-08 18:24:57,"ntc2_C",-1.73692344160986,910015
2,2026-08-08 18:24:57,"testSB_C",-2.55223736430457,942764
3,2026-08-08 18:24:57,"ntc1_C",-1.31881523551431,896623
3,2026-08-08 18:24:57,"ntc2_C",-0.822514121972802,877880
3,2026-08-08 18:24:57,"testSB_C",-0.188448100058395,855575
4,2026-08-08 18:24:57,"ntc1_C",-0.941532711892648,882588
4,2026-08-08 18:24:57,"ntc2_C",-0.896724783707896,879000
4,2026-08-08 18:24:57,"testSB_C",-0.229058910454967,855846
5,2026-08-08 18:24:57,"ntc1_C",-0.36398473793065,860474
5,2026-08-08 18:24:57,"ntc2_C",-0.793463993604064,876784
5,2026-08-08 18:24:57,"testSB_C",-0.232771288657602,857848
6,2026-08-08 18:24:57,"ntc1_C",-0.546101895091226,867529
6,2026-08-08 18:24:57,"ntc2_C",-0.809612305090184,877626
6,2026-08-08 18:24:57,"testSB_C",-0.251167592165586,858395
7,2026-08-08 18:24:57,"ntc1_C",-0.173297086801142,854352
7,2026-08-08 18:24:57,"ntc2_C",-1.14210501499809,889875
7,2026-08-08 18:24:57,"testSB_C",-0.475000862183776,866404
8,2026-08-08 18:24:57,"ntc1_C",-0.394655121012249,865196
8,2026-08-08 18:24:57,"ntc2_C",-0.017292382273979,848880
8,2026-08-08 18:24:57,"testSB_C",-0.890024289351572,877689
9,2026-08-08 18:24:57,"ntc1_C",-0.104914368427274,851704
9,2026-08-08 18:24:57,"ntc2_C",-0.311781782984781,861599
9,2026-08-08 18:24:57,"testSB_C",-0.308905659406662,860159
10,2026-08-08 18:24:57,"ntc1_C",-0.202787020215965,857001
10,2026-08-08 18:24:57,"ntc2_C",-0.786169821152043,875107
10,2026-08-08 18:24:57,"testSB_C",-0.402411249133081,862269
11,2026-08-08 18:24:57,"ntc1_C",-0.230215771380813,858158
11,2026-08-08 18:24:57,"ntc2_C",-0.532847930477317,868268
11,2026-08-08 18:24:57,"testSB_C",-0.29241057213261,858772
12,2026-08-08 18:24:57,"ntc1_C",-1.11864848036021,888659
12,2026-08-08 18:24:57,"ntc2_C",-0.507753158923038,866560
12,2026-08-08 18:24:57,"testSB_C",-0.662941973452632,871798
13,2026-08-08 18:24:57,"ntc1_C",-0.68919391611513,875858
13,2026-08-08 18:24:57,"ntc2_C",-0.41182746796153,861682
13,2026-08-08 18:24:57,"testSB_C",-0.236635833984963,857041
14,2026-08-08 18:24:57,"ntc1_C",-0.0284170814759364,849146
14,2026-08-08 18:24:57,"ntc2_C",-0.573192418479607,870048
14,2026-08-08 18:24:57,"testSB_C",-0.381643841398727,863204
15,2026-08-08 18:24:57,"ntc1_C",-0.32863558704986,858833
15,2026-08-08 18:24:57,"ntc2_C",-0.601295031050938,871160
15,2026-08-08 18:24:57,"testSB_C",-0.869890500941267,880804
16,2026-08-08 18:24:57,"ntc1_C",-0.375484756858384,861206
16,2026-08-08 18:24:57,"ntc2_C",-0.13290922095041,852288
16,2026-08-08 18:24:57,"testSB_C",-0.303435422111818,858104
17,2026-08-08 18:24:57,"ntc1_C",-0.0972971036271701,851536
17,2026-08-08 18:24:57,"ntc2_C",-0.260632567463574,856861
17,2026-08-08 18:24:57,"testSB_C",-0.0663790120500494,852727
18,2026-08-08 18:24:57,"ntc1_C",-0.125076878689754,855168
18,2026-08-08 18:24:57,"ntc2_C",-0.790682230239554,876292
18,2026-08-08 18:24:57,"testSB_C",-0.405047190101982,861923
19,2026-08-08 18:24:57,"ntc1_C",-0.202881016677907,857498
19,2026-08-08 18:24:57,"ntc2_C",-0.58507923983916,869863
19,2026-08-08 18:24:57,"testSB_C",-0.338584057980086,862453
20,2026-08-08 18:24:57,"ntc1_C",0.0124229192645089,848543
20,2026-08-08 18:24:57,"ntc2_C",-0.834665080263221,879477
20,2026-08-08 18:24:57,"testSB_C",0.00214212667168567,847774
21,2026-08-08 18:24:57,"ntc1_C",0.0437580128107697,846204
21,2026-08-08 18:24:57,"ntc2_C",-0.934278026806567,882097
21,2026-08-08 18:24:57,"testSB_C",-0.209011836461968,856787
22,2026-08-08 18:24:57,"ntc1_C",0.0914105420241071,846702
22,2026-08-08 18:24:57,"ntc2_C",-0.471531666087401,867155
22,2026-08-08 18:24:57,"testSB_C",-0.423499243059041,862980
23,2026-08-08 18:24:57,"ntc1_C",-0.688469647242641,875475
23,2026-08-08 18:24:57,"ntc2_C",-0.550384198820097,868452
23,2026-08-08 18:24:57,"testSB_C",-0.507895733890564,865623
24,2026-08-08 18:24:57,"ntc1_C",-0.0334712109525412,850899
24,2026-08-08 18:24:57,"ntc2_C",-0.53971418830082,869795
24,2026-08-08 18:24:57,"testSB_C",-0.101431074788081,851474
1,2026-08-08 21:24:57,"ntc1_C",-9.40929627490061,1241267
1,2026-08-08 21:24:57,"testSB_C",-9.39373365779198,1243210
2,2026-08-08 21:24:57,"ntc1_C",-9.15299048574326,1230265
2,2026-08-08 21:24:57,"ntc2_C",-8.81829384075712,1213257
2,2026-08-08 21:24:57,"testSB_C",-9.16259818377011,1233046
3,2026-08-08 21:24:57,"ntc1_C",-7.72270392114052,1162520
3,2026-08-08 21:24:57,"ntc2_C",-7.6413368257459,1157515
3,2026-08-08 21:24:57,"testSB_C",-7.37540712556176,1144630
4,2026-08-08 21:24:57,"ntc1_C",-7.67057036154927,1159482
4,2026-08-08 21:24:57,"ntc2_C",-7.67130821104615,1156799
4,2026-08-08 21:24:57,"testSB_C",-7.36843005249494,1142822
5,2026-08-08 21:24:57,"ntc1_C",-7.4472842969966,1146646
5,2026-08-08 21:24:57,"ntc2_C",-7.6032268035442,1155477
5,2026-08-08 21:24:57,"testSB_C",-7.37226836814557,1145563
6,2026-08-08 21:24:57,"ntc1_C",-7.41245797799047,1145712
6,2026-08-08 21:24:57,"ntc2_C",-7.56946375854665,1154369
6,2026-08-08 21:24:57,"testSB_C",-7.34726585227963,1144252
7,2026-08-08 21:24:57,"ntc1_C",-7.13254091473937,1132613
7,2026-08-08 21:24:57,"ntc2_C",-7.61133580247963,1156887
7,2026-08-08 21:24:57,"testSB_C",-7.19877117428763,1137639
8,2026-08-08 21:24:57,"ntc1_C",-7.21833958656475,1140772
8,2026-08-08 21:24:57,"ntc2_C",-7.0712633459234,1129501
8,2026-08-08 21:24:57,"testSB_C",-7.3694730799466,1141289
9,2026-08-08 21:24:57,"ntc1_C",-7.10228371057656,1130625
9,2026-08-08 21:24:57,"ntc2_C",-7.21022437607832,1139517
9,2026-08-08 21:24:57,"testSB_C",-7.15060289709857,1134916
10,2026-08-08 21:24:57,"ntc1_C",-7.08644196512233,1132481
10,2026-08-08 21:24:57,"ntc2_C",-7.35942410034585,1142246
10,2026-08-08 21:24:57,"testSB_C",-7.18752994248734,1135110
11,2026-08-08 21:24:57,"ntc1_C",-7.10487355000112,1133566
11,2026-08-08 21:24:57,"ntc2_C",-7.22521436555479,1138674
11,2026-08-08 21:24:57,"testSB_C",-7.09227345860415,1130984
12,2026-08-08 21:24:57,"ntc1_C",-7.45586407824476,1148945
12,2026-08-08 21:24:57,"ntc2_C",-7.14632286566513,1133917
12,2026-08-08 21:24:57,"testSB_C",-7.24403087310452,1138250
13,2026-08-08 21:24:57,"ntc1_C",-7.21307546679878,1140924
13,2026-08-08 21:24:57,"ntc2_C",-7.16893833032913,1133105
13,2026-08-08 21:24:57,"testSB_C",-7.01120143274932,1127684
14,2026-08-08 21:24:57,"ntc1_C",-6.92568796848172,1122634
14,2026-08-08 21:24:57,"ntc2_C",-7.1721453500412,1136685
14,2026-08-08 21:24:57,"testSB_C",-7.02935917060836,1129957
15,2026-08-08 21:24:57,"ntc1_C",-7.03067638690396,1126559
15,2026-08-08 21:24:57,"ntc2_C",-7.05989616560538,1131788
15,2026-08-08 21:24:57,"testSB_C",-7.18854136685098,1137957
16,2026-08-08 21:24:57,"ntc1_C",-6.93517979072351,1123364
16,2026-08-08 21:24:57,"ntc2_C",-6.98019039698352,1124755
16,2026-08-08 21:24:57,"testSB_C",-6.9900330727653,1125152
17,2026-08-08 21:24:57,"ntc1_C",-6.92793445942829,1122946
17,2026-08-08 21:24:57,"ntc2_C",-6.96957624784773,1124364
17,2026-08-08 21:24:57,"testSB_C",-6.8989168959165,1124555
18,2026-08-08 21:24:57,"ntc1_C",-6.87540149532555,1123934
18,2026-08-08 21:24:57,"ntc2_C",-7.08181106468453,1130563
18,2026-08-08 21:24:57,"testSB_C",-6.96007570003309,1124188
19,2026-08-08 21:24:57,"ntc1_C",-6.87303985175811,1123489
19,2026-08-08 21:24:57,"ntc2_C",-7.04648380911004,1130270
19,2026-08-08 21:24:57,"testSB_C",-6.91606799069473,1125838
20,2026-08-08 21:24:57,"ntc1_C",-6.709548329303,1114078
20,2026-08-08 21:24:57,"ntc2_C",-7.06545946337235,1132229
20,2026-08-08 21:24:57,"testSB_C",-6.69852926681614,1112009
21,2026-08-08 21:24:57,"ntc1_C",-6.6746896810327,1110464
21,2026-08-08 21:24:57,"ntc2_C",-7.05394929493622,1130441
21,2026-08-08 21:24:57,"testSB_C",-6.78402366632486,1118230
22,2026-08-08 21:24:57,"ntc1_C",-6.60122029212312,1110147
22,2026-08-08 21:24:57,"ntc2_C",-6.86758815687796,1123445
22,2026-08-08 21:24:57,"testSB_C",-6.73330432124533,1114223
23,2026-08-08 21:24:57,"ntc1_C",-6.80073085043313,1121457
23,2026-08-08 21:24:57,"ntc2_C",-6.8591148352478,1121339
23,2026-08-08 21:24:57,"testSB_C",-6.81489821334503,1117353
24,2026-08-08 21:24:57,"ntc1_C",-6.60742586609877,1110443
24,2026-08-08 21:24:57,"ntc2_C",-6.72711580705396,1117558
24,2026-08-08 21:24:57,"testSB_C",-6.54787494773672,1105317
1,2026-08-09 00:24:57,"ntc1_C",-13.4264323880996,1462523
1,2026-08-09 00:24:57,"testSB_C",-13.4550486189254,1467334
2,2026-08-09 00:24:57,"ntc1_C",-13.3912562237166,1462655
2,2026-08-09 00:24:57,"ntc2_C",-13.3753113694316,1461288
2,2026-08-09 00:24:57,"testSB_C",-13.3633287770961,1463433
3,2026-08-09 00:24:57,"ntc1_C",-13.3347268714634,1461533
3,2026-08-09 00:24:57,"ntc2_C",-13.2979679832205,1458027
3,2026-08-09 00:24:57,"testSB_C",-13.2685739064025,1455589
4,2026-08-09 00:24:57,"ntc1_C",-13.2863334245304,1458042
4,2026-08-09 00:24:57,"ntc2_C",-13.2818982259399,1454297
4,2026-08-09 00:24:57,"testSB_C",-13.2805419290123,1454468
5,2026-08-09 00:24:57,"ntc1_C",-13.2391695704184,1452388
5,2026-08-09 00:24:57,"ntc2_C",-13.243301589806,1454370
5,2026-08-09 00:24:57,"testSB_C",-13.212351470311,1453720
6,2026-08-09 00:24:57,"ntc1_C",-13.2040418822023,1450867
6,2026-08-09 00:24:57,"ntc2_C",-13.2259891209774,1454039
6,2026-08-09 00:24:57,"testSB_C",-13.2065235818355,1453125
7,2026-08-09 00:24:57,"ntc1_C",-13.1715835359379,1449088
7,2026-08-09 00:24:57,"ntc2_C",-13.2122818372275,1453954
7,2026-08-09 00:24:57,"testSB_C",-13.197291035193,1452947
8,2026-08-09 00:24:57,"ntc1_C",-13.1714592930028,1454375
8,2026-08-09 00:24:57,"ntc2_C",-13.1799192087745,1449123
8,2026-08-09 00:24:57,"testSB_C",-13.2084486870473,1448263
9,2026-08-09 00:24:57,"ntc1_C",-13.1541455010967,1447126
9,2026-08-09 00:24:57,"ntc2_C",-13.1844703428819,1454132
9,2026-08-09 00:24:57,"testSB_C",-13.1640116684571,1450518
10,2026-08-09 00:24:57,"ntc1_C",-13.1485611408456,1450071
10,2026-08-09 00:24:57,"ntc2_C",-13.1842034022583,1448622
10,2026-08-09 00:24:57,"testSB_C",-13.1658032546277,1448649
11,2026-08-09 00:24:57,"ntc1_C",-13.1631392294863,1451200
11,2026-08-09 00:24:57,"ntc2_C",-13.1997051818129,1452876
11,2026-08-09 00:24:57,"testSB_C",-13.1657076261,1448853
12,2026-08-09 00:24:57,"ntc1_C",-13.1964466182603,1452020
12,2026-08-09 00:24:57,"ntc2_C",-13.1739045004618,1449881
12,2026-08-09 00:24:57,"testSB_C",-13.1670358665007,1449338
13,2026-08-09 00:24:57,"ntc1_C",-13.1353888696698,1452623
13,2026-08-09 00:24:57,"ntc2_C",-13.1560978232015,1446644
13,2026-08-09 00:24:57,"testSB_C",-13.1445818614546,1448246
14,2026-08-09 00:24:57,"ntc1_C",-13.1282398018325,1445685
14,2026-08-09 00:24:57,"ntc2_C",-13.1429478095939,1450023
14,2026-08-09 00:24:57,"testSB_C",-13.1279196770261,1449038
15,2026-08-09 00:24:57,"ntc1_C",-13.1146319616623,1443709
15,2026-08-09 00:24:57,"ntc2_C",-13.1292077352753,1449749
15,2026-08-09 00:24:57,"testSB_C",-13.132503671572,1450209
16,2026-08-09 00:24:57,"ntc1_C",-13.1006329829224,1444606
16,2026-08-09 00:24:57,"ntc2_C",-13.0996883299681,1443774
16,2026-08-09 00:24:57,"testSB_C",-13.0925512792064,1443303
17,2026-08-09 00:24:57,"ntc1_C",-13.1073992446352,1444879
17,2026-08-09 00:24:57,"ntc2_C",-13.0753433667816,1442233
17,2026-08-09 00:24:57,"testSB_C",-13.0769233433119,1446781
18,2026-08-09 00:24:57,"ntc1_C",-13.0730350791613,1447015
18,2026-08-09 00:24:57,"ntc2_C",-13.0815513500653,1443746
18,2026-08-09 00:24:57,"testSB_C",-13.0340979830017,1440368
19,2026-08-09 00:24:57,"ntc1_C",-13.0504321182993,1445423
19,2026-08-09 00:24:57,"ntc2_C",-13.0426857023208,1443502
19,2026-08-09 00:24:57,"testSB_C",-13.0257290007822,1444516
20,2026-08-09 00:24:57,"ntc1_C",-13.0239210266417,1441441
20,2026-08-09 00:24:57,"ntc2_C",-13.0292763463927,1444126
20,2026-08-09 00:24:57,"testSB_C",-13.0167518950299,1438913
21,2026-08-09 00:24:57,"ntc1_C",-13.0067189242307,1437409
21,2026-08-09 00:24:57,"ntc2_C",-13.0277648307263,1442352
21,2026-08-09 00:24:57,"testSB_C",-12.9907932486764,1440414
22,2026-08-09 00:24:57,"ntc1_C",-12.9908976124319,1440656
22,2026-08-09 00:24:57,"ntc2_C",-12.9976153723097,1442412
22,2026-08-09 00:24:57,"testSB_C",-12.9744109012189,1437233
23,2026-08-09 00:24:57,"ntc1_C",-12.9808663034604,1442863
23,2026-08-09 00:24:57,"ntc2_C",-12.9975420493798,1440358
23,2026-08-09 00:24:57,"testSB_C",-13.0090715548803,1438182
24,2026-08-09 00:24:57,"ntc1_C",-12.9488934345612,1438259
24,2026-08-09 00:24:57,"ntc2_C",-12.9498041279933,1440405
24,2026-08-09 00:24:57,"testSB_C",-12.9224984773733,1433412
1,2026-08-09 03:24:57,"ntc1_C",-14.4060220759847,1522183
1,2026-08-09 03:24:57,"testSB_C",-14.3655931971188,1522865
2,2026-08-09 03:24:57,"ntc1_C",-14.3350141259212,1520086
2,2026-08-09 03:24:57,"ntc2_C",-14.2877460516974,1516722
2,2026-08-09 03:24:57,"testSB_C",-14.2741670134717,1518790
3,2026-08-09 03:24:57,"ntc1_C",-14.292460487287,1519748
3,2026-08-09 03:24:57,"ntc2_C",-14.2183474014879,1513821
3,2026-08-09 03:24:57,"testSB_C",-14.1364110764397,1508032
4,2026-08-09 03:24:57,"ntc1_C",-14.2817147561916,1518471
4,2026-08-09 03:24:57,"ntc2_C",-14.2623205929111,1513639
4,2026-08-09 03:24:57,"testSB_C",-14.1657843730598,1507951
5,2026-08-09 03:24:57,"ntc1_C",-14.2842596518656,1515677
5,2026-08-09 03:24:57,"ntc2_C",-14.2170178788078,1513300
5,2026-08-09 03:24:57,"testSB_C",-14.1787947044048,1512181
6,2026-08-09 03:24:57,"ntc1_C",-14.2897257329568,1516534
6,2026-08-09 03:24:57,"ntc2_C",-14.1810043957129,1511814
6,2026-08-09 03:24:57,"testSB_C",-14.1853293437811,1512311
7,2026-08-09 03:24:57,"ntc1_C",-14.1670873615285,1509173
7,2026-08-09 03:24:57,"ntc2_C",-14.2122397559884,1514510
7,2026-08-09 03:24:57,"testSB_C",-14.1858346447038,1512731
8,2026-08-09 03:24:57,"ntc1_C",-14.1900567057115,1516091
8,2026-08-09 03:24:57,"ntc2_C",-14.0945393023773,1504224
8,2026-08-09 03:24:57,"testSB_C",-14.1685339207064,1506124
9,2026-08-09 03:24:57,"ntc1_C",-14.1209262617989,1505337
9,2026-08-09 03:24:57,"ntc2_C",-14.1499166586846,1512574
9,2026-08-09 03:24:57,"testSB_C",-14.1118345082044,1507725
10,2026-08-09 03:24:57,"ntc1_C",-14.1673775386868,1511594
10,2026-08-09 03:24:57,"ntc2_C",-14.1269122449321,1505426
10,2026-08-09 03:24:57,"testSB_C",-14.1140249927118,1505802
11,2026-08-09 03:24:57,"ntc1_C",-14.1019501411683,1507841
11,2026-08-09 03:24:57,"ntc2_C",-14.1887310018807,1512692
11,2026-08-09 03:24:57,"testSB_C",-14.077206181058,1503740
12,2026-08-09 03:24:57,"ntc1_C",-14.1848476816957,1511749
12,2026-08-09 03:24:57,"ntc2_C",-14.1419797780096,1508275
12,2026-08-09 03:24:57,"testSB_C",-14.1111099952683,1506254
13,2026-08-09 03:24:57,"ntc1_C",-14.0810549835094,1509747
13,2026-08-09 03:24:57,"ntc2_C",-14.1741457938808,1508012
13,2026-08-09 03:24:57,"testSB_C",-14.1055311568681,1506154
14,2026-08-09 03:24:57,"ntc1_C",-14.0810043473876,1502971
14,2026-08-09 03:24:57,"ntc2_C",-14.044208906884,1504311
14,2026-08-09 03:24:57,"testSB_C",-14.1729757544616,1512142
15,2026-08-09 03:24:57,"ntc1_C",-14.1417547088605,1505469
15,2026-08-09 03:24:57,"ntc2_C",-14.1437591846033,1511023
15,2026-08-09 03:24:57,"testSB_C",-14.1116068975512,1509311
16,2026-08-09 03:24:57,"ntc1_C",-14.089317104263,1504078
16,2026-08-09 03:24:57,"ntc2_C",-14.0533158991278,1501078
16,2026-08-09 03:24:57,"testSB_C",-14.0578330415623,1501305
17,2026-08-09 03:24:57,"ntc1_C",-14.0502523088908,1501548
17,2026-08-09 03:24:57,"ntc2_C",-14.0959125511039,1503535
17,2026-08-09 03:24:57,"testSB_C",-14.0817904120415,1507316
18,2026-08-09 03:24:57,"ntc1_C",-14.1180518535832,1510009
18,2026-08-09 03:24:57,"ntc2_C",-14.0645650542083,1502776
18,2026-08-09 03:24:57,"testSB_C",-14.1247626835271,1505933
19,2026-08-09 03:24:57,"ntc1_C",-14.1574496596754,1512201
19,2026-08-09 03:24:57,"ntc2_C",-14.1248742857052,1508671
19,2026-08-09 03:24:57,"testSB_C",-14.0549529722963,1506476
20,2026-08-09 03:24:57,"ntc1_C",-14.1433356775412,1508822
20,2026-08-09 03:24:57,"ntc2_C",-14.0594775142885,1506131
20,2026-08-09 03:24:57,"testSB_C",-14.1372339584362,1506231
21,2026-08-09 03:24:57,"ntc1_C",-14.0985868695432,1502849
21,2026-08-09 03:24:57,"ntc2_C",-14.1139387193788,1507706
21,2026-08-09 03:24:57,"testSB_C",-14.1199752982671,1508335
22,2026-08-09 03:24:57,"ntc1_C",-14.1103673169666,1507989
22,2026-08-09 03:24:57,"ntc2_C",-14.0409534907613,1505116
22,2026-08-09 03:24:57,"testSB_C",-14.0668899106498,1502758
23,2026-08-09 03:24:57,"ntc1_C",-14.0215639993056,1505428
23,2026-08-09 03:24:57,"ntc2_C",-14.0888175530677,1505941
23,2026-08-09 03:24:57,"testSB_C",-14.1199489458634,1504797
24,2026-08-09 03:24:57,"ntc1_C",-14.0560292545369,1504729
24,2026-08-09 03:24:57,"ntc2_C",-14.0200340555386,1504691
24,2026-08-09 03:24:57,"testSB_C",-14.0844292217806,1502996
1,2026-08-09 06:24:57,"ntc1_C",-13.0950780652456,1442870
1,2026-08-09 06:24:57,"testSB_C",-13.3472407153429,1460893
2,2026-08-09 06:24:57,"ntc1_C",-13.6074981503684,1475622
2,2026-08-09 06:24:57,"ntc2_C",-13.4398274232205,1465141
2,2026-08-09 06:24:57,"testSB_C",-13.0560942929248,1445214
3,2026-08-09 06:24:57,"ntc1_C",-10.8280413974416,1319437
3,2026-08-09 06:24:57,"ntc2_C",-11.0442190174962,1329874
3,2026-08-09 06:24:57,"testSB_C",-11.4377359684095,1350815
4,2026-08-09 06:24:57,"ntc1_C",-10.3451809917202,1293104
4,2026-08-09 06:24:57,"ntc2_C",-10.5068385060207,1298580
4,2026-08-09 06:24:57,"testSB_C",-11.1485017864062,1333266
5,2026-08-09 06:24:57,"ntc1_C",-10.4174497013204,1294333
5,2026-08-09 06:24:57,"ntc2_C",-10.9804289907253,1326077
5,2026-08-09 06:24:57,"testSB_C",-11.7418661355785,1369041
6,2026-08-09 06:24:57,"ntc1_C",-11.2429175246742,1339320
6,2026-08-09 06:24:57,"ntc2_C",-9.79763974697016,1264161
6,2026-08-09 06:24:57,"testSB_C",-10.6883889828757,1311226
7,2026-08-09 06:24:57,"ntc1_C",-9.6071486697528,1252847
7,2026-08-09 06:24:57,"ntc2_C",-10.6318583854893,1308577
7,2026-08-09 06:24:57,"testSB_C",-11.5435570133003,1358131
8,2026-08-09 06:24:57,"ntc1_C",-10.3668199643994,1297050
8,2026-08-09 06:24:57,"ntc2_C",-10.4034612023005,1293859
8,2026-08-09 06:24:57,"testSB_C",-9.59052778459329,1249442
9,2026-08-09 06:24:57,"ntc1_C",-9.61958283572972,1252762
9,2026-08-09 06:24:57,"ntc2_C",-10.2760071674895,1291302
9,2026-08-09 06:24:57,"testSB_C",-10.194018886481,1284881
10,2026-08-09 06:24:57,"ntc1_C",-10.1436361390107,1282749
10,2026-08-09 06:24:57,"ntc2_C",-10.1697535332071,1280916
10,2026-08-09 06:24:57,"testSB_C",-9.42100361743212,1243306
11,2026-08-09 06:24:57,"ntc1_C",-10.2389944510247,1287997
11,2026-08-09 06:24:57,"ntc2_C",-9.9536074337077,1272616
11,2026-08-09 06:24:57,"testSB_C",-10.2506620555332,1286360
12,2026-08-09 06:24:57,"ntc1_C",-9.61973858705898,1254865
12,2026-08-09 06:24:57,"ntc2_C",-8.90938360896973,1218355
12,2026-08-09 06:24:57,"testSB_C",-9.95132918907763,1271069
13,2026-08-09 06:24:57,"ntc1_C",-9.72064265158866,1263693
13,2026-08-09 06:24:57,"ntc2_C",-8.98287670004038,1220059
13,2026-08-09 06:24:57,"testSB_C",-9.94177847347481,1270780
14,2026-08-09 06:24:57,"ntc1_C",-9.62382499313901,1253082
14,2026-08-09 06:24:57,"ntc2_C",-9.71397835282329,1260728
14,2026-08-09 06:24:57,"testSB_C",-9.34188109219309,1241616
15,2026-08-09 06:24:57,"ntc1_C",-9.99514339733992,1271188
15,2026-08-09 06:24:57,"ntc2_C",-8.99513299634594,1224664
15,2026-08-09 06:24:57,"testSB_C",-8.95703683024055,1223002
16,2026-08-09 06:24:57,"ntc1_C",-8.98047394318189,1221008
16,2026-08-09 06:24:57,"ntc2_C",-9.57254447777859,1250142
16,2026-08-09 06:24:57,"testSB_C",-9.27461598634426,1234983
17,2026-08-09 06:24:57,"ntc1_C",-9.37519146845239,1240728
17,2026-08-09 06:24:57,"ntc2_C",-10.3162006620865,1288671
17,2026-08-09 06:24:57,"testSB_C",-9.6248671129145,1256685
18,2026-08-09 06:24:57,"ntc1_C",-9.5682585032622,1254248
18,2026-08-09 06:24:57,"ntc2_C",-9.31393749726658,1238141
18,2026-08-09 06:24:57,"testSB_C",-8.76336548594452,1209928
19,2026-08-09 06:24:57,"ntc1_C",-9.5878108203774,1254936
19,2026-08-09 06:24:57,"ntc2_C",-9.36690442579567,1242395
19,2026-08-09 06:24:57,"testSB_C",-9.71428282534498,1261878
20,2026-08-09 06:24:57,"ntc1_C",-9.2211656610782,1234174
20,2026-08-09 06:24:57,"ntc2_C",-8.89542004660808,1219907
20,2026-08-09 06:24:57,"testSB_C",-8.63492541135815,1203289
21,2026-08-09 06:24:57,"ntc1_C",-9.61196749048463,1251557
21,2026-08-09 06:24:57,"ntc2_C",-9.16027032189191,1231762
21,2026-08-09 06:24:57,"testSB_C",-9.5732514606089,1252867
22,2026-08-09 06:24:57,"ntc1_C",-9.85594326906028,1267619
22,2026-08-09 06:24:57,"ntc2_C",-9.71345107452186,1261541
22,2026-08-09 06:24:57,"testSB_C",-9.74840239262664,1259909
23,2026-08-09 06:24:57,"ntc1_C",-9.17208055909788,1235203
23,2026-08-09 06:24:57,"ntc2_C",-10.3262929762229,1291574
23,2026-08-09 06:24:57,"testSB_C",-9.21488173721605,1232047
24,2026-08-09 06:24:57,"ntc1_C",-9.76497183742271,1262968
24,2026-08-09 06:24:57,"ntc2_C",-9.51080289057785,1251798
24,2026-08-09 06:24:57,"testSB_C",-9.83327833145051,1263637
1,2026-08-09 09:24:57,"ntc1_C",-8.55084710687481,1198545
1,2026-08-09 09:24:57,"testSB_C",-8.72747780750393,1209886
2,2026-08-09 09:24:57,"ntc1_C",-8.76772801289394,1211081
2,2026-08-09 09:24:57,"ntc2_C",-8.79898670148157,1212302
2,2026-08-09 09:24:57,"testSB_C",-8.62119385212719,1206143
3,2026-08-09 09:24:57,"ntc1_C",-6.13106130825616,1089607
3,2026-08-09 09:24:57,"ntc2_C",-6.81962251109422,1119419
3,2026-08-09 09:24:57,"testSB_C",-7.37407662336079,1144568
4,2026-08-09 09:24:57,"ntc1_C",-6.66007259292616,1112742
4,2026-08-09 09:24:57,"ntc2_C",-6.57439149325575,1106282
4,2026-08-09 09:24:57,"testSB_C",-7.51991059912842,1149893
5,2026-08-09 09:24:57,"ntc1_C",-7.5886126597195,1153268
5,2026-08-09 09:24:57,"ntc2_C",-7.11285007941444,1132635
5,2026-08-09 09:24:57,"testSB_C",-7.39512946887743,1146630
6,2026-08-09 09:24:57,"ntc1_C",-7.61417099120922,1155159
6,2026-08-09 09:24:57,"ntc2_C",-7.03368247549611,1129452
6,2026-08-09 09:24:57,"testSB_C",-7.65248739192594,1158563
7,2026-08-09 09:24:57,"ntc1_C",-7.39079979363981,1144590
7,2026-08-09 09:24:57,"ntc2_C",-6.51329111923695,1106298
7,2026-08-09 09:24:57,"testSB_C",-7.2989894578833,1142290
8,2026-08-09 09:24:57,"ntc1_C",-7.57818257682754,1157616
8,2026-08-09 09:24:57,"ntc2_C",-7.49336587821,1149083
8,2026-08-09 09:24:57,"testSB_C",-6.60055791616213,1106120
9,2026-08-09 09:24:57,"ntc1_C",-7.57115090113325,1152415
9,2026-08-09 09:24:57,"ntc2_C",-7.11751895853286,1135222
9,2026-08-09 09:24:57,"testSB_C",-7.54688851075019,1153385
10,2026-08-09 09:24:57,"ntc1_C",-7.49652519881073,1151546
10,2026-08-09 09:24:57,"ntc2_C",-6.84055087982262,1118370
10,2026-08-09 09:24:57,"testSB_C",-7.57733503320406,1153276
11,2026-08-09 09:24:57,"ntc1_C",-7.74238514379255,1163371
11,2026-08-09 09:24:57,"ntc2_C",-7.07082943364372,1131540
11,2026-08-09 09:24:57,"testSB_C",-7.41050529696798,1145731
12,2026-08-09 09:24:57,"ntc1_C",-6.56329745773979,1107959
12,2026-08-09 09:24:57,"ntc2_C",-6.97998064760594,1126266
12,2026-08-09 09:24:57,"testSB_C",-7.37880104878946,1144514
13,2026-08-09 09:24:57,"ntc1_C",-7.34024643655238,1146847
13,2026-08-09 09:24:57,"ntc2_C",-6.86331658801976,1119091
13,2026-08-09 09:24:57,"testSB_C",-7.22521826082937,1137554
14,2026-08-09 09:24:57,"ntc1_C",-7.27492551065558,1138705
14,2026-08-09 09:24:57,"ntc2_C",-6.85871370467362,1122278
14,2026-08-09 09:24:57,"testSB_C",-7.23929636582602,1139656
15,2026-08-09 09:24:57,"ntc1_C",-7.34513353817988,1141069
15,2026-08-09 09:24:57,"ntc2_C",-6.80780652030785,1120232
15,2026-08-09 09:24:57,"testSB_C",-6.75309701599991,1117961
16,2026-08-09 09:24:57,"ntc1_C",-7.4684623688355,1148027
16,2026-08-09 09:24:57,"ntc2_C",-7.23112514456352,1136309
16,2026-08-09 09:24:57,"testSB_C",-7.35547878487989,1142026
17,2026-08-09 09:24:57,"ntc1_C",-7.24304337035733,1137447
17,2026-08-09 09:24:57,"ntc2_C",-7.18380251056016,1134211
17,2026-08-09 09:24:57,"testSB_C",-7.534238051513,1154025
18,2026-08-09 09:24:57,"ntc1_C",-7.24914455673496,1141160
18,2026-08-09 09:24:57,"ntc2_C",-7.01012639309198,1127271
18,2026-08-09 09:24:57,"testSB_C",-7.31526068341515,1140570
19,2026-08-09 09:24:57,"ntc1_C",-7.3266670561697,1144433
19,2026-08-09 09:24:57,"ntc2_C",-7.21152234554722,1137892
19,2026-08-09 09:24:57,"testSB_C",-7.07015353288898,1132924
20,2026-08-09 09:24:57,"ntc1_C",-7.20506247883566,1136787
20,2026-08-09 09:24:57,"ntc2_C",-6.59390747710586,1110699
20,2026-08-09 09:24:57,"testSB_C",-6.95604293340961,1123727
21,2026-08-09 09:24:57,"ntc1_C",-7.23971316427617,1136282
21,2026-08-09 09:24:57,"ntc2_C",-6.57850403065913,1108775
21,2026-08-09 09:24:57,"testSB_C",-7.44940483499607,1148943
22,2026-08-09 09:24:57,"ntc1_C",-7.22780376889523,1138827
22,2026-08-09 09:24:57,"ntc2_C",-6.49809663460258,1106687
22,2026-08-09 09:24:57,"testSB_C",-7.35137770190096,1142615
23,2026-08-09 09:24:57,"ntc1_C",-7.01883438819158,1131456
23,2026-08-09 09:24:57,"ntc2_C",-6.59155033319666,1109195
23,2026-08-09 09:24:57,"testSB_C",-7.26047388785258,1137790
24,2026-08-09 09:24:57,"ntc1_C",-7.2120830070441,1138120
24,2026-08-09 09:24:57,"ntc2_C",-6.87461057012882,1124287
24,2026-08-09 09:24:57,"testSB_C",-7.13055588280258,1131839
1,2026-08-09 12:24:57,"ntc1_C",-3.62249028707112,980842
1,2026-08-09 12:24:57,"testSB_C",-3.63530275427189,983630
2,2026-08-09 12:24:57,"ntc1_C",-3.86538398978922,992105
2,2026-08-09 12:24:57,"ntc2_C",-3.70078673591843,985266
2,2026-08-09 12:24:57,"testSB_C",-3.405176291553,975847
3,2026-08-09 12:24:57,"ntc1_C",-0.950771025182462,883417
3,2026-08-09 12:24:57,"ntc2_C",-1.50223285124378,902282
3,2026-08-09 12:24:57,"testSB_C",-1.96602128792841,919120
4,2026-08-09 12:24:57,"ntc1_C",-1.52248385991214,903513
4,2026-08-09 12:24:57,"ntc2_C",-1.52157496437042,901426
4,2026-08-09 12:24:57,"testSB_C",-2.05734929484095,921304
5,2026-08-09 12:24:57,"ntc1_C",-2.25375619828014,928651
5,2026-08-09 12:24:57,"ntc2_C",-1.83917700336229,914548
5,2026-08-09 12:24:57,"testSB_C",-1.90733884898191,917757
6,2026-08-09 12:24:57,"ntc1_C",-2.26606263037496,929835
6,2026-08-09 12:24:57,"ntc2_C",-1.78150718380999,912719
6,2026-08-09 12:24:57,"testSB_C",-2.19221069579208,928281
7,2026-08-09 12:24:57,"ntc1_C",-1.93188315533638,917134
7,2026-08-09 12:24:57,"ntc2_C",-1.51853081616713,903493
7,2026-08-09 12:24:57,"testSB_C",-1.88206824422099,916971
8,2026-08-09 12:24:57,"ntc1_C",-2.12705063698104,927819
8,2026-08-09 12:24:57,"ntc2_C",-2.05849994476353,921666
8,2026-08-09 12:24:57,"testSB_C",-1.52816195956001,900563
9,2026-08-09 12:24:57,"ntc1_C",-2.21683321741557,927374
9,2026-08-09 12:24:57,"ntc2_C",-1.7342771022677,912466
9,2026-08-09 12:24:57,"testSB_C",-2.22538151607921,929288
10,2026-08-09 12:24:57,"ntc1_C",-2.12810549213691,926162
10,2026-08-09 12:24:57,"ntc2_C",-1.66611852387132,906714
10,2026-08-09 12:24:57,"testSB_C",-2.15970501733773,925607
11,2026-08-09 12:24:57,"ntc1_C",-2.40026740834418,936621
11,2026-08-09 12:24:57,"ntc2_C",-1.80834967303741,914083
11,2026-08-09 12:24:57,"testSB_C",-2.15093328455526,925581
12,2026-08-09 12:24:57,"ntc1_C",-1.59828844808089,906016
12,2026-08-09 12:24:57,"ntc2_C",-1.73584730199542,910538
12,2026-08-09 12:24:57,"testSB_C",-2.4216352343492,935916
13,2026-08-09 12:24:57,"ntc1_C",-2.20316293806059,931035
13,2026-08-09 12:24:57,"ntc2_C",-1.58012268968884,903245
13,2026-08-09 12:24:57,"testSB_C",-1.8469755044415,914539
14,2026-08-09 12:24:57,"ntc1_C",-1.92833394877778,916712
14,2026-08-09 12:24:57,"ntc2_C",-1.64924961775779,908620
14,2026-08-09 12:24:57,"testSB_C",-2.00057149687552,921440
15,2026-08-09 12:24:57,"ntc1_C",-2.08620390367707,921885
15,2026-08-09 12:24:57,"ntc2_C",-1.67811631842898,909826
15,2026-08-09 12:24:57,"testSB_C",-1.73399783723204,912054
16,2026-08-09 12:24:57,"ntc1_C",-2.30108563722092,930782
16,2026-08-09 12:24:57,"ntc2_C",-1.89966133101461,915225
16,2026-08-09 12:24:57,"testSB_C",-2.16014828664629,924855
17,2026-08-09 12:24:57,"ntc1_C",-1.95979775343528,917954
17,2026-08-09 12:24:57,"ntc2_C",-1.95448529224552,917424
17,2026-08-09 12:24:57,"testSB_C",-2.26852429220833,931932
18,2026-08-09 12:24:57,"ntc1_C",-2.00174316453729,922373
18,2026-08-09 12:24:57,"ntc2_C",-1.98949857422883,919687
18,2026-08-09 12:24:57,"testSB_C",-2.18120597936468,925972
19,2026-08-09 12:24:57,"ntc1_C",-2.12870528626979,926763
19,2026-08-09 12:24:57,"ntc2_C",-2.09456705038514,924498
19,2026-08-09 12:24:57,"testSB_C",-1.92810395801928,919563
20,2026-08-09 12:24:57,"ntc1_C",-2.04912208836413,922116
20,2026-08-09 12:24:57,"ntc2_C",-1.67656828935054,909869
20,2026-08-09 12:24:57,"testSB_C",-1.75668609759066,910056
21,2026-08-09 12:24:57,"ntc1_C",-2.08901477376543,922119
21,2026-08-09 12:24:57,"ntc2_C",-1.74731089368453,911513
21,2026-08-09 12:24:57,"testSB_C",-2.37289805631741,934948
22,2026-08-09 12:24:57,"ntc1_C",-2.1773023749289,927790
22,2026-08-09 12:24:57,"ntc2_C",-1.50978577396171,904192
22,2026-08-09 12:24:57,"testSB_C",-2.36033186575514,933100
23,2026-08-09 12:24:57,"ntc1_C",-2.19950050801447,930513
23,2026-08-09 12:24:57,"ntc2_C",-1.71301399153538,910134
23,2026-08-09 12:24:57,"testSB_C",-2.23012961643536,927847
24,2026-08-09 12:24:57,"ntc1_C",-2.11732773058259,925507
24,2026-08-09 12:24:57,"ntc2_C",-1.97399752496136,921602
24,2026-08-09 12:24:57,"testSB_C",-3.03649661855309,958524
1,2026-08-09 15:24:57,"ntc1_C",-0.450895370294802,862876
1,2026-08-09 15:24:57,"testSB_C",-0.533525409184278,867817
2,2026-08-09 15:24:57,"ntc1_C",-0.602252685852477,869508
2,2026-08-09 15:24:57,"ntc2_C",-0.197201721679562,855246
2,2026-08-09 15:24:57,"testSB_C",-0.203276718042616,857596
3,2026-08-09 15:24:57,"ntc1_C",1.53682240800549,799372
3,2026-08-09 15:24:57,"ntc2_C",1.50048696804657,799608
3,2026-08-09 15:24:57,"testSB_C",1.47070363844011,800440
4,2026-08-09 15:24:57,"ntc1_C",1.34545792463013,805054
4,2026-08-09 15:24:57,"ntc2_C",1.35865848921986,802831
4,2026-08-09 15:24:57,"testSB_C",1.42916064479613,800718
5,2026-08-09 15:24:57,"ntc1_C",1.24469021034906,806600
5,2026-08-09 15:24:57,"ntc2_C",1.28193518829806,806626
5,2026-08-09 15:24:57,"testSB_C",1.51664873951489,799652
6,2026-08-09 15:24:57,"ntc1_C",1.14480080493649,810554
6,2026-08-09 15:24:57,"ntc2_C",1.25681543628048,807659
6,2026-08-09 15:24:57,"testSB_C",1.32936495076763,805594
7,2026-08-09 15:24:57,"ntc1_C",1.49889750343402,798854
7,2026-08-09 15:24:57,"ntc2_C",1.23709716617623,808664
7,2026-08-09 15:24:57,"testSB_C",1.47381851331443,801178
8,2026-08-09 15:24:57,"ntc1_C",1.27200494442343,809149
8,2026-08-09 15:24:57,"ntc2_C",1.47194142214454,799625
8,2026-08-09 15:24:57,"testSB_C",1.38469841107684,801021
9,2026-08-09 15:24:57,"ntc1_C",1.28456716437415,805499
9,2026-08-09 15:24:57,"ntc2_C",1.51518268096078,800626
9,2026-08-09 15:24:57,"testSB_C",1.2635082515875,807501
10,2026-08-09 15:24:57,"ntc1_C",1.34998078513541,805201
10,2026-08-09 15:24:57,"ntc2_C",1.3539720716783,802994
10,2026-08-09 15:24:57,"testSB_C",1.21868334946413,807889
11,2026-08-09 15:24:57,"ntc1_C",1.19884505522816,810299
11,2026-08-09 15:24:57,"ntc2_C",1.4287449532323,802482
11,2026-08-09 15:24:57,"testSB_C",1.30303832286171,805482
12,2026-08-09 15:24:57,"ntc1_C",1.26744927615783,807376
12,2026-08-09 15:24:57,"ntc2_C",1.49080144002488,799720
12,2026-08-09 15:24:57,"testSB_C",1.16497191196839,810043
13,2026-08-09 15:24:57,"ntc1_C",1.13551441806169,813899
13,2026-08-09 15:24:57,"ntc2_C",1.61205279671049,794389
13,2026-08-09 15:24:57,"testSB_C",1.51471034180759,798815
14,2026-08-09 15:24:57,"ntc1_C",1.59749088401293,795499
14,2026-08-09 15:24:57,"ntc2_C",1.44829193522401,802183
14,2026-08-09 15:24:57,"testSB_C",1.29808021688262,806868
15,2026-08-09 15:24:57,"ntc1_C",1.30835786953736,804191
15,2026-08-09 15:24:57,"ntc2_C",1.4231708529307,803086
15,2026-08-09 15:24:57,"testSB_C",1.20918308757302,810151
16,2026-08-09 15:24:57,"ntc1_C",1.15597366297777,809793
16,2026-08-09 15:24:57,"ntc2_C",1.61406356664304,794534
16,2026-08-09 15:24:57,"testSB_C",1.33451792090534,803435
17,2026-08-09 15:24:57,"ntc1_C",1.59342263967739,795628
17,2026-08-09 15:24:57,"ntc2_C",1.47648407556397,799112
17,2026-08-09 15:24:57,"testSB_C",1.41472836973969,803471
18,2026-08-09 15:24:57,"ntc1_C",1.54639817745601,799655
18,2026-08-09 15:24:57,"ntc2_C",1.13871196115832,810923
18,2026-08-09 15:24:57,"testSB_C",1.2758331529966,805602
19,2026-08-09 15:24:57,"ntc1_C",1.42660765587948,803156
19,2026-08-09 15:24:57,"ntc2_C",1.27584719056722,807153
19,2026-08-09 15:24:57,"testSB_C",1.44915658465123,802664
20,2026-08-09 15:24:57,"ntc1_C",1.5499386713534,797717
20,2026-08-09 15:24:57,"ntc2_C",1.37430295905665,804713
20,2026-08-09 15:24:57,"testSB_C",1.8021716257104,788675
21,2026-08-09 15:24:57,"ntc1_C",1.58246791279305,795549
21,2026-08-09 15:24:57,"ntc2_C",1.30450064299129,806153
21,2026-08-09 15:24:57,"testSB_C",1.3006775496039,806358
22,2026-08-09 15:24:57,"ntc1_C",1.55430953722293,798413
22,2026-08-09 15:24:57,"ntc2_C",1.72642238819952,793940
22,2026-08-09 15:24:57,"testSB_C",1.24693269557616,806972
23,2026-08-09 15:24:57,"ntc1_C",1.18610998703781,811922
23,2026-08-09 15:24:57,"ntc2_C",1.57236228973096,797462
23,2026-08-09 15:24:57,"testSB_C",1.32523265908372,804208
24,2026-08-09 15:24:57,"ntc1_C",1.60918579123535,796569
24,2026-08-09 15:24:57,"ntc2_C",1.3562259374832,805980
24,2026-08-09 15:24:57,"testSB_C",1.31991542519063,804236
1,2026-08-09 18:24:57,"ntc1_C",-1.20738380068531,889588
1,2026-08-09 18:24:57,"testSB_C",-1.57531050140409,905028
2,2026-08-09 18:24:57,"ntc1_C",-1.17607307432894,889856
2,2026-08-09 18:24:57,"ntc2_C",-0.422787519416715,863048
2,2026-08-09 18:24:57,"testSB_C",-1.33771592079574,897670
3,2026-08-09 18:24:57,"ntc1_C",1.27568453208721,807783
3,2026-08-09 18:24:57,"ntc2_C",1.37960886627224,803493
3,2026-08-09 18:24:57,"testSB_C",1.82275919812793,789233
4,2026-08-09 18:24:57,"ntc1_C",1.26137698023393,807773
4,2026-08-09 18:24:57,"ntc2_C",1.29671058028862,804827
4,2026-08-09 18:24:57,"testSB_C",1.71263520779939,791677
5,2026-08-09 18:24:57,"ntc1_C",1.56880105145979,796185
5,2026-08-09 18:24:57,"ntc2_C",1.22756673409054,808386
5,2026-08-09 18:24:57,"testSB_C",1.58199569246108,797561
6,2026-08-09 18:24:57,"ntc1_C",1.34991843255398,803917
6,2026-08-09 18:24:57,"ntc2_C",1.11532562061075,812256
6,2026-08-09 18:24:57,"testSB_C",1.41084505781242,802967
7,2026-08-09 18:24:57,"ntc1_C",1.69826437229716,792497
7,2026-08-09 18:24:57,"ntc2_C",0.912513964231209,819265
7,2026-08-09 18:24:57,"testSB_C",1.31071595764183,806432
8,2026-08-09 18:24:57,"ntc1_C",1.33239158175081,807192
8,2026-08-09 18:24:57,"ntc2_C",1.67660134240231,793097
8,2026-08-09 18:24:57,"testSB_C",1.06675421804761,811296
9,2026-08-09 18:24:57,"ntc1_C",1.57941534623524,796041
9,2026-08-09 18:24:57,"ntc2_C",1.43610639271998,803168
9,2026-08-09 18:24:57,"testSB_C",1.39031815042745,803406
10,2026-08-09 18:24:57,"ntc1_C",1.48171078997473,800962
10,2026-08-09 18:24:57,"ntc2_C",1.07592111130225,811996
10,2026-08-09 18:24:57,"testSB_C",1.01302205087944,814582
11,2026-08-09 18:24:57,"ntc1_C",1.30758632855577,806775
11,2026-08-09 18:24:57,"ntc2_C",1.22294309440804,809129
11,2026-08-09 18:24:57,"testSB_C",1.41601041309752,801844
12,2026-08-09 18:24:57,"ntc1_C",0.85060974173615,820988
12,2026-08-09 18:24:57,"ntc2_C",1.33493508304622,804731
12,2026-08-09 18:24:57,"testSB_C",1.07937299877489,812829
13,2026-08-09 18:24:57,"ntc1_C",1.14081264105755,813726
13,2026-08-09 18:24:57,"ntc2_C",1.3280218221031,803487
13,2026-08-09 18:24:57,"testSB_C",1.44452345958831,801066
14,2026-08-09 18:24:57,"ntc1_C",1.67518982895217,793027
14,2026-08-09 18:24:57,"ntc2_C",1.120235080631,812804
14,2026-08-09 18:24:57,"testSB_C",1.26744045765463,807860
15,2026-08-09 18:24:57,"ntc1_C",1.27549381410847,805251
15,2026-08-09 18:24:57,"ntc2_C",1.25692109997152,808458
15,2026-08-09 18:24:57,"testSB_C",0.903152252039831,820163
16,2026-08-09 18:24:57,"ntc1_C",1.24793581067468,806811
16,2026-08-09 18:24:57,"ntc2_C",1.34660738301108,803100
16,2026-08-09 18:24:57,"testSB_C",1.24695905693812,806262
17,2026-08-09 18:24:57,"ntc1_C",1.41603017598845,801307
17,2026-08-09 18:24:57,"ntc2_C",1.3229225893482,804047
17,2026-08-09 18:24:57,"testSB_C",1.33779125551064,805954
18,2026-08-09 18:24:57,"ntc1_C",1.3980207860028,804425
18,2026-08-09 18:24:57,"ntc2_C",0.827049640651182,821123
18,2026-08-09 18:24:57,"testSB_C",1.14305431188325,809906
19,2026-08-09 18:24:57,"ntc1_C",1.2731689245939,808114
19,2026-08-09 18:24:57,"ntc2_C",0.948212863335812,817837
19,2026-08-09 18:24:57,"testSB_C",1.14598059390869,812486
20,2026-08-09 18:24:57,"ntc1_C",1.47733633216575,800043
20,2026-08-09 18:24:57,"ntc2_C",0.874622552024732,821016
20,2026-08-09 18:24:57,"testSB_C",1.5718139723333,795988
21,2026-08-09 18:24:57,"ntc1_C",1.48119674663599,798782
21,2026-08-09 18:24:57,"ntc2_C",0.840615684413876,821301
21,2026-08-09 18:24:57,"testSB_C",1.17289658348915,810502
22,2026-08-09 18:24:57,"ntc1_C",1.5371864865437,798961
22,2026-08-09 18:24:57,"ntc2_C",1.19113607811551,811145
22,2026-08-09 18:24:57,"testSB_C",1.18864527717096,808860
23,2026-08-09 18:24:57,"ntc1_C",1.0259875121356,817155
23,2026-08-09 18:24:57,"ntc2_C",1.13158858229815,811680
23,2026-08-09 18:24:57,"testSB_C",1.04359710020242,813335
24,2026-08-09 18:24:57,"ntc1_C",1.47777579156366,800777
24,2026-08-09 18:24:57,"ntc2_C",1.11854206633825,813701
24,2026-08-09 18:24:57,"testSB_C",1.40882338136606,801375
1,2026-08-09 21:24:57,"ntc1_C",-9.19244368013062,1230331
1,2026-08-09 21:24:57,"testSB_C",-9.23521930532155,1235198
2,2026-08-09 21:24:57,"ntc1_C",-9.05695022833294,1225454
2,2026-08-09 21:24:57,"ntc2_C",-8.82762849980213,1213719
2,2026-08-09 21:24:57,"testSB_C",-9.10340172893439,1230075
3,2026-08-09 21:24:57,"ntc1_C",-7.98050001854261,1174792
3,2026-08-09 21:24:57,"ntc2_C",-8.01127894674465,1175097
3,2026-08-09 21:24:57,"testSB_C",-7.78527296355935,1163894
4,2026-08-09 21:24:57,"ntc1_C",-7.95086837355774,1172800
4,2026-08-09 21:24:57,"ntc2_C",-7.94210085905945,1169630
4,2026-08-09 21:24:57,"testSB_C",-7.73497276376116,1160009
5,2026-08-09 21:24:57,"ntc1_C",-7.7708997752294,1161867
5,2026-08-09 21:24:57,"ntc2_C",-7.90070281562208,1169563
5,2026-08-09 21:24:57,"testSB_C",-7.77756092216993,1164631
6,2026-08-09 21:24:57,"ntc1_C",-7.73762244880862,1160980
6,2026-08-09 21:24:57,"ntc2_C",-7.87572254913118,1168864
6,2026-08-09 21:24:57,"testSB_C",-7.75213999460163,1163275
7,2026-08-09 21:24:57,"ntc1_C",-7.5458095809754,1151841
7,2026-08-09 21:24:57,"ntc2_C",-7.85065199549285,1168224
7,2026-08-09 21:24:57,"testSB_C",-7.59129145812284,1155967
8,2026-08-09 21:24:57,"ntc1_C",-7.60113520192846,1158699
8,2026-08-09 21:24:57,"ntc2_C",-7.50033042446262,1149409
8,2026-08-09 21:24:57,"testSB_C",-7.67943690337785,1155789
9,2026-08-09 21:24:57,"ntc1_C",-7.4903842528617,1148631
9,2026-08-09 21:24:57,"ntc2_C",-7.58803866820278,1157194
9,2026-08-09 21:24:57,"testSB_C",-7.48112751138382,1150299
10,2026-08-09 21:24:57,"ntc1_C",-7.43786890883302,1148799
10,2026-08-09 21:24:57,"ntc2_C",-7.62140269514617,1154499
10,2026-08-09 21:24:57,"testSB_C",-7.52922677846442,1151018
11,2026-08-09 21:24:57,"ntc1_C",-7.43835362894589,1149058
11,2026-08-09 21:24:57,"ntc2_C",-7.48340420555229,1150708
11,2026-08-09 21:24:57,"testSB_C",-7.3125971155925,1141173
12,2026-08-09 21:24:57,"ntc1_C",-7.55465501612571,1153576
12,2026-08-09 21:24:57,"ntc2_C",-7.3599033759117,1143819
12,2026-08-09 21:24:57,"testSB_C",-7.43338373319875,1147061
13,2026-08-09 21:24:57,"ntc1_C",-7.36716995470289,1148105
13,2026-08-09 21:24:57,"ntc2_C",-7.38740858957152,1143233
13,2026-08-09 21:24:57,"testSB_C",-7.27287802617337,1139764
14,2026-08-09 21:24:57,"ntc1_C",-7.16733580655642,1133729
14,2026-08-09 21:24:57,"ntc2_C",-7.39532439707688,1147059
14,2026-08-09 21:24:57,"testSB_C",-7.21501801791828,1138530
15,2026-08-09 21:24:57,"ntc1_C",-7.24575994038082,1136463
15,2026-08-09 21:24:57,"ntc2_C",-7.17411287733114,1137064
15,2026-08-09 21:24:57,"testSB_C",-7.26345682523964,1141434
16,2026-08-09 21:24:57,"ntc1_C",-7.07151521608665,1129617
16,2026-08-09 21:24:57,"ntc2_C",-7.18140374296149,1134010
16,2026-08-09 21:24:57,"testSB_C",-7.10179193279959,1130285
17,2026-08-09 21:24:57,"ntc1_C",-7.06408274105735,1129188
17,2026-08-09 21:24:57,"ntc2_C",-7.06743079167285,1128851
17,2026-08-09 21:24:57,"testSB_C",-7.0294000564694,1130544
18,2026-08-09 21:24:57,"ntc1_C",-6.96972285501124,1128256
18,2026-08-09 21:24:57,"ntc2_C",-7.11197118956778,1131951
18,2026-08-09 21:24:57,"testSB_C",-6.98212706886659,1125198
19,2026-08-09 21:24:57,"ntc1_C",-6.92310327870911,1125781
19,2026-08-09 21:24:57,"ntc2_C",-7.05562942753761,1130691
19,2026-08-09 21:24:57,"testSB_C",-6.94715629757997,1127264
20,2026-08-09 21:24:57,"ntc1_C",-6.74030720310333,1115474
20,2026-08-09 21:24:57,"ntc2_C",-6.98107596039944,1128345
20,2026-08-09 21:24:57,"testSB_C",-6.70135722083052,1112137
21,2026-08-09 21:24:57,"ntc1_C",-6.7403488567536,1113433
21,2026-08-09 21:24:57,"ntc2_C",-6.96537555126605,1126372
21,2026-08-09 21:24:57,"testSB_C",-6.87164900314912,1122226
22,2026-08-09 21:24:57,"ntc1_C",-6.65207952891404,1112447
22,2026-08-09 21:24:57,"ntc2_C",-6.86988535309786,1123550
22,2026-08-09 21:24:57,"testSB_C",-6.67698026933004,1111672
23,2026-08-09 21:24:57,"ntc1_C",-6.68156081160271,1116032
23,2026-08-09 21:24:57,"ntc2_C",-6.76783987799848,1117181
23,2026-08-09 21:24:57,"testSB_C",-6.7299786437336,1113501
24,2026-08-09 21:24:57,"ntc1_C",-6.53481060716928,1107166
24,2026-08-09 21:24:57,"ntc2_C",-6.5920426417581,1111432
24,2026-08-09 21:24:57,"testSB_C",-6.41873651771192,1099526
1,2026-08-10 00:24:57,"ntc1_C",-13.7933444080923,1484594
1,2026-08-10 00:24:57,"testSB_C",-13.7858246502358,1487272
2,2026-08-10 00:24:57,"ntc1_C",-13.7711357201848,1485510
2,2026-08-10 00:24:57,"ntc2_C",-13.67469999882,1479253
2,2026-08-10 00:24:57,"testSB_C",-13.7182029556672,1484760
3,2026-08-10 00:24:57,"ntc1_C",-13.7261558994301,1485055
3,2026-08-10 00:24:57,"ntc2_C",-13.7030531940839,1482329
3,2026-08-10 00:24:57,"testSB_C",-13.6295466555845,1477180
4,2026-08-10 00:24:57,"ntc1_C",-13.7447568141543,1485572
4,2026-08-10 00:24:57,"ntc2_C",-13.6992516121311,1479272
4,2026-08-10 00:24:57,"testSB_C",-13.6773510624975,1478206
5,2026-08-10 00:24:57,"ntc1_C",-13.5995059756185,1473909
5,2026-08-10 00:24:57,"ntc2_C",-13.5994379432524,1475656
5,2026-08-10 00:24:57,"testSB_C",-13.5490610455583,1473830
6,2026-08-10 00:24:57,"ntc1_C",-13.5832182068323,1473476
6,2026-08-10 00:24:57,"ntc2_C",-13.6099245295745,1476999
6,2026-08-10 00:24:57,"testSB_C",-13.4969901125181,1470446
7,2026-08-10 00:24:57,"ntc1_C",-13.4686657254903,1466767
7,2026-08-10 00:24:57,"ntc2_C",-13.5009748450057,1471187
7,2026-08-10 00:24:57,"testSB_C",-13.5013731428403,1471084
8,2026-08-10 00:24:57,"ntc1_C",-13.4345544365856,1470074
8,2026-08-10 00:24:57,"ntc2_C",-13.4282128371394,1463881
8,2026-08-10 00:24:57,"testSB_C",-13.4941541901155,1465248
9,2026-08-10 00:24:57,"ntc1_C",-13.4404342338341,1464128
9,2026-08-10 00:24:57,"ntc2_C",-13.5513132551465,1476071
9,2026-08-10 00:24:57,"testSB_C",-13.4757225499403,1469091
10,2026-08-10 00:24:57,"ntc1_C",-13.4699540989667,1469207
10,2026-08-10 00:24:57,"ntc2_C",-13.4351193840068,1463531
10,2026-08-10 00:24:57,"testSB_C",-13.5220083166469,1469863
11,2026-08-10 00:24:57,"ntc1_C",-13.3774531264937,1463942
11,2026-08-10 00:24:57,"ntc2_C",-13.4216594680876,1466093
11,2026-08-10 00:24:57,"testSB_C",-13.4461530735323,1465526
12,2026-08-10 00:24:57,"ntc1_C",-13.3641253303842,1461986
12,2026-08-10 00:24:57,"ntc2_C",-13.4482702590055,1466200
12,2026-08-10 00:24:57,"testSB_C",-13.4348776513655,1465266
13,2026-08-10 00:24:57,"ntc1_C",-13.324382482589,1463866
13,2026-08-10 00:24:57,"ntc2_C",-13.4453888155147,1463827
13,2026-08-10 00:24:57,"testSB_C",-13.3161153762861,1458419
14,2026-08-10 00:24:57,"ntc1_C",-13.3803685107209,1460631
14,2026-08-10 00:24:57,"ntc2_C",-13.3181405340052,1460422
14,2026-08-10 00:24:57,"testSB_C",-13.3667654003045,1463227
15,2026-08-10 00:24:57,"ntc1_C",-13.2624952448465,1452443
15,2026-08-10 00:24:57,"ntc2_C",-13.3858178703873,1465011
15,2026-08-10 00:24:57,"testSB_C",-13.3673794031543,1464175
16,2026-08-10 00:24:57,"ntc1_C",-13.1995015666529,1450447
16,2026-08-10 00:24:57,"ntc2_C",-13.256095256095,1453022
16,2026-08-10 00:24:57,"testSB_C",-13.2989856255103,1455518
17,2026-08-10 00:24:57,"ntc1_C",-13.2113397050091,1451021
17,2026-08-10 00:24:57,"ntc2_C",-13.1614466554015,1447308
17,2026-08-10 00:24:57,"testSB_C",-13.1918528792638,1453581
18,2026-08-10 00:24:57,"ntc1_C",-13.2139929906983,1455358
18,2026-08-10 00:24:57,"ntc2_C",-13.2694626683895,1454850
18,2026-08-10 00:24:57,"testSB_C",-13.1962833122564,1449936
19,2026-08-10 00:24:57,"ntc1_C",-13.179668351122,1453066
19,2026-08-10 00:24:57,"ntc2_C",-13.2455540758449,1455503
19,2026-08-10 00:24:57,"testSB_C",-13.150737001632,1451905
20,2026-08-10 00:24:57,"ntc1_C",-13.2126347449789,1452588
20,2026-08-10 00:24:57,"ntc2_C",-13.1906128271732,1453667
20,2026-08-10 00:24:57,"testSB_C",-13.0951724065231,1443526
21,2026-08-10 00:24:57,"ntc1_C",-13.0883610445366,1442203
21,2026-08-10 00:24:57,"ntc2_C",-13.1966738299723,1452328
21,2026-08-10 00:24:57,"testSB_C",-13.0880667993964,1446144
22,2026-08-10 00:24:57,"ntc1_C",-13.1439649526689,1449684
22,2026-08-10 00:24:57,"ntc2_C",-13.136764834568,1450623
22,2026-08-10 00:24:57,"testSB_C",-13.1121006968817,1445333
23,2026-08-10 00:24:57,"ntc1_C",-13.0501483046718,1446947
23,2026-08-10 00:24:57,"ntc2_C",-13.0118787646986,1441201
23,2026-08-10 00:24:57,"testSB_C",-13.0748665641895,1442045
24,2026-08-10 00:24:57,"ntc1_C",-13.0123492378062,1441989
24,2026-08-10 00:24:57,"ntc2_C",-13.0657467101163,1447236
24,2026-08-10 00:24:57,"testSB_C",-12.9822293717517,1436910
1,2026-08-10 03:24:57,"ntc1_C",-16.2509533170992,1641091
1,2026-08-10 03:24:57,"testSB_C",-16.3634401979706,1652023
2,2026-08-10 03:24:57,"ntc1_C",-16.2971681358464,1646656
2,2026-08-10 03:24:57,"ntc2_C",-16.2124736137357,1640507
2,2026-08-10 03:24:57,"testSB_C",-16.1861594431898,1641757
3,2026-08-10 03:24:57,"ntc1_C",-16.1802776416224,1641232
3,2026-08-10 03:24:57,"ntc2_C",-16.206335257325,1641577
3,2026-08-10 03:24:57,"testSB_C",-16.1651732616551,1637971
4,2026-08-10 03:24:57,"ntc1_C",-16.2459713677364,1645013
4,2026-08-10 03:24:57,"ntc2_C",-16.1648822683578,1635654
4,2026-08-10 03:24:57,"testSB_C",-16.2695383409272,1642916
5,2026-08-10 03:24:57,"ntc1_C",-16.1055265487361,1632500
5,2026-08-10 03:24:57,"ntc2_C",-16.0986531219007,1633894
5,2026-08-10 03:24:57,"testSB_C",-16.0594386398301,1632633
6,2026-08-10 03:24:57,"ntc1_C",-16.0817530137497,1631356
6,2026-08-10 03:24:57,"ntc2_C",-16.1594943854803,1638762
6,2026-08-10 03:24:57,"testSB_C",-16.1668745078061,1639462
7,2026-08-10 03:24:57,"ntc1_C",-16.1086723217475,1633481
7,2026-08-10 03:24:57,"ntc2_C",-16.091049836995,1635055
7,2026-08-10 03:24:57,"testSB_C",-16.1035922617632,1635677
8,2026-08-10 03:24:57,"ntc1_C",-16.0640821347843,1636418
8,2026-08-10 03:24:57,"ntc2_C",-16.0051207333089,1626048
8,2026-08-10 03:24:57,"testSB_C",-16.1124532162266,1630314
9,2026-08-10 03:24:57,"ntc1_C",-16.0680862436905,1629642
9,2026-08-10 03:24:57,"ntc2_C",-16.0454152879438,1634097
9,2026-08-10 03:24:57,"testSB_C",-16.054166598129,1631963
10,2026-08-10 03:24:57,"ntc1_C",-16.1213568482068,1636838
10,2026-08-10 03:24:57,"ntc2_C",-16.1573388748369,1635301
10,2026-08-10 03:24:57,"testSB_C",-16.1672492623784,1637252
11,2026-08-10 03:24:57,"ntc1_C",-16.0077150721395,1629579
11,2026-08-10 03:24:57,"ntc2_C",-16.0639768176659,1632817
11,2026-08-10 03:24:57,"testSB_C",-16.0905080767934,1632313
12,2026-08-10 03:24:57,"ntc1_C",-16.0066523688008,1628226
12,2026-08-10 03:24:57,"ntc2_C",-16.0808113818919,1632252
12,2026-08-10 03:24:57,"testSB_C",-15.9656064357885,1624523
13,2026-08-10 03:24:57,"ntc1_C",-16.0528901331022,1636041
13,2026-08-10 03:24:57,"ntc2_C",-16.0984404280787,1631070
13,2026-08-10 03:24:57,"testSB_C",-15.9729391568791,1625263
14,2026-08-10 03:24:57,"ntc1_C",-15.9686787357616,1623135
14,2026-08-10 03:24:57,"ntc2_C",-15.9070359706361,1622924
14,2026-08-10 03:24:57,"testSB_C",-15.8556916193865,1619463
15,2026-08-10 03:24:57,"ntc1_C",-16.0014007079883,1623962
15,2026-08-10 03:24:57,"ntc2_C",-16.0488472924153,1633028
15,2026-08-10 03:24:57,"testSB_C",-16.0065740017012,1630491
16,2026-08-10 03:24:57,"ntc1_C",-15.8678926844113,1617181
16,2026-08-10 03:24:57,"ntc2_C",-15.9477098967152,1621622
16,2026-08-10 03:24:57,"testSB_C",-15.942295684583,1621216
17,2026-08-10 03:24:57,"ntc1_C",-16.0454153576925,1628759
17,2026-08-10 03:24:57,"ntc2_C",-15.9122856019741,1619034
17,2026-08-10 03:24:57,"testSB_C",-15.8938067484165,1622825
18,2026-08-10 03:24:57,"ntc1_C",-15.8032530126283,1617312
18,2026-08-10 03:24:57,"ntc2_C",-15.9345980050497,1621691
18,2026-08-10 03:24:57,"testSB_C",-15.9687642895643,1623515
19,2026-08-10 03:24:57,"ntc1_C",-15.8368883773965,1619335
19,2026-08-10 03:24:57,"ntc2_C",-15.9063168287144,1622297
19,2026-08-10 03:24:57,"testSB_C",-15.8609090169352,1621567
20,2026-08-10 03:24:57,"ntc1_C",-15.8079745119178,1614783
20,2026-08-10 03:24:57,"ntc2_C",-15.8287409889982,1618778
20,2026-08-10 03:24:57,"testSB_C",-15.8614392772099,1615911
21,2026-08-10 03:24:57,"ntc1_C",-15.8214124041166,1612110
21,2026-08-10 03:24:57,"ntc2_C",-15.8908996192075,1620950
21,2026-08-10 03:24:57,"testSB_C",-15.7333219150582,1610871
22,2026-08-10 03:24:57,"ntc1_C",-15.9754791769309,1627100
22,2026-08-10 03:24:57,"ntc2_C",-15.9190935477183,1624814
22,2026-08-10 03:24:57,"testSB_C",-15.8557179385156,1616447
23,2026-08-10 03:24:57,"ntc1_C",-15.8148084165345,1619547
23,2026-08-10 03:24:57,"ntc2_C",-15.7978611167467,1614594
23,2026-08-10 03:24:57,"testSB_C",-15.8457241158226,1614334
24,2026-08-10 03:24:57,"ntc1_C",-15.7891147545561,1614889
24,2026-08-10 03:24:57,"ntc2_C",-15.6897414809652,1610661
24,2026-08-10 03:24:57,"testSB_C",-15.7832948451991,1610754
1,2026-08-10 06:24:57,"ntc1_C",-13.3309364870532,1456832
1,2026-08-10 06:24:57,"testSB_C",-13.6160270890317,1477004
2,2026-08-10 06:24:57,"ntc1_C",-13.4718232423028,1467473
2,2026-08-10 06:24:57,"ntc2_C",-13.305717727286,1457143
2,2026-08-10 06:24:57,"testSB_C",-13.3529023304325,1462811
3,2026-08-10 06:24:57,"ntc1_C",-11.9275126646662,1379981
3,2026-08-10 06:24:57,"ntc2_C",-12.2513159815506,1397049
3,2026-08-10 06:24:57,"testSB_C",-11.9230410322448,1377832
4,2026-08-10 06:24:57,"ntc1_C",-11.6092032734379,1361571
4,2026-08-10 06:24:57,"ntc2_C",-11.9958399908521,1379939
4,2026-08-10 06:24:57,"testSB_C",-12.0246140020851,1381801
5,2026-08-10 06:24:57,"ntc1_C",-11.9921970297474,1380292
5,2026-08-10 06:24:57,"ntc2_C",-11.7926929089314,1370773
5,2026-08-10 06:24:57,"testSB_C",-11.7757545520254,1370936
6,2026-08-10 06:24:57,"ntc1_C",-12.0516213628935,1384243
6,2026-08-10 06:24:57,"ntc2_C",-12.5298870942858,1413309
6,2026-08-10 06:24:57,"testSB_C",-11.7937164154446,1371723
7,2026-08-10 06:24:57,"ntc1_C",-11.4116213173619,1348616
7,2026-08-10 06:24:57,"ntc2_C",-11.6349045548056,1363276
7,2026-08-10 06:24:57,"testSB_C",-11.6278133327425,1362809
8,2026-08-10 06:24:57,"ntc1_C",-11.6446670514081,1366502
8,2026-08-10 06:24:57,"ntc2_C",-11.6745297361187,1362759
8,2026-08-10 06:24:57,"testSB_C",-11.3276237618917,1341234
9,2026-08-10 06:24:57,"ntc1_C",-11.5549181359396,1355699
9,2026-08-10 06:24:57,"ntc2_C",-11.3445992552204,1348891
9,2026-08-10 06:24:57,"testSB_C",-11.4409496085332,1351983
10,2026-08-10 06:24:57,"ntc1_C",-11.4046806855042,1350476
10,2026-08-10 06:24:57,"ntc2_C",-11.5930146728854,1357528
10,2026-08-10 06:24:57,"testSB_C",-11.6002041322868,1358959
11,2026-08-10 06:24:57,"ntc1_C",-11.8815347552082,1377269
11,2026-08-10 06:24:57,"ntc2_C",-11.9770172606847,1382160
11,2026-08-10 06:24:57,"testSB_C",-11.576405636756,1357867
12,2026-08-10 06:24:57,"ntc1_C",-11.5059073323519,1355239
12,2026-08-10 06:24:57,"ntc2_C",-11.4420409509171,1350958
12,2026-08-10 06:24:57,"testSB_C",-11.9829813511654,1380960
13,2026-08-10 06:24:57,"ntc1_C",-11.4870746520299,1358134
13,2026-08-10 06:24:57,"ntc2_C",-11.1768623389754,1334346
13,2026-08-10 06:24:57,"testSB_C",-11.8131865774717,1371646
14,2026-08-10 06:24:57,"ntc1_C",-11.052424817215,1328279
14,2026-08-10 06:24:57,"ntc2_C",-11.2284039034797,1341070
14,2026-08-10 06:24:57,"testSB_C",-11.9906902840219,1383330
15,2026-08-10 06:24:57,"ntc1_C",-11.2908469716189,1340185
15,2026-08-10 06:24:57,"ntc2_C",-11.3829971338268,1350008
15,2026-08-10 06:24:57,"testSB_C",-11.0793340467303,1333631
16,2026-08-10 06:24:57,"ntc1_C",-11.8528554079282,1372868
16,2026-08-10 06:24:57,"ntc2_C",-11.7622654432673,1367047
16,2026-08-10 06:24:57,"testSB_C",-11.3407426960665,1343667
17,2026-08-10 06:24:57,"ntc1_C",-10.9957860233869,1325556
17,2026-08-10 06:24:57,"ntc2_C",-11.6422136098122,1360315
17,2026-08-10 06:24:57,"testSB_C",-11.4055814398876,1351394
18,2026-08-10 06:24:57,"ntc1_C",-11.5963511318481,1362420
18,2026-08-10 06:24:57,"ntc2_C",-11.2187428635415,1338130
18,2026-08-10 06:24:57,"testSB_C",-11.5252055542587,1354308
19,2026-08-10 06:24:57,"ntc1_C",-11.7355171640232,1369895
19,2026-08-10 06:24:57,"ntc2_C",-11.4719769346487,1353854
19,2026-08-10 06:24:57,"testSB_C",-11.7596575994195,1371755
20,2026-08-10 06:24:57,"ntc1_C",-11.307854454175,1343903
20,2026-08-10 06:24:57,"ntc2_C",-11.4545477930216,1354210
20,2026-08-10 06:24:57,"testSB_C",-11.2892888713934,1340938
21,2026-08-10 06:24:57,"ntc1_C",-11.5836981325942,1356352
21,2026-08-10 06:24:57,"ntc2_C",-11.2294945493682,1340280
21,2026-08-10 06:24:57,"testSB_C",-11.9111890758289,1378314
22,2026-08-10 06:24:57,"ntc1_C",-12.539465142777,1414354
22,2026-08-10 06:24:57,"ntc2_C",-11.1229513198419,1336200
22,2026-08-10 06:24:57,"testSB_C",-11.1894027063429,1336229
23,2026-08-10 06:24:57,"ntc1_C",-10.9392805390536,1327535
23,2026-08-10 06:24:57,"ntc2_C",-11.3953169204667,1349175
23,2026-08-10 06:24:57,"testSB_C",-11.4562334757263,1349938
24,2026-08-10 06:24:57,"ntc1_C",-11.3666760919808,1348297
24,2026-08-10 06:24:57,"ntc2_C",-11.7510991873482,1371633
24,2026-08-10 06:24:57,"testSB_C",-11.8969908437814,1374660
1,2026-08-10 09:24:57,"ntc1_C",-9.05212819245935,1223307
1,2026-08-10 09:24:57,"testSB_C",-9.16092680685404,1231461
2,2026-08-10 09:24:57,"ntc1_C",-9.36983174857642,1241198
2,2026-08-10 09:24:57,"ntc2_C",-9.33760662997287,1239233
2,2026-08-10 09:24:57,"testSB_C",-9.29873068214516,1239906
3,2026-08-10 09:24:57,"ntc1_C",-6.8361820618673,1121311
3,2026-08-10 09:24:57,"ntc2_C",-7.47208484111911,1149561
3,2026-08-10 09:24:57,"testSB_C",-7.81278691131752,1165199
4,2026-08-10 09:24:57,"ntc1_C",-6.94768355806804,1125845
4,2026-08-10 09:24:57,"ntc2_C",-6.82156618010623,1117464
4,2026-08-10 09:24:57,"testSB_C",-7.9492570141872,1170179
5,2026-08-10 09:24:57,"ntc1_C",-7.90618142708274,1168291
5,2026-08-10 09:24:57,"ntc2_C",-7.47376264097272,1149401
5,2026-08-10 09:24:57,"testSB_C",-7.85728738544344,1168420
6,2026-08-10 09:24:57,"ntc1_C",-8.03250444653372,1175006
6,2026-08-10 09:24:57,"ntc2_C",-7.39109840893207,1146012
6,2026-08-10 09:24:57,"testSB_C",-8.1286599136314,1181256
7,2026-08-10 09:24:57,"ntc1_C",-7.82599498940982,1165067
7,2026-08-10 09:24:57,"ntc2_C",-6.84481663283776,1121328
7,2026-08-10 09:24:57,"testSB_C",-8.13138607232219,1181681
8,2026-08-10 09:24:57,"ntc1_C",-8.09688259452236,1182345
8,2026-08-10 09:24:57,"ntc2_C",-7.98967036057877,1172553
8,2026-08-10 09:24:57,"testSB_C",-7.19473146355091,1133197
9,2026-08-10 09:24:57,"ntc1_C",-7.9952504599193,1172495
9,2026-08-10 09:24:57,"ntc2_C",-7.57244751978499,1156459
9,2026-08-10 09:24:57,"testSB_C",-7.96940804542186,1173416
10,2026-08-10 09:24:57,"ntc1_C",-7.94647572362067,1172843
10,2026-08-10 09:24:57,"ntc2_C",-7.17364954015062,1133638
10,2026-08-10 09:24:57,"testSB_C",-8.05393481096581,1175892
11,2026-08-10 09:24:57,"ntc1_C",-8.24659336613689,1187511
11,2026-08-10 09:24:57,"ntc2_C",-7.48726640576064,1150889
11,2026-08-10 09:24:57,"testSB_C",-7.80938416164997,1164494
12,2026-08-10 09:24:57,"ntc1_C",-6.8653007126203,1121656
12,2026-08-10 09:24:57,"ntc2_C",-7.39861043726978,1145623
12,2026-08-10 09:24:57,"testSB_C",-7.80116793944876,1164375
13,2026-08-10 09:24:57,"ntc1_C",-7.65074228630237,1161441
13,2026-08-10 09:24:57,"ntc2_C",-7.27447482679742,1137986
13,2026-08-10 09:24:57,"testSB_C",-7.75645835802055,1162438
14,2026-08-10 09:24:57,"ntc1_C",-7.75917572824358,1161380
14,2026-08-10 09:24:57,"ntc2_C",-7.34587253457426,1144752
14,2026-08-10 09:24:57,"testSB_C",-7.68038594250191,1160313
15,2026-08-10 09:24:57,"ntc1_C",-7.86502981202665,1165480
15,2026-08-10 09:24:57,"ntc2_C",-7.17573258196506,1137139
15,2026-08-10 09:24:57,"testSB_C",-7.11683259192995,1134639
16,2026-08-10 09:24:57,"ntc1_C",-7.84825285561539,1165929
16,2026-08-10 09:24:57,"ntc2_C",-7.79795590515585,1162858
16,2026-08-10 09:24:57,"testSB_C",-7.85558541367539,1165539
17,2026-08-10 09:24:57,"ntc1_C",-7.766004719146,1161938
17,2026-08-10 09:24:57,"ntc2_C",-7.68815039309288,1157744
17,2026-08-10 09:24:57,"testSB_C",-8.08754285462288,1180334
18,2026-08-10 09:24:57,"ntc1_C",-7.86936017921511,1170345
18,2026-08-10 09:24:57,"ntc2_C",-7.46608600681213,1148379
18,2026-08-10 09:24:57,"testSB_C",-7.80774134561437,1163690
19,2026-08-10 09:24:57,"ntc1_C",-7.88109354918532,1170575
19,2026-08-10 09:24:57,"ntc2_C",-7.75194614217907,1163221
19,2026-08-10 09:24:57,"testSB_C",-7.65078379835813,1160039
20,2026-08-10 09:24:57,"ntc1_C",-7.76826341245521,1163175
20,2026-08-10 09:24:57,"ntc2_C",-6.95668755806457,1127225
20,2026-08-10 09:24:57,"testSB_C",-7.46202494719768,1147122
21,2026-08-10 09:24:57,"ntc1_C",-7.81673235366446,1163284
21,2026-08-10 09:24:57,"ntc2_C",-6.98826328152802,1127422
21,2026-08-10 09:24:57,"testSB_C",-8.1497277257464,1182203
22,2026-08-10 09:24:57,"ntc1_C",-7.88853138198988,1169894
22,2026-08-10 09:24:57,"ntc2_C",-7.10800870679071,1134489
22,2026-08-10 09:24:57,"testSB_C",-7.92061260123921,1169420
23,2026-08-10 09:24:57,"ntc1_C",-7.56359736442357,1156832
23,2026-08-10 09:24:57,"ntc2_C",-7.20686888550443,1137327
23,2026-08-10 09:24:57,"testSB_C",-7.84323906574042,1165099
24,2026-08-10 09:24:57,"ntc1_C",-7.84826177118788,1168004
24,2026-08-10 09:24:57,"ntc2_C",-5.67010618230165,1070532
24,2026-08-10 09:24:57,"testSB_C",-7.79426317437486,1162846
1,2026-08-10 12:24:57,"ntc1_C",-3.32900883283855,969248
1,2026-08-10 12:24:57,"testSB_C",-3.38823573030714,973837
2,2026-08-10 12:24:57,"ntc1_C",-3.7047401998542,985665
2,2026-08-10 12:24:57,"ntc2_C",-3.472349641216,976188
2,2026-08-10 12:24:57,"testSB_C",-3.40472047833623,975829
3,2026-08-10 12:24:57,"ntc1_C",-0.551075685266596,869307
3,2026-08-10 12:24:57,"ntc2_C",-1.10003228561254,887758
3,2026-08-10 12:24:57,"testSB_C",-1.45685598412553,900426
4,2026-08-10 12:24:57,"ntc1_C",-0.860948219854549,879726
4,2026-08-10 12:24:57,"ntc2_C",-0.811185465180188,875976
4,2026-08-10 12:24:57,"testSB_C",-1.58066557830745,903745
5,2026-08-10 12:24:57,"ntc1_C",-1.72815842278084,909137
5,2026-08-10 12:24:57,"ntc2_C",-1.2821354946991,894223
5,2026-08-10 12:24:57,"testSB_C",-1.46703754846891,901590
6,2026-08-10 12:24:57,"ntc1_C",-1.82674172320668,913486
6,2026-08-10 12:24:57,"ntc2_C",-1.25820728715718,893644
6,2026-08-10 12:24:57,"testSB_C",-1.85782754784753,915828
7,2026-08-10 12:24:57,"ntc1_C",-1.45928713345882,899799
7,2026-08-10 12:24:57,"ntc2_C",-0.904598188346824,881394
7,2026-08-10 12:24:57,"testSB_C",-1.8640716440795,916305
8,2026-08-10 12:24:57,"ntc1_C",-1.80347581317915,915770
8,2026-08-10 12:24:57,"ntc2_C",-1.69990605048071,908418
8,2026-08-10 12:24:57,"testSB_C",-1.17767204264271,887923
9,2026-08-10 12:24:57,"ntc1_C",-1.82797872403222,912927
9,2026-08-10 12:24:57,"ntc2_C",-1.31612639277336,897193
9,2026-08-10 12:24:57,"testSB_C",-1.85219134123486,915382
10,2026-08-10 12:24:57,"ntc1_C",-1.75056259317523,912151
10,2026-08-10 12:24:57,"ntc2_C",-1.11359256760238,886730
10,2026-08-10 12:24:57,"testSB_C",-1.83946644290575,913710
11,2026-08-10 12:24:57,"ntc1_C",-2.09349542832928,925086
11,2026-08-10 12:24:57,"ntc2_C",-1.36642943203822,897928
11,2026-08-10 12:24:57,"testSB_C",-1.70409632661477,909034
12,2026-08-10 12:24:57,"ntc1_C",-1.02381986849235,885269
12,2026-08-10 12:24:57,"ntc2_C",-1.23206631329572,892220
12,2026-08-10 12:24:57,"testSB_C",-2.13208246609577,925028
13,2026-08-10 12:24:57,"ntc1_C",-1.73998474251408,913777
13,2026-08-10 12:24:57,"ntc2_C",-1.17356524706344,888547
13,2026-08-10 12:24:57,"testSB_C",-1.61114134903329,905871
14,2026-08-10 12:24:57,"ntc1_C",-1.63364149092052,905872
14,2026-08-10 12:24:57,"ntc2_C",-1.3010381645355,895945
14,2026-08-10 12:24:57,"testSB_C",-1.66098983232092,908891
15,2026-08-10 12:24:57,"ntc1_C",-1.81775685592112,911948
15,2026-08-10 12:24:57,"ntc2_C",-1.16592321174392,891214
15,2026-08-10 12:24:57,"testSB_C",-1.25924141079787,894743
16,2026-08-10 12:24:57,"ntc1_C",-1.99006617175564,919156
16,2026-08-10 12:24:57,"ntc2_C",-1.62668918067385,905190
16,2026-08-10 12:24:57,"testSB_C",-1.86918675441075,914044
17,2026-08-10 12:24:57,"ntc1_C",-1.64648853640074,906411
17,2026-08-10 12:24:57,"ntc2_C",-1.59506008294062,904207
17,2026-08-10 12:24:57,"testSB_C",-1.97865555461897,921079
18,2026-08-10 12:24:57,"ntc1_C",-1.75991372398568,913410
18,2026-08-10 12:24:57,"ntc2_C",-1.57880959690948,904572
18,2026-08-10 12:24:57,"testSB_C",-1.83786725798046,913212
19,2026-08-10 12:24:57,"ntc1_C",-1.84047116150356,916033
19,2026-08-10 12:24:57,"ntc2_C",-1.80707216815387,913821
19,2026-08-10 12:24:57,"testSB_C",-1.58252428406001,906817
20,2026-08-10 12:24:57,"ntc1_C",-1.71337688404287,909691
20,2026-08-10 12:24:57,"ntc2_C",-1.14355973816004,890502
20,2026-08-10 12:24:57,"testSB_C",-1.33488332524331,894693
21,2026-08-10 12:24:57,"ntc1_C",-1.70047595294943,907773
21,2026-08-10 12:24:57,"ntc2_C",-1.17455408178932,890685
21,2026-08-10 12:24:57,"testSB_C",-1.97991452704792,920215
22,2026-08-10 12:24:57,"ntc1_C",-1.73797254184672,911472
22,2026-08-10 12:24:57,"ntc2_C",-1.03744723440929,887140
22,2026-08-10 12:24:57,"testSB_C",-1.90628580297891,916141
23,2026-08-10 12:24:57,"ntc1_C",-1.70348166582988,912056
23,2026-08-10 12:24:57,"ntc2_C",-1.25473313503562,893458
23,2026-08-10 12:24:57,"testSB_C",-1.82395933853491,912760
24,2026-08-10 12:24:57,"ntc1_C",-1.74572605680856,911715
24,2026-08-10 12:24:57,"ntc2_C",-1.51602058727445,904716
24,2026-08-10 12:24:57,"testSB_C",-2.68373584080854,944943
1,2026-08-10 15:24:57,"ntc1_C",0.39442611673212,834027
1,2026-08-10 15:24:57,"testSB_C",0.365995427343762,836987
2,2026-08-10 15:24:57,"ntc1_C",0.129388824259365,844273
2,2026-08-10 15:24:57,"ntc2_C",0.867908830159536,819403
2,2026-08-10 15:24:57,"testSB_C",0.529596436708346,832715
3,2026-08-10 15:24:57,"ntc1_C",2.77492009525236,760742
3,2026-08-10 15:24:57,"ntc2_C",3.07367259508669,750828
3,2026-08-10 15:24:57,"testSB_C",3.1603652527553,748152
4,2026-08-10 15:24:57,"ntc1_C",2.89722100578024,756582
4,2026-08-10 15:24:57,"ntc2_C",2.9253306804228,754063
4,2026-08-10 15:24:57,"testSB_C",3.02651431613151,751169
5,2026-08-10 15:24:57,"ntc1_C",2.78958919867279,758222
5,2026-08-10 15:24:57,"ntc2_C",2.77109771460152,759970
5,2026-08-10 15:24:57,"testSB_C",3.12303642491088,749900
6,2026-08-10 15:24:57,"ntc1_C",2.71445890014633,761209
6,2026-08-10 15:24:57,"ntc2_C",2.76778929950035,760257
6,2026-08-10 15:24:57,"testSB_C",2.98858014028701,753855
7,2026-08-10 15:24:57,"ntc1_C",3.22029660865286,745705
7,2026-08-10 15:24:57,"ntc2_C",2.71367747767283,762246
7,2026-08-10 15:24:57,"testSB_C",2.94872439240959,755288
8,2026-08-10 15:24:57,"ntc1_C",2.9517831799634,756546
8,2026-08-10 15:24:57,"ntc2_C",3.28579824678872,743706
8,2026-08-10 15:24:57,"testSB_C",2.84444381338216,755593
9,2026-08-10 15:24:57,"ntc1_C",3.08656492736645,749509
9,2026-08-10 15:24:57,"ntc2_C",3.25569282272636,746792
9,2026-08-10 15:24:57,"testSB_C",2.98672198672864,753704
10,2026-08-10 15:24:57,"ntc1_C",3.05769039087573,752050
10,2026-08-10 15:24:57,"ntc2_C",2.98904572731152,752162
10,2026-08-10 15:24:57,"testSB_C",2.93528787098154,754253
11,2026-08-10 15:24:57,"ntc1_C",2.85140354985941,758465
11,2026-08-10 15:24:57,"ntc2_C",3.04051046793842,752392
11,2026-08-10 15:24:57,"testSB_C",2.9451402388753,754286
12,2026-08-10 15:24:57,"ntc1_C",2.80626495745304,759166
12,2026-08-10 15:24:57,"ntc2_C",3.16185862671006,748035
12,2026-08-10 15:24:57,"testSB_C",2.79882572770578,758767
13,2026-08-10 15:24:57,"ntc1_C",2.7142039148585,764038
13,2026-08-10 15:24:57,"ntc2_C",3.36111579270437,740725
13,2026-08-10 15:24:57,"testSB_C",3.31526279880882,743309
14,2026-08-10 15:24:57,"ntc1_C",3.42664276908596,739419
14,2026-08-10 15:24:57,"ntc2_C",3.2059638906702,747735
14,2026-08-10 15:24:57,"testSB_C",3.08290990773094,751259
15,2026-08-10 15:24:57,"ntc1_C",3.1381269964171,747452
15,2026-08-10 15:24:57,"ntc2_C",3.23369441663544,746980
15,2026-08-10 15:24:57,"testSB_C",2.89573488462338,757254
16,2026-08-10 15:24:57,"ntc1_C",2.96187586058915,753318
16,2026-08-10 15:24:57,"ntc2_C",3.54858502083766,735398
16,2026-08-10 15:24:57,"testSB_C",3.07054209912059,749507
17,2026-08-10 15:24:57,"ntc1_C",3.431881542908,739229
17,2026-08-10 15:24:57,"ntc2_C",3.2846439904518,743364
17,2026-08-10 15:24:57,"testSB_C",3.29004864069748,745395
18,2026-08-10 15:24:57,"ntc1_C",3.36830726274877,743474
18,2026-08-10 15:24:57,"ntc2_C",2.81215625548077,758407
18,2026-08-10 15:24:57,"testSB_C",3.01707153919017,751355
19,2026-08-10 15:24:57,"ntc1_C",3.25329223889639,746552
19,2026-08-10 15:24:57,"ntc2_C",3.01536391191189,752857
19,2026-08-10 15:24:57,"testSB_C",3.26529743635865,746408
20,2026-08-10 15:24:57,"ntc1_C",3.38669289368454,741201
20,2026-08-10 15:24:57,"ntc2_C",3.08229289415794,751533
20,2026-08-10 15:24:57,"testSB_C",3.57369384286778,734770
21,2026-08-10 15:24:57,"ntc1_C",3.45281397511496,738277
21,2026-08-10 15:24:57,"ntc2_C",2.95737296180249,754546
21,2026-08-10 15:24:57,"testSB_C",3.11693024861012,749830
22,2026-08-10 15:24:57,"ntc1_C",3.3781506806331,742274
22,2026-08-10 15:24:57,"ntc2_C",3.51626536418354,739179
22,2026-08-10 15:24:57,"testSB_C",2.97473115763978,753084
23,2026-08-10 15:24:57,"ntc1_C",2.82955644015641,760223
23,2026-08-10 15:24:57,"ntc2_C",3.30029036391085,744228
23,2026-08-10 15:24:57,"testSB_C",3.03285378763655,751153
24,2026-08-10 15:24:57,"ntc1_C",3.37197375143217,742339
24,2026-08-10 15:24:57,"ntc2_C",3.03540966329155,753602
24,2026-08-10 15:24:57,"testSB_C",2.96125455735466,753125
1,2026-08-10 18:24:57,"ntc1_C",-0.948928204695846,880365
1,2026-08-10 18:24:57,"testSB_C",-1.14692252667959,889527
2,2026-08-10 18:24:57,"ntc1_C",-0.683755479652177,872368
2,2026-08-10 18:24:57,"ntc2_C",0.200920563358238,841658
2,2026-08-10 18:24:57,"testSB_C",-0.68643632652288,874428
3,2026-08-10 18:24:57,"ntc1_C",2.2874841226095,775708
3,2026-08-10 18:24:57,"ntc2_C",2.71794229138442,761574
3,2026-08-10 18:24:57,"testSB_C",3.26395765573329,745067
4,2026-08-10 18:24:57,"ntc1_C",2.69817204607648,762622
4,2026-08-10 18:24:57,"ntc2_C",2.86203039115412,755971
4,2026-08-10 18:24:57,"testSB_C",3.42064947968669,739453
5,2026-08-10 18:24:57,"ntc1_C",3.34308316794824,741650
5,2026-08-10 18:24:57,"ntc2_C",3.05067371634368,751536
5,2026-08-10 18:24:57,"testSB_C",3.6003279172466,735762
6,2026-08-10 18:24:57,"ntc1_C",3.37021472410959,741551
6,2026-08-10 18:24:57,"ntc2_C",3.23892608763202,746090
6,2026-08-10 18:24:57,"testSB_C",3.64538025059682,734363
7,2026-08-10 18:24:57,"ntc1_C",4.07481073644914,720735
7,2026-08-10 18:24:57,"ntc2_C",3.10981234482631,750282
7,2026-08-10 18:24:57,"testSB_C",3.62105520261099,735307
8,2026-08-10 18:24:57,"ntc1_C",3.81315582938072,730998
8,2026-08-10 18:24:57,"ntc2_C",4.35985273037733,712577
8,2026-08-10 18:24:57,"testSB_C",3.51008883337573,735798
9,2026-08-10 18:24:57,"ntc1_C",4.30294631151031,714075
9,2026-08-10 18:24:57,"ntc2_C",4.15537879597628,720493
9,2026-08-10 18:24:57,"testSB_C",4.09254351313518,721207
10,2026-08-10 18:24:57,"ntc1_C",4.22760342197358,717807
10,2026-08-10 18:24:57,"ntc2_C",3.80531168619041,728081
10,2026-08-10 18:24:57,"testSB_C",3.81301810331382,728307
11,2026-08-10 18:24:57,"ntc1_C",4.14276638947274,720425
11,2026-08-10 18:24:57,"ntc2_C",4.07456643479827,722021
11,2026-08-10 18:24:57,"testSB_C",4.26518194403934,715651
12,2026-08-10 18:24:57,"ntc1_C",3.52463678820561,737719
12,2026-08-10 18:24:57,"ntc2_C",4.27686265502291,715539
12,2026-08-10 18:24:57,"testSB_C",3.90860908535706,725919
13,2026-08-10 18:24:57,"ntc1_C",3.92228422235979,728082
13,2026-08-10 18:24:57,"ntc2_C",4.35811651584436,711878
13,2026-08-10 18:24:57,"testSB_C",4.55889847797943,707382
14,2026-08-10 18:24:57,"ntc1_C",4.83318674911789,699170
14,2026-08-10 18:24:57,"ntc2_C",4.16497614320082,719701
14,2026-08-10 18:24:57,"testSB_C",4.3567475754507,714078
15,2026-08-10 18:24:57,"ntc1_C",4.41495831660427,710397
15,2026-08-10 18:24:57,"ntc2_C",4.34070183354635,714747
15,2026-08-10 18:24:57,"testSB_C",3.84328703392163,729160
16,2026-08-10 18:24:57,"ntc1_C",4.4378485302575,710280
16,2026-08-10 18:24:57,"ntc2_C",4.69089010050931,702701
16,2026-08-10 18:24:57,"testSB_C",4.38905788258933,711133
17,2026-08-10 18:24:57,"ntc1_C",4.68751014968319,703170
17,2026-08-10 18:24:57,"ntc2_C",4.60683960663835,705230
17,2026-08-10 18:24:57,"testSB_C",4.76985150028844,702730
18,2026-08-10 18:24:57,"ntc1_C",4.75701137323404,703483
18,2026-08-10 18:24:57,"ntc2_C",3.9163764273963,725746
18,2026-08-10 18:24:57,"testSB_C",4.3627024949987,712104
19,2026-08-10 18:24:57,"ntc1_C",4.6547786653864,706012
19,2026-08-10 18:24:57,"ntc2_C",4.18575313688945,718524
19,2026-08-10 18:24:57,"testSB_C",4.52655110560204,709823
20,2026-08-10 18:24:57,"ntc1_C",4.82773967027077,699854
20,2026-08-10 18:24:57,"ntc2_C",4.00034165421545,724507
20,2026-08-10 18:24:57,"testSB_C",4.88827704219011,697318
21,2026-08-10 18:24:57,"ntc1_C",4.98999549542242,694503
21,2026-08-10 18:24:57,"ntc2_C",3.86695369158849,727658
21,2026-08-10 18:24:57,"testSB_C",4.65022653787673,705398
22,2026-08-10 18:24:57,"ntc1_C",5.07674415382559,693773
22,2026-08-10 18:24:57,"ntc2_C",4.55036111198359,709393
22,2026-08-10 18:24:57,"testSB_C",4.63164318651184,705005
23,2026-08-10 18:24:57,"ntc1_C",4.32830677877587,716127
23,2026-08-10 18:24:57,"ntc2_C",4.52485617607448,708805
23,2026-08-10 18:24:57,"testSB_C",4.48728325678741,708912
24,2026-08-10 18:24:57,"ntc1_C",5.16958243937739,691075
24,2026-08-10 18:24:57,"ntc2_C",4.62837772828436,707258
24,2026-08-10 18:24:57,"testSB_C",5.09041594880472,691930
1,2026-08-10 21:24:57,"ntc1_C",-13.2819634476043,1453922
1,2026-08-10 21:24:57,"testSB_C",-12.9772313623004,1438999
2,2026-08-10 21:24:57,"ntc1_C",-12.5345719201837,1412384
2,2026-08-10 21:24:57,"ntc2_C",-12.0107757124107,1382111
2,2026-08-10 21:24:57,"testSB_C",-11.9576891214692,1381902
3,2026-08-10 21:24:57,"ntc1_C",-10.180498752805,1285035
3,2026-08-10 21:24:57,"ntc2_C",-9.94540814323062,1271548
3,2026-08-10 21:24:57,"testSB_C",-9.43298471975623,1244737
4,2026-08-10 21:24:57,"ntc1_C",-9.48636628488362,1248575
4,2026-08-10 21:24:57,"ntc2_C",-9.35830943168634,1239139
4,2026-08-10 21:24:57,"testSB_C",-8.91708921934463,1217259
5,2026-08-10 21:24:57,"ntc1_C",-8.93783476985078,1218488
5,2026-08-10 21:24:57,"ntc2_C",-8.99491647804069,1222902
5,2026-08-10 21:24:57,"testSB_C",-8.75761677165821,1212092
6,2026-08-10 21:24:57,"ntc1_C",-8.6117215817012,1203062
6,2026-08-10 21:24:57,"ntc2_C",-8.81437506279735,1214458
6,2026-08-10 21:24:57,"testSB_C",-8.52076589097527,1200283
7,2026-08-10 21:24:57,"ntc1_C",-8.16044360835969,1181058
7,2026-08-10 21:24:57,"ntc2_C",-8.60209687382184,1204565
7,2026-08-10 21:24:57,"testSB_C",-8.09303572867361,1179836
8,2026-08-10 21:24:57,"ntc1_C",-7.98242054927641,1176842
8,2026-08-10 21:24:57,"ntc2_C",-7.7930967567786,1163199
8,2026-08-10 21:24:57,"testSB_C",-7.99274032347643,1170637
9,2026-08-10 21:24:57,"ntc1_C",-7.65398227158681,1156309
9,2026-08-10 21:24:57,"ntc2_C",-7.65931048040716,1160560
9,2026-08-10 21:24:57,"testSB_C",-7.47670998577905,1150092
10,2026-08-10 21:24:57,"ntc1_C",-7.20646073102824,1138027
10,2026-08-10 21:24:57,"ntc2_C",-7.5454752289707,1150934
10,2026-08-10 21:24:57,"testSB_C",-7.39056279837246,1144535
11,2026-08-10 21:24:57,"ntc1_C",-7.25526877265645,1140526
11,2026-08-10 21:24:57,"ntc2_C",-7.44237526900002,1148787
11,2026-08-10 21:24:57,"testSB_C",-7.24033813891589,1137821
12,2026-08-10 21:24:57,"ntc1_C",-7.65193823208477,1158155
12,2026-08-10 21:24:57,"ntc2_C",-7.21702251000914,1137185
12,2026-08-10 21:24:57,"testSB_C",-7.36145944259022,1143706
13,2026-08-10 21:24:57,"ntc1_C",-7.20896331300918,1140733
13,2026-08-10 21:24:57,"ntc2_C",-7.24788050447529,1136754
13,2026-08-10 21:24:57,"testSB_C",-6.96142420366954,1125401
14,2026-08-10 21:24:57,"ntc1_C",-6.82075742876162,1117851
14,2026-08-10 21:24:57,"ntc2_C",-7.20754417651204,1138324
14,2026-08-10 21:24:57,"testSB_C",-6.91888081809776,1124887
15,2026-08-10 21:24:57,"ntc1_C",-6.95947659303869,1123300
15,2026-08-10 21:24:57,"ntc2_C",-6.89604327175795,1124263
15,2026-08-10 21:24:57,"testSB_C",-7.11611831492758,1134606
16,2026-08-10 21:24:57,"ntc1_C",-6.75038245638046,1114945
16,2026-08-10 21:24:57,"ntc2_C",-6.95240301779774,1123483
16,2026-08-10 21:24:57,"testSB_C",-6.95399705197354,1123502
17,2026-08-10 21:24:57,"ntc1_C",-6.91012255583234,1122132
17,2026-08-10 21:24:57,"ntc2_C",-6.93388543622086,1122732
17,2026-08-10 21:24:57,"testSB_C",-6.8480257738812,1122228
18,2026-08-10 21:24:57,"ntc1_C",-6.83430080548345,1122056
18,2026-08-10 21:24:57,"ntc2_C",-7.11566254522722,1132121
18,2026-08-10 21:24:57,"testSB_C",-6.95280084024984,1123855
19,2026-08-10 21:24:57,"ntc1_C",-6.8584510853774,1122822
19,2026-08-10 21:24:57,"ntc2_C",-7.13618138574861,1134406
19,2026-08-10 21:24:57,"testSB_C",-6.98153310714173,1128843
20,2026-08-10 21:24:57,"ntc1_C",-6.81703169847628,1118964
20,2026-08-10 21:24:57,"ntc2_C",-7.2344378427569,1140048
20,2026-08-10 21:24:57,"testSB_C",-6.62100592169077,1108506
21,2026-08-10 21:24:57,"ntc1_C",-6.4214726000236,1099090
21,2026-08-10 21:24:57,"ntc2_C",-6.80373316745721,1118985
21,2026-08-10 21:24:57,"testSB_C",-6.29605378137632,1096243
22,2026-08-10 21:24:57,"ntc1_C",-5.98714170162094,1082760
22,2026-08-10 21:24:57,"ntc2_C",-6.66268985352076,1114120
22,2026-08-10 21:24:57,"testSB_C",-6.70616348302315,1112993
23,2026-08-10 21:24:57,"ntc1_C",-6.99717625078415,1130459
23,2026-08-10 21:24:57,"ntc2_C",-7.08830719366841,1131850
23,2026-08-10 21:24:57,"testSB_C",-6.94169338374746,1123130
24,2026-08-10 21:24:57,"ntc1_C",-6.72400761819512,1115725
24,2026-08-10 21:24:57,"ntc2_C",-6.86846941693983,1124006
24,2026-08-10 21:24:57,"testSB_C",-6.44783183525743,1100828
1,2026-08-11 00:24:57,"ntc1_C",-19.8252754415556,1897423
1,2026-08-11 00:24:57,"testSB_C",-19.7550606146008,1895819
2,2026-08-11 00:24:57,"ntc1_C",-19.5746360406358,1881057
2,2026-08-11 00:24:57,"ntc2_C",-19.4500471122052,1871034
2,2026-08-11 00:24:57,"testSB_C",-19.3482489059121,1866497
3,2026-08-11 00:24:57,"ntc1_C",-19.3332640052654,1865317
3,2026-08-11 00:24:57,"ntc2_C",-19.1793267231857,1852258
3,2026-08-11 00:24:57,"testSB_C",-18.9755575721694,1835990
4,2026-08-11 00:24:57,"ntc1_C",-18.9394306825614,1835210
4,2026-08-11 00:24:57,"ntc2_C",-18.6964020766546,1812847
4,2026-08-11 00:24:57,"testSB_C",-18.5181040762298,1800090
5,2026-08-11 00:24:57,"ntc1_C",-18.2576996066718,1781815
5,2026-08-11 00:24:57,"ntc2_C",-18.1383301377417,1775134
5,2026-08-11 00:24:57,"testSB_C",-18.1256071626499,1775688
6,2026-08-11 00:24:57,"ntc1_C",-17.9194036958621,1757836
6,2026-08-11 00:24:57,"ntc2_C",-17.7841172511569,1750676
6,2026-08-11 00:24:57,"testSB_C",-17.7092188527617,1745548
7,2026-08-11 00:24:57,"ntc1_C",-17.4912654156296,1728003
7,2026-08-11 00:24:57,"ntc2_C",-17.5835429371893,1737401
7,2026-08-11 00:24:57,"testSB_C",-17.4252809369736,1726001
8,2026-08-11 00:24:57,"ntc1_C",-17.2681399759353,1718565
8,2026-08-11 00:24:57,"ntc2_C",-17.2069471536355,1707537
8,2026-08-11 00:24:57,"testSB_C",-17.2687670932729,1708848
9,2026-08-11 00:24:57,"ntc1_C",-17.0479347097923,1695913
9,2026-08-11 00:24:57,"ntc2_C",-17.0614861808506,1703090
9,2026-08-11 00:24:57,"testSB_C",-16.94065629321,1691921
10,2026-08-11 00:24:57,"ntc1_C",-16.8172288733255,1683832
10,2026-08-11 00:24:57,"ntc2_C",-16.872151891435,1683567
10,2026-08-11 00:24:57,"testSB_C",-16.8823481528715,1685603
11,2026-08-11 00:24:57,"ntc1_C",-16.7211927348118,1677573
11,2026-08-11 00:24:57,"ntc2_C",-16.7648943060227,1680058
11,2026-08-11 00:24:57,"testSB_C",-16.6317994507901,1668668
12,2026-08-11 00:24:57,"ntc1_C",-16.6431556117679,1670944
12,2026-08-11 00:24:57,"ntc2_C",-16.5096694171052,1660986
12,2026-08-11 00:24:57,"testSB_C",-16.4161833992976,1654597
13,2026-08-11 00:24:57,"ntc1_C",-16.2940820790253,1652178
13,2026-08-11 00:24:57,"ntc2_C",-16.2336453201136,1640075
13,2026-08-11 00:24:57,"testSB_C",-16.192988185646,1639889
14,2026-08-11 00:24:57,"ntc1_C",-16.1161251963863,1632906
14,2026-08-11 00:24:57,"ntc2_C",-16.1329280543202,1637913
14,2026-08-11 00:24:57,"testSB_C",-16.0624023565798,1633148
15,2026-08-11 00:24:57,"ntc1_C",-15.9342481058044,1619529
15,2026-08-11 00:24:57,"ntc2_C",-15.9962927074014,1629537
15,2026-08-11 00:24:57,"testSB_C",-15.9556826701773,1627116
16,2026-08-11 00:24:57,"ntc1_C",-15.8606954413075,1616707
16,2026-08-11 00:24:57,"ntc2_C",-15.8158485552442,1612934
16,2026-08-11 00:24:57,"testSB_C",-15.8702887638619,1616467
17,2026-08-11 00:24:57,"ntc1_C",-15.7614256282783,1610030
17,2026-08-11 00:24:57,"ntc2_C",-15.7896109620307,1610968
17,2026-08-11 00:24:57,"testSB_C",-15.8629562080163,1620788
18,2026-08-11 00:24:57,"ntc1_C",-15.73352243491,1612728
18,2026-08-11 00:24:57,"ntc2_C",-15.7837570557881,1611768
18,2026-08-11 00:24:57,"testSB_C",-15.7165346871565,1606918
19,2026-08-11 00:24:57,"ntc1_C",-15.6855676263788,1609386
19,2026-08-11 00:24:57,"ntc2_C",-15.6603911868829,1606128
19,2026-08-11 00:24:57,"testSB_C",-15.6674655551326,1608840
20,2026-08-11 00:24:57,"ntc1_C",-15.625941779504,1602851
20,2026-08-11 00:24:57,"ntc2_C",-15.6798240453601,1608988
20,2026-08-11 00:24:57,"testSB_C",-15.5837020020581,1597731
21,2026-08-11 00:24:57,"ntc1_C",-15.6648574845217,1601869
21,2026-08-11 00:24:57,"ntc2_C",-15.5938089598063,1601455
21,2026-08-11 00:24:57,"testSB_C",-15.5607332748107,1599585
22,2026-08-11 00:24:57,"ntc1_C",-15.6151423278981,1603394
22,2026-08-11 00:24:57,"ntc2_C",-15.6349372570042,1606125
22,2026-08-11 00:24:57,"testSB_C",-15.6519029609152,1603081
23,2026-08-11 00:24:57,"ntc1_C",-15.6162089138404,1606504
23,2026-08-11 00:24:57,"ntc2_C",-15.5951686915302,1601318
23,2026-08-11 00:24:57,"testSB_C",-15.5784650683117,1596876
24,2026-08-11 00:24:57,"ntc1_C",-15.5252884307797,1597625
24,2026-08-11 00:24:57,"ntc2_C",-15.5221546310573,1599704
24,2026-08-11 00:24:57,"testSB_C",-15.4988842003876,1592202
1,2026-08-11 03:24:57,"ntc1_C",-21.7246314774742,2048541
1,2026-08-11 03:24:57,"testSB_C",-21.7848429302335,2057536
2,2026-08-11 03:24:57,"ntc1_C",-21.6826543255448,2048088
2,2026-08-11 03:24:57,"ntc2_C",-21.6643774498613,2045963
2,2026-08-11 03:24:57,"testSB_C",-21.6210365237187,2045653
3,2026-08-11 03:24:57,"ntc1_C",-21.5914207143343,2043241
3,2026-08-11 03:24:57,"ntc2_C",-21.6353023229529,2045318
3,2026-08-11 03:24:57,"testSB_C",-21.622156621343,2042999
4,2026-08-11 03:24:57,"ntc1_C",-21.6688641380171,2049036
4,2026-08-11 03:24:57,"ntc2_C",-21.6213184381573,2040197
4,2026-08-11 03:24:57,"testSB_C",-21.6729735227727,2044773
5,2026-08-11 03:24:57,"ntc1_C",-21.6240845465342,2041614
5,2026-08-11 03:24:57,"ntc2_C",-21.6280880610395,2044012
5,2026-08-11 03:24:57,"testSB_C",-21.651235792488,2047616
6,2026-08-11 03:24:57,"ntc1_C",-21.6352398781117,2042564
6,2026-08-11 03:24:57,"ntc2_C",-21.5172017765877,2035942
6,2026-08-11 03:24:57,"testSB_C",-21.690387650822,2050317
7,2026-08-11 03:24:57,"ntc1_C",-21.5002676305456,2032375
7,2026-08-11 03:24:57,"ntc2_C",-21.5618482489032,2040778
7,2026-08-11 03:24:57,"testSB_C",-21.6796391674899,2050032
8,2026-08-11 03:24:57,"ntc1_C",-21.4999385144694,2039477
8,2026-08-11 03:24:57,"ntc2_C",-21.5581210896036,2036274
8,2026-08-11 03:24:57,"testSB_C",-21.4714918695035,2025705
9,2026-08-11 03:24:57,"ntc1_C",-21.4365836761368,2025510
9,2026-08-11 03:24:57,"ntc2_C",-21.4290125470928,2032479
9,2026-08-11 03:24:57,"testSB_C",-21.3636558991664,2023764
10,2026-08-11 03:24:57,"ntc1_C",-21.4166504921487,2028307
10,2026-08-11 03:24:57,"ntc2_C",-21.2857116558616,2013025
10,2026-08-11 03:24:57,"testSB_C",-21.2646647202857,2012991
11,2026-08-11 03:24:57,"ntc1_C",-21.3255713405867,2021283
11,2026-08-11 03:24:57,"ntc2_C",-21.2567425882728,2015197
11,2026-08-11 03:24:57,"testSB_C",-21.1675968643421,2005202
12,2026-08-11 03:24:57,"ntc1_C",-21.0682066891993,1998897
12,2026-08-11 03:24:57,"ntc2_C",-21.1420377757114,2003773
12,2026-08-11 03:24:57,"testSB_C",-21.0329646109078,1995023
13,2026-08-11 03:24:57,"ntc1_C",-20.996548330078,1998907
13,2026-08-11 03:24:57,"ntc2_C",-20.9907393449784,1988970
13,2026-08-11 03:24:57,"testSB_C",-20.9642664989003,1989783
14,2026-08-11 03:24:57,"ntc1_C",-20.9618819721518,1987254
14,2026-08-11 03:24:57,"ntc2_C",-20.9440274286716,1990448
14,2026-08-11 03:24:57,"testSB_C",-21.0400450731956,1998122
15,2026-08-11 03:24:57,"ntc1_C",-20.8844990355017,1979415
15,2026-08-11 03:24:57,"ntc2_C",-20.8521386576513,1984169
15,2026-08-11 03:24:57,"testSB_C",-20.8221003920092,1982018
16,2026-08-11 03:24:57,"ntc1_C",-20.9077948986088,1983930
16,2026-08-11 03:24:57,"ntc2_C",-20.8475510370529,1978211
16,2026-08-11 03:24:57,"testSB_C",-20.7756101423539,1972432
17,2026-08-11 03:24:57,"ntc1_C",-20.7996742272383,1975082
17,2026-08-11 03:24:57,"ntc2_C",-20.7694008927507,1971414
17,2026-08-11 03:24:57,"testSB_C",-20.7924447326035,1979337
18,2026-08-11 03:24:57,"ntc1_C",-20.7094259798512,1973158
18,2026-08-11 03:24:57,"ntc2_C",-20.7136913613077,1968215
18,2026-08-11 03:24:57,"testSB_C",-20.6817289543181,1965591
19,2026-08-11 03:24:57,"ntc1_C",-20.6570880977181,1968981
19,2026-08-11 03:24:57,"ntc2_C",-20.5792350477513,1960888
19,2026-08-11 03:24:57,"testSB_C",-20.4893293214148,1956526
20,2026-08-11 03:24:57,"ntc1_C",-20.5265469344346,1955577
20,2026-08-11 03:24:57,"ntc2_C",-20.4422834570101,1952031
20,2026-08-11 03:24:57,"testSB_C",-20.4178708363241,1944091
21,2026-08-11 03:24:57,"ntc1_C",-20.4568231937837,1945489
21,2026-08-11 03:24:57,"ntc2_C",-20.3259586159655,1940508
21,2026-08-11 03:24:57,"testSB_C",-20.3250565080543,1940824
22,2026-08-11 03:24:57,"ntc1_C",-20.2981040400424,1939031
22,2026-08-11 03:24:57,"ntc2_C",-20.1820985310653,1931539
22,2026-08-11 03:24:57,"testSB_C",-20.2408742471019,1931354
23,2026-08-11 03:24:57,"ntc1_C",-20.1356141253155,1929827
23,2026-08-11 03:24:57,"ntc2_C",-20.146865801316,1926298
23,2026-08-11 03:24:57,"testSB_C",-20.0848567563999,1916961
24,2026-08-11 03:24:57,"ntc1_C",-20.127084000683,1925815
24,2026-08-11 03:24:57,"ntc2_C",-20.0094750442382,1919332
24,2026-08-11 03:24:57,"testSB_C",-19.9988511397767,1911358
1,2026-08-11 06:24:57,"ntc1_C",-20.9391849535029,1984744
1,2026-08-11 06:24:57,"testSB_C",-21.0655427979636,1998819
2,2026-08-11 06:24:57,"ntc1_C",-21.09007003088,1999794
2,2026-08-11 06:24:57,"ntc2_C",-21.0461002889772,1995650
2,2026-08-11 06:24:57,"testSB_C",-21.0444653820422,1998750
3,2026-08-11 06:24:57,"ntc1_C",-19.2476185612623,1858863
3,2026-08-11 06:24:57,"ntc2_C",-19.3624653007569,1866044
3,2026-08-11 06:24:57,"testSB_C",-19.1501454839712,1849016
4,2026-08-11 06:24:57,"ntc1_C",-18.948681429714,1835898
4,2026-08-11 06:24:57,"ntc2_C",-18.7555409150999,1817198
4,2026-08-11 06:24:57,"testSB_C",-19.2042201617827,1850840
5,2026-08-11 06:24:57,"ntc1_C",-19.2952312341952,1858375
5,2026-08-11 06:24:57,"ntc2_C",-18.8223621231612,1825063
5,2026-08-11 06:24:57,"testSB_C",-19.1136750634459,1848261
6,2026-08-11 06:24:57,"ntc1_C",-19.0484479081983,1840139
6,2026-08-11 06:24:57,"ntc2_C",-19.0011778963513,1839265
6,2026-08-11 06:24:57,"testSB_C",-18.8033476289384,1824757
7,2026-08-11 06:24:57,"ntc1_C",-19.0205096210298,1838651
7,2026-08-11 06:24:57,"ntc2_C",-18.6132606029482,1811563
7,2026-08-11 06:24:57,"testSB_C",-18.8216295412856,1826615
8,2026-08-11 06:24:57,"ntc1_C",-18.6079208974575,1814617
8,2026-08-11 06:24:57,"ntc2_C",-18.7943295357865,1821190
8,2026-08-11 06:24:57,"testSB_C",-18.7203339622552,1812583
9,2026-08-11 06:24:57,"ntc1_C",-18.7481273885659,1817087
9,2026-08-11 06:24:57,"ntc2_C",-18.6847301241857,1819143
9,2026-08-11 06:24:57,"testSB_C",-18.9612574627625,1836583
10,2026-08-11 06:24:57,"ntc1_C",-18.8758594567549,1830558
10,2026-08-11 06:24:57,"ntc2_C",-18.4904800041338,1797951
10,2026-08-11 06:24:57,"testSB_C",-19.0655432581638,1841844
11,2026-08-11 06:24:57,"ntc1_C",-18.7076004845298,1818458
11,2026-08-11 06:24:57,"ntc2_C",-18.394863803409,1795053
11,2026-08-11 06:24:57,"testSB_C",-18.5109837410335,1801025
12,2026-08-11 06:24:57,"ntc1_C",-18.4356061618664,1797115
12,2026-08-11 06:24:57,"ntc2_C",-18.4816159837082,1799492
12,2026-08-11 06:24:57,"testSB_C",-18.7461328790504,1818858
13,2026-08-11 06:24:57,"ntc1_C",-18.8178529418752,1830474
13,2026-08-11 06:24:57,"ntc2_C",-18.3039768237711,1784096
13,2026-08-11 06:24:57,"testSB_C",-18.6198002228602,1809834
14,2026-08-11 06:24:57,"ntc1_C",-18.7988923748326,1820903
14,2026-08-11 06:24:57,"ntc2_C",-18.3568599657612,1792785
14,2026-08-11 06:24:57,"testSB_C",-18.3567120183899,1792721
15,2026-08-11 06:24:57,"ntc1_C",-18.7122079692388,1813013
15,2026-08-11 06:24:57,"ntc2_C",-18.1498825697542,1778656
15,2026-08-11 06:24:57,"testSB_C",-18.0843529951862,1774200
16,2026-08-11 06:24:57,"ntc1_C",-18.3310211388726,1787527
16,2026-08-11 06:24:57,"ntc2_C",-18.2673160388836,1782049
16,2026-08-11 06:24:57,"testSB_C",-18.4585492201798,1795886
17,2026-08-11 06:24:57,"ntc1_C",-18.2404114559652,1780784
17,2026-08-11 06:24:57,"ntc2_C",-18.0924031373867,1769058
17,2026-08-11 06:24:57,"testSB_C",-18.330815193326,1791779
18,2026-08-11 06:24:57,"ntc1_C",-18.0847416070828,1774433
18,2026-08-11 06:24:57,"ntc2_C",-17.6309658025391,1737434
18,2026-08-11 06:24:57,"testSB_C",-18.0180337881732,1764637
19,2026-08-11 06:24:57,"ntc1_C",-17.8692601107079,1758859
19,2026-08-11 06:24:57,"ntc2_C",-17.8358822671642,1754738
19,2026-08-11 06:24:57,"testSB_C",-17.6865861709594,1746576
20,2026-08-11 06:24:57,"ntc1_C",-17.6551235511929,1740826
20,2026-08-11 06:24:57,"ntc2_C",-17.1621247409374,1709046
20,2026-08-11 06:24:57,"testSB_C",-17.5524754418886,1731001
21,2026-08-11 06:24:57,"ntc1_C",-17.4375713207962,1721607
21,2026-08-11 06:24:57,"ntc2_C",-16.8483231012443,1685354
21,2026-08-11 06:24:57,"testSB_C",-17.4982970785557,1730802
22,2026-08-11 06:24:57,"ntc1_C",-17.1830730802169,1709046
22,2026-08-11 06:24:57,"ntc2_C",-16.865924772629,1688621
22,2026-08-11 06:24:57,"testSB_C",-17.091533629959,1699834
23,2026-08-11 06:24:57,"ntc1_C",-16.566445447337,1669847
23,2026-08-11 06:24:57,"ntc2_C",-16.7369323026108,1677508
23,2026-08-11 06:24:57,"testSB_C",-17.1311566818744,1700913
24,2026-08-11 06:24:57,"ntc1_C",-16.8747019968328,1687850
24,2026-08-11 06:24:57,"ntc2_C",-16.4434974001573,1660850
24,2026-08-11 06:24:57,"testSB_C",-16.3997937887424,1651692
1,2026-08-11 09:24:57,"ntc1_C",-12.1612821838673,1388885
1,2026-08-11 09:24:57,"testSB_C",-12.3212051761195,1400979
2,2026-08-11 09:24:57,"ntc1_C",-12.3056349762853,1399243
2,2026-08-11 09:24:57,"ntc2_C",-12.25281508182,1395837
2,2026-08-11 09:24:57,"testSB_C",-12.2616568112504,1399141
3,2026-08-11 09:24:57,"ntc1_C",-8.10406565952582,1180721
3,2026-08-11 09:24:57,"ntc2_C",-8.80231088168699,1213612
3,2026-08-11 09:24:57,"testSB_C",-8.78108420112017,1212090
4,2026-08-11 09:24:57,"ntc1_C",-8.19740408365175,1184643
4,2026-08-11 09:24:57,"ntc2_C",-8.16225994016844,1180169
4,2026-08-11 09:24:57,"testSB_C",-8.86312878487666,1214584
5,2026-08-11 09:24:57,"ntc1_C",-9.2815436905758,1235695
5,2026-08-11 09:24:57,"ntc2_C",-8.84558439354873,1215479
5,2026-08-11 09:24:57,"testSB_C",-8.88488161817043,1218398
6,2026-08-11 09:24:57,"ntc1_C",-9.26804071429973,1235678
6,2026-08-11 09:24:57,"ntc2_C",-8.89800257424935,1218607
6,2026-08-11 09:24:57,"testSB_C",-9.19440510338592,1233703
7,2026-08-11 09:24:57,"ntc1_C",-8.77999679071974,1211275
7,2026-08-11 09:24:57,"ntc2_C",-8.37300125001451,1193365
7,2026-08-11 09:24:57,"testSB_C",-9.20468842154798,1234527
8,2026-08-11 09:24:57,"ntc1_C",-9.37813743214389,1245763
8,2026-08-11 09:24:57,"ntc2_C",-8.91470751467051,1217613
8,2026-08-11 09:24:57,"testSB_C",-8.65246239995429,1202543
9,2026-08-11 09:24:57,"ntc1_C",-9.1125511777243,1227124
9,2026-08-11 09:24:57,"ntc2_C",-8.79300041978479,1215467
9,2026-08-11 09:24:57,"testSB_C",-9.07921493673939,1227739
10,2026-08-11 09:24:57,"ntc1_C",-9.07379176304124,1227984
10,2026-08-11 09:24:57,"ntc2_C",-8.50111966208772,1196637
10,2026-08-11 09:24:57,"testSB_C",-9.20632589662478,1232465
11,2026-08-11 09:24:57,"ntc1_C",-9.29148174432669,1239176
11,2026-08-11 09:24:57,"ntc2_C",-8.45678641750806,1197259
11,2026-08-11 09:24:57,"testSB_C",-8.44492262436336,1195041
12,2026-08-11 09:24:57,"ntc1_C",-7.77109682340046,1163789
12,2026-08-11 09:24:57,"ntc2_C",-7.84395993687872,1166590
12,2026-08-11 09:24:57,"testSB_C",-8.12732626078395,1179953
13,2026-08-11 09:24:57,"ntc1_C",-8.1041083238681,1183092
13,2026-08-11 09:24:57,"ntc2_C",-7.26672839381456,1137627
13,2026-08-11 09:24:57,"testSB_C",-7.35606592012749,1143632
14,2026-08-11 09:24:57,"ntc1_C",-7.1937590575069,1134949
14,2026-08-11 09:24:57,"ntc2_C",-6.59210810474815,1110171
14,2026-08-11 09:24:57,"testSB_C",-6.58384195044823,1109654
15,2026-08-11 09:24:57,"ntc1_C",-6.64167332275241,1108871
15,2026-08-11 09:24:57,"ntc2_C",-5.42560255177034,1058994
15,2026-08-11 09:24:57,"testSB_C",-5.07976563151078,1044425
16,2026-08-11 09:24:57,"ntc1_C",-5.72272220046,1069297
16,2026-08-11 09:24:57,"ntc2_C",-5.20185234782537,1046263
16,2026-08-11 09:24:57,"testSB_C",-5.43249474151219,1056061
17,2026-08-11 09:24:57,"ntc1_C",-4.96053316897599,1036609
17,2026-08-11 09:24:57,"ntc2_C",-4.29694241787456,1008662
17,2026-08-11 09:24:57,"testSB_C",-4.57148856980137,1023048
18,2026-08-11 09:24:57,"ntc1_C",-4.22421316998765,1009180
18,2026-08-11 09:24:57,"ntc2_C",-3.72874238223943,986689
18,2026-08-11 09:24:57,"testSB_C",-4.14415020290772,1002593
19,2026-08-11 09:24:57,"ntc1_C",-4.13652546600645,1005249
19,2026-08-11 09:24:57,"ntc2_C",-4.09550776770629,1002517
19,2026-08-11 09:24:57,"testSB_C",-3.49109557325392,979598
20,2026-08-11 09:24:57,"ntc1_C",-3.91797818622445,994598
20,2026-08-11 09:24:57,"ntc2_C",-2.88446806992488,955411
20,2026-08-11 09:24:57,"testSB_C",-3.5906432991037,980138
21,2026-08-11 09:24:57,"ntc1_C",-4.06623229449269,998890
21,2026-08-11 09:24:57,"ntc2_C",-2.81102255279478,951561
21,2026-08-11 09:24:57,"testSB_C",-4.26200699890984,1009292
22,2026-08-11 09:24:57,"ntc1_C",-3.74517747476096,988564
22,2026-08-11 09:24:57,"ntc2_C",-2.81736223431835,953218
22,2026-08-11 09:24:57,"testSB_C",-3.96647989821787,995777
23,2026-08-11 09:24:57,"ntc1_C",-3.55035176794985,982787
23,2026-08-11 09:24:57,"ntc2_C",-3.28401583916207,969821
23,2026-08-11 09:24:57,"testSB_C",-4.25408077689235,1007014
24,2026-08-11 09:24:57,"ntc1_C",-4.28004868166454,1010225
24,2026-08-11 09:24:57,"ntc2_C",-3.54447480980673,982057
24,2026-08-11 09:24:57,"testSB_C",-3.78037116379221,987835
1,2026-08-11 12:24:57,"ntc1_C",-5.30370100755567,1050101
1,2026-08-11 12:24:57,"testSB_C",-5.29153911499566,1051983
2,2026-08-11 12:24:57,"ntc1_C",-5.78241867395587,1072419
2,2026-08-11 12:24:57,"ntc2_C",-5.53426221731252,1061385
2,2026-08-11 12:24:57,"testSB_C",-5.45255289848745,1060290
3,2026-08-11 12:24:57,"ntc1_C",-3.5334391737448,980585
3,2026-08-11 12:24:57,"ntc2_C",-3.85630746783471,992437
3,2026-08-11 12:24:57,"testSB_C",-4.13984169527316,1003622
4,2026-08-11 12:24:57,"ntc1_C",-3.60980916319636,983092
4,2026-08-11 12:24:57,"ntc2_C",-3.54424385498669,978230
4,2026-08-11 12:24:57,"testSB_C",-4.21130978695999,1005217
5,2026-08-11 12:24:57,"ntc1_C",-4.31267065392308,1009415
5,2026-08-11 12:24:57,"ntc2_C",-3.97076696284563,996907
5,2026-08-11 12:24:57,"testSB_C",-4.15652466592707,1005213
6,2026-08-11 12:24:57,"ntc1_C",-4.39939252687606,1013690
6,2026-08-11 12:24:57,"ntc2_C",-3.85963338690328,992785
6,2026-08-11 12:24:57,"testSB_C",-4.4510859551923,1017180
7,2026-08-11 12:24:57,"ntc1_C",-4.10027862449124,1001275
7,2026-08-11 12:24:57,"ntc2_C",-3.56102048696243,981295
7,2026-08-11 12:24:57,"testSB_C",-4.42364488136229,1016309
8,2026-08-11 12:24:57,"ntc1_C",-4.38157083044393,1016512
8,2026-08-11 12:24:57,"ntc2_C",-4.32066738312477,1010043
8,2026-08-11 12:24:57,"testSB_C",-3.85394235489576,989371
9,2026-08-11 12:24:57,"ntc1_C",-4.39621311771015,1012897
9,2026-08-11 12:24:57,"ntc2_C",-4.0263759598032,1001169
9,2026-08-11 12:24:57,"testSB_C",-4.35681218925021,1013064
10,2026-08-11 12:24:57,"ntc1_C",-4.34545038907805,1013125
10,2026-08-11 12:24:57,"ntc2_C",-3.82433742180712,989416
10,2026-08-11 12:24:57,"testSB_C",-4.29892119906435,1009354
11,2026-08-11 12:24:57,"ntc1_C",-4.58991635914657,1023447
11,2026-08-11 12:24:57,"ntc2_C",-3.98207582492898,998101
11,2026-08-11 12:24:57,"testSB_C",-4.19950157746842,1005581
12,2026-08-11 12:24:57,"ntc1_C",-3.70637732409392,986625
12,2026-08-11 12:24:57,"ntc2_C",-3.96001194898997,996249
12,2026-08-11 12:24:57,"testSB_C",-4.63603184969992,1023743
13,2026-08-11 12:24:57,"ntc1_C",-4.29737398365864,1013425
13,2026-08-11 12:24:57,"ntc2_C",-3.91937274230651,992914
13,2026-08-11 12:24:57,"testSB_C",-4.25415596220228,1008142
14,2026-08-11 12:24:57,"ntc1_C",-4.21885435570692,1005736
14,2026-08-11 12:24:57,"ntc2_C",-3.97410851088188,998205
14,2026-08-11 12:24:57,"testSB_C",-4.17458603909483,1006196
15,2026-08-11 12:24:57,"ntc1_C",-4.39016554062204,1011972
15,2026-08-11 12:24:57,"ntc2_C",-3.8863945238607,994858
15,2026-08-11 12:24:57,"testSB_C",-3.86533803876324,994203
16,2026-08-11 12:24:57,"ntc1_C",-4.46909803103915,1016214
16,2026-08-11 12:24:57,"ntc2_C",-4.21350305271687,1005110
16,2026-08-11 12:24:57,"testSB_C",-4.34223804712008,1010319
17,2026-08-11 12:24:57,"ntc1_C",-4.19356914606971,1004838
17,2026-08-11 12:24:57,"ntc2_C",-4.20418439335469,1004875
17,2026-08-11 12:24:57,"testSB_C",-4.52222871560554,1021005
18,2026-08-11 12:24:57,"ntc1_C",-4.32894647183008,1013475
18,2026-08-11 12:24:57,"ntc2_C",-4.14120050123569,1003313
18,2026-08-11 12:24:57,"testSB_C",-4.33921826645167,1010560
19,2026-08-11 12:24:57,"ntc1_C",-4.37469111464918,1015008
19,2026-08-11 12:24:57,"ntc2_C",-4.32069260734517,1011717
19,2026-08-11 12:24:57,"testSB_C",-4.15413171071043,1006288
20,2026-08-11 12:24:57,"ntc1_C",-4.24162552451929,1007742
20,2026-08-11 12:24:57,"ntc2_C",-3.76596400705984,990146
20,2026-08-11 12:24:57,"testSB_C",-3.92800295771735,993632
21,2026-08-11 12:24:57,"ntc1_C",-4.26982415437874,1007165
21,2026-08-11 12:24:57,"ntc2_C",-3.8561153059016,992702
21,2026-08-11 12:24:57,"testSB_C",-4.57241480755977,1022085
22,2026-08-11 12:24:57,"ntc1_C",-4.34304425581297,1012820
22,2026-08-11 12:24:57,"ntc2_C",-3.85140804493614,993956
22,2026-08-11 12:24:57,"testSB_C",-4.51356230903309,1018116
23,2026-08-11 12:24:57,"ntc1_C",-4.31161482910676,1013586
23,2026-08-11 12:24:57,"ntc2_C",-3.98057348305827,997581
23,2026-08-11 12:24:57,"testSB_C",-4.46157557927114,1015519
24,2026-08-11 12:24:57,"ntc1_C",-4.37539789840838,1014141
24,2026-08-11 12:24:57,"ntc2_C",-4.20943251466019,1008888
24,2026-08-11 12:24:57,"testSB_C",-4.95122520089745,1035875
1,2026-08-11 15:24:57,"ntc1_C",-0.688968453137988,871190
1,2026-08-11 15:24:57,"testSB_C",-0.793125219318711,876936
2,2026-08-11 15:24:57,"ntc1_C",-0.898410929478132,879948
2,2026-08-11 15:24:57,"ntc2_C",-0.25633719435524,857284
2,2026-08-11 15:24:57,"testSB_C",-0.524412583622279,868745
3,2026-08-11 15:24:57,"ntc1_C",1.99036925426537,784984
3,2026-08-11 15:24:57,"ntc2_C",2.01877739962777,783175
3,2026-08-11 15:24:57,"testSB_C",2.10259487579782,780444
4,2026-08-11 15:24:57,"ntc1_C",1.89105663358714,787645
4,2026-08-11 15:24:57,"ntc2_C",1.92923739439829,784692
4,2026-08-11 15:24:57,"testSB_C",2.09376960851893,779692
5,2026-08-11 15:24:57,"ntc1_C",1.86324968699643,786847
5,2026-08-11 15:24:57,"ntc2_C",1.8776251663615,787607
5,2026-08-11 15:24:57,"testSB_C",2.21687182782335,777546
6,2026-08-11 15:24:57,"ntc1_C",1.82403084180311,788796
6,2026-08-11 15:24:57,"ntc2_C",1.86850099318161,788101
6,2026-08-11 15:24:57,"testSB_C",2.10276994098018,781022
7,2026-08-11 15:24:57,"ntc1_C",2.3539683518776,771966
7,2026-08-11 15:24:57,"ntc2_C",1.89043452029955,787765
7,2026-08-11 15:24:57,"testSB_C",2.15690279444419,779566
8,2026-08-11 15:24:57,"ntc1_C",2.08800941576965,783125
8,2026-08-11 15:24:57,"ntc2_C",2.42618849532772,769668
8,2026-08-11 15:24:57,"testSB_C",2.04995564919511,779967
9,2026-08-11 15:24:57,"ntc1_C",2.20020122222547,776512
9,2026-08-11 15:24:57,"ntc2_C",2.4074873167595,772528
9,2026-08-11 15:24:57,"testSB_C",2.10671413401809,780683
10,2026-08-11 15:24:57,"ntc1_C",2.17538688405932,779028
10,2026-08-11 15:24:57,"ntc2_C",2.16437686493828,777357
10,2026-08-11 15:24:57,"testSB_C",1.96797590539381,783994
11,2026-08-11 15:24:57,"ntc1_C",1.94366706223332,786485
11,2026-08-11 15:24:57,"ntc2_C",2.19877362510044,778122
11,2026-08-11 15:24:57,"testSB_C",2.06418526033241,781306
12,2026-08-11 15:24:57,"ntc1_C",1.96122944520431,785249
12,2026-08-11 15:24:57,"ntc2_C",2.3031491856658,774135
12,2026-08-11 15:24:57,"testSB_C",1.9054080859915,786363
13,2026-08-11 15:24:57,"ntc1_C",1.82392711576767,791744
13,2026-08-11 15:24:57,"ntc2_C",2.45147765100239,768135
13,2026-08-11 15:24:57,"testSB_C",2.33605310278415,772967
14,2026-08-11 15:24:57,"ntc1_C",2.45111563287611,768784
14,2026-08-11 15:24:57,"ntc2_C",2.25629423132767,776647
14,2026-08-11 15:24:57,"testSB_C",2.09803561216296,781421
15,2026-08-11 15:24:57,"ntc1_C",2.12735494419263,778248
15,2026-08-11 15:24:57,"ntc2_C",2.28932261219188,775705
15,2026-08-11 15:24:57,"testSB_C",1.9503391398834,786437
16,2026-08-11 15:24:57,"ntc1_C",1.93845264495815,784789
16,2026-08-11 15:24:57,"ntc2_C",2.51054893891603,766523
16,2026-08-11 15:24:57,"testSB_C",2.05550571787342,780553
17,2026-08-11 15:24:57,"ntc1_C",2.39247828737172,770572
17,2026-08-11 15:24:57,"ntc2_C",2.26009090341006,774425
17,2026-08-11 15:24:57,"testSB_C",2.21114283502789,778240
18,2026-08-11 15:24:57,"ntc1_C",2.34836707013193,774388
18,2026-08-11 15:24:57,"ntc2_C",1.81752787715459,789169
18,2026-08-11 15:24:57,"testSB_C",1.97826979704541,783233
19,2026-08-11 15:24:57,"ntc1_C",2.18051502585155,779260
19,2026-08-11 15:24:57,"ntc2_C",1.96395954484029,785193
19,2026-08-11 15:24:57,"testSB_C",2.19575342648818,779010
20,2026-08-11 15:24:57,"ntc1_C",2.30645287545781,773903
20,2026-08-11 15:24:57,"ntc2_C",2.08503689325977,782113
20,2026-08-11 15:24:57,"testSB_C",2.53192277040637,765976
21,2026-08-11 15:24:57,"ntc1_C",2.37643817325886,770679
21,2026-08-11 15:24:57,"ntc2_C",1.96935781472297,784957
21,2026-08-11 15:24:57,"testSB_C",2.05273159229222,782420
22,2026-08-11 15:24:57,"ntc1_C",2.32976132999079,774010
22,2026-08-11 15:24:57,"ntc2_C",2.5225760622024,769065
22,2026-08-11 15:24:57,"testSB_C",1.95813311526013,784309
23,2026-08-11 15:24:57,"ntc1_C",1.83605869710567,791043
23,2026-08-11 15:24:57,"ntc2_C",2.30579752346853,774387
23,2026-08-11 15:24:57,"testSB_C",2.02377824380045,782037
24,2026-08-11 15:24:57,"ntc1_C",2.36988548401018,772667
24,2026-08-11 15:24:57,"ntc2_C",2.0508505703678,783858
24,2026-08-11 15:24:57,"testSB_C",2.0008989435056,782596
1,2026-08-11 18:24:57,"ntc1_C",-3.03286787956682,957694
1,2026-08-11 18:24:57,"testSB_C",-3.37943375977306,973490
2,2026-08-11 18:24:57,"ntc1_C",-3.09036679011155,961435
2,2026-08-11 18:24:57,"ntc2_C",-2.21810233061302,927878
2,2026-08-11 18:24:57,"testSB_C",-3.32738388706343,972780
3,2026-08-11 18:24:57,"ntc1_C",-0.61187719431581,871438
3,2026-08-11 18:24:57,"ntc2_C",-0.272373539904322,858639
3,2026-08-11 18:24:57,"testSB_C",0.317021762051752,838364
4,2026-08-11 18:24:57,"ntc1_C",-0.321344210307018,860812
4,2026-08-11 18:24:57,"ntc2_C",-0.279785964386349,857434
4,2026-08-11 18:24:57,"testSB_C",0.2299192266359,840196
5,2026-08-11 18:24:57,"ntc1_C",0.0153803789206108,847435
5,2026-08-11 18:24:57,"ntc2_C",-0.453110449623921,864850
5,2026-08-11 18:24:57,"testSB_C",-0.110840877893338,853650
6,2026-08-11 18:24:57,"ntc1_C",-0.233032189799189,856669
6,2026-08-11 18:24:57,"ntc2_C",-0.681891459600706,873121
6,2026-08-11 18:24:57,"testSB_C",-0.324846851966981,860944
7,2026-08-11 18:24:57,"ntc1_C",0.0176556656724074,847813
7,2026-08-11 18:24:57,"ntc2_C",-0.916444798921077,881815
7,2026-08-11 18:24:57,"testSB_C",-0.586335128928226,870296
8,2026-08-11 18:24:57,"ntc1_C",-0.442375307593522,866860
8,2026-08-11 18:24:57,"ntc2_C",-0.119782550463356,852386
8,2026-08-11 18:24:57,"testSB_C",-0.8899960098002,877688
9,2026-08-11 18:24:57,"ntc1_C",-0.282190512425927,857798
9,2026-08-11 18:24:57,"ntc2_C",-0.545591129635739,869750
9,2026-08-11 18:24:57,"testSB_C",-0.432547792833759,864451
10,2026-08-11 18:24:57,"ntc1_C",-0.437418046766368,865130
10,2026-08-11 18:24:57,"ntc2_C",-0.867244965020575,877970
10,2026-08-11 18:24:57,"testSB_C",-0.714350089831214,873170
11,2026-08-11 18:24:57,"ntc1_C",-0.593073930177923,870780
11,2026-08-11 18:24:57,"ntc2_C",-0.687849597047716,873704
11,2026-08-11 18:24:57,"testSB_C",-0.336887084180091,860310
12,2026-08-11 18:24:57,"ntc1_C",-1.04970481103589,886193
12,2026-08-11 18:24:57,"ntc2_C",-0.454862700632532,864717
12,2026-08-11 18:24:57,"testSB_C",-0.561138937163719,868231
13,2026-08-11 18:24:57,"ntc1_C",-0.392733041453084,865462
13,2026-08-11 18:24:57,"ntc2_C",-0.162795641500622,853086
13,2026-08-11 18:24:57,"testSB_C",0.166398545215145,843255
14,2026-08-11 18:24:57,"ntc1_C",0.566297022753076,829092
14,2026-08-11 18:24:57,"ntc2_C",-0.0130628948457456,850656
14,2026-08-11 18:24:57,"testSB_C",0.389462936861435,836842
15,2026-08-11 18:24:57,"ntc1_C",0.369618086378182,835060
15,2026-08-11 18:24:57,"ntc2_C",0.467515771399064,834491
15,2026-08-11 18:24:57,"testSB_C",0.166240428233209,844813
16,2026-08-11 18:24:57,"ntc1_C",0.661456491813738,826030
16,2026-08-11 18:24:57,"ntc2_C",0.620812291856737,826843
16,2026-08-11 18:24:57,"testSB_C",0.66068065814909,825465
17,2026-08-11 18:24:57,"ntc1_C",0.836847364787047,820150
17,2026-08-11 18:24:57,"ntc2_C",0.733416153304063,823294
17,2026-08-11 18:24:57,"testSB_C",0.788902268269453,823906
18,2026-08-11 18:24:57,"ntc1_C",0.855656521976812,822119
18,2026-08-11 18:24:57,"ntc2_C",0.323680445819321,837885
18,2026-08-11 18:24:57,"testSB_C",0.715151529783384,823943
19,2026-08-11 18:24:57,"ntc1_C",0.842897220744874,822191
19,2026-08-11 18:24:57,"ntc2_C",0.458929989306284,834072
19,2026-08-11 18:24:57,"testSB_C",0.724316951871685,826359
20,2026-08-11 18:24:57,"ntc1_C",1.15063736669276,810599
20,2026-08-11 18:24:57,"ntc2_C",0.507612180358763,833213
20,2026-08-11 18:24:57,"testSB_C",1.28772736779968,805106
21,2026-08-11 18:24:57,"ntc1_C",1.18738123262671,808241
21,2026-08-11 18:24:57,"ntc2_C",0.522620425268087,831859
21,2026-08-11 18:24:57,"testSB_C",0.903738572437646,819305
22,2026-08-11 18:24:57,"ntc1_C",1.30835260605005,806323
22,2026-08-11 18:24:57,"ntc2_C",0.786814047910127,824403
22,2026-08-11 18:24:57,"testSB_C",1.02686143143012,814125
23,2026-08-11 18:24:57,"ntc1_C",0.824611288817891,823787
23,2026-08-11 18:24:57,"ntc2_C",0.783265424618207,823106
23,2026-08-11 18:24:57,"testSB_C",0.749692337420299,822977
24,2026-08-11 18:24:57,"ntc1_C",1.21800208371991,809165
24,2026-08-11 18:24:57,"ntc2_C",0.889969947589407,821200
24,2026-08-11 18:24:57,"testSB_C",1.20935170630696,807809
1,2026-08-11 21:24:57,"ntc1_C",-13.3440300199642,1457611
1,2026-08-11 21:24:57,"testSB_C",-13.3202866027254,1459287
2,2026-08-11 21:24:57,"ntc1_C",-12.7809956946585,1426666
2,2026-08-11 21:24:57,"ntc2_C",-12.397414872793,1404102
2,2026-08-11 21:24:57,"testSB_C",-12.8410186883973,1432594
3,2026-08-11 21:24:57,"ntc1_C",-11.0168081595595,1329639
3,2026-08-11 21:24:57,"ntc2_C",-10.8413249965294,1318905
3,2026-08-11 21:24:57,"testSB_C",-10.319926866528,1290591
4,2026-08-11 21:24:57,"ntc1_C",-10.8230729649136,1318573
4,2026-08-11 21:24:57,"ntc2_C",-10.8639613109364,1317643
4,2026-08-11 21:24:57,"testSB_C",-10.204440675977,1282881
5,2026-08-11 21:24:57,"ntc1_C",-10.3800635916695,1292359
5,2026-08-11 21:24:57,"ntc2_C",-10.6959213781169,1310770
5,2026-08-11 21:24:57,"testSB_C",-10.3324955261787,1292514
6,2026-08-11 21:24:57,"ntc1_C",-10.2949084301659,1288517
6,2026-08-11 21:24:57,"ntc2_C",-10.6621101800926,1309557
6,2026-08-11 21:24:57,"testSB_C",-10.2478838606788,1287870
7,2026-08-11 21:24:57,"ntc1_C",-9.90578080211151,1268209
7,2026-08-11 21:24:57,"ntc2_C",-10.7116619979423,1312847
7,2026-08-11 21:24:57,"testSB_C",-9.93916155600169,1272068
8,2026-08-11 21:24:57,"ntc1_C",-9.94775942646902,1275056
8,2026-08-11 21:24:57,"ntc2_C",-9.73310674967195,1258946
8,2026-08-11 21:24:57,"testSB_C",-10.2420149450284,1283101
9,2026-08-11 21:24:57,"ntc1_C",-9.7190319773506,1257854
9,2026-08-11 21:24:57,"ntc2_C",-9.98831329715193,1276225
9,2026-08-11 21:24:57,"testSB_C",-9.78615528923592,1263669
10,2026-08-11 21:24:57,"ntc1_C",-9.70725003373929,1260118
10,2026-08-11 21:24:57,"ntc2_C",-10.1375719002909,1279235
10,2026-08-11 21:24:57,"testSB_C",-9.86617914919253,1266096
11,2026-08-11 21:24:57,"ntc1_C",-9.60001287485841,1254864
11,2026-08-11 21:24:57,"ntc2_C",-9.81079215230523,1265223
11,2026-08-11 21:24:57,"testSB_C",-9.4796357721977,1246532
12,2026-08-11 21:24:57,"ntc1_C",-10.1299539940258,1281253
12,2026-08-11 21:24:57,"ntc2_C",-9.58921438116994,1252601
12,2026-08-11 21:24:57,"testSB_C",-9.69396434887767,1257792
13,2026-08-11 21:24:57,"ntc1_C",-9.66394726367201,1260774
13,2026-08-11 21:24:57,"ntc2_C",-9.64348549679266,1253389
13,2026-08-11 21:24:57,"testSB_C",-9.28514206739942,1237189
14,2026-08-11 21:24:57,"ntc1_C",-9.16791947324771,1230002
14,2026-08-11 21:24:57,"ntc2_C",-9.61682809970893,1255743
14,2026-08-11 21:24:57,"testSB_C",-9.28026807330912,1238500
15,2026-08-11 21:24:57,"ntc1_C",-9.30186704540523,1235755
15,2026-08-11 21:24:57,"ntc2_C",-9.25686320202618,1237808
15,2026-08-11 21:24:57,"testSB_C",-9.42955993618131,1246802
16,2026-08-11 21:24:57,"ntc1_C",-8.97446908380056,1220709
16,2026-08-11 21:24:57,"ntc2_C",-9.17266214264163,1229909
16,2026-08-11 21:24:57,"testSB_C",-9.1852711687468,1230489
17,2026-08-11 21:24:57,"ntc1_C",-9.09325577698036,1226541
17,2026-08-11 21:24:57,"ntc2_C",-9.09485424599865,1226051
17,2026-08-11 21:24:57,"testSB_C",-8.98741535923671,1224435
18,2026-08-11 21:24:57,"ntc1_C",-8.97614983698099,1224333
18,2026-08-11 21:24:57,"ntc2_C",-9.26718244309882,1235784
18,2026-08-11 21:24:57,"testSB_C",-9.09897883527663,1226607
19,2026-08-11 21:24:57,"ntc1_C",-8.9398250015301,1222202
19,2026-08-11 21:24:57,"ntc2_C",-9.21424792221416,1234682
19,2026-08-11 21:24:57,"testSB_C",-8.95034275277038,1223156
20,2026-08-11 21:24:57,"ntc1_C",-8.65587980129874,1206040
20,2026-08-11 21:24:57,"ntc2_C",-9.12651642135842,1231461
20,2026-08-11 21:24:57,"testSB_C",-8.55976446477467,1199607
21,2026-08-11 21:24:57,"ntc1_C",-8.51503533960079,1196841
21,2026-08-11 21:24:57,"ntc2_C",-9.04118176079618,1225794
21,2026-08-11 21:24:57,"testSB_C",-8.61524782918718,1204854
22,2026-08-11 21:24:57,"ntc1_C",-8.29843921044812,1189602
22,2026-08-11 21:24:57,"ntc2_C",-8.70818778374525,1210885
22,2026-08-11 21:24:57,"testSB_C",-8.36272238859794,1190682
23,2026-08-11 21:24:57,"ntc1_C",-8.49374661468346,1201513
23,2026-08-11 21:24:57,"ntc2_C",-8.68206239916799,1207787
23,2026-08-11 21:24:57,"testSB_C",-8.55161122489068,1199198
24,2026-08-11 21:24:57,"ntc1_C",-8.20871849008381,1185291
24,2026-08-11 21:24:57,"ntc2_C",-8.37130135602717,1194963
24,2026-08-11 21:24:57,"testSB_C",-8.05772056973814,1175394
1,2026-08-12 00:24:57,"ntc1_C",-22.5146017412609,2114600
1,2026-08-12 00:24:57,"testSB_C",-22.3471349188167,2104535
2,2026-08-12 00:24:57,"ntc1_C",-22.1971812188781,2090888
2,2026-08-12 00:24:57,"ntc2_C",-22.0641414986574,2079113
2,2026-08-12 00:24:57,"testSB_C",-22.0257672215965,2079180
3,2026-08-12 00:24:57,"ntc1_C",-21.9861831689122,2075914
3,2026-08-12 00:24:57,"ntc2_C",-21.8734098462716,2064995
3,2026-08-12 00:24:57,"testSB_C",-21.7831702628732,2056267
4,2026-08-12 00:24:57,"ntc1_C",-21.7672015901374,2057155
4,2026-08-12 00:24:57,"ntc2_C",-21.7356452842477,2049600
4,2026-08-12 00:24:57,"testSB_C",-21.6674038660201,2044315
5,2026-08-12 00:24:57,"ntc1_C",-21.6383332126322,2042785
5,2026-08-12 00:24:57,"ntc2_C",-21.6151062189784,2042945
5,2026-08-12 00:24:57,"testSB_C",-21.5870430105938,2042336
6,2026-08-12 00:24:57,"ntc1_C",-21.5614236126926,2036512
6,2026-08-12 00:24:57,"ntc2_C",-21.5569232997162,2039198
6,2026-08-12 00:24:57,"testSB_C",-21.5642979316319,2039948
7,2026-08-12 00:24:57,"ntc1_C",-21.5050953572036,2032770
7,2026-08-12 00:24:57,"ntc2_C",-21.4878893000271,2034713
7,2026-08-12 00:24:57,"testSB_C",-21.4689708699458,2032734
8,2026-08-12 00:24:57,"ntc1_C",-21.4329024487322,2033984
8,2026-08-12 00:24:57,"ntc2_C",-21.4161759075006,2024676
8,2026-08-12 00:24:57,"testSB_C",-21.3606400130206,2016685
9,2026-08-12 00:24:57,"ntc1_C",-21.3271732199271,2016611
9,2026-08-12 00:24:57,"ntc2_C",-21.3018436152294,2022100
9,2026-08-12 00:24:57,"testSB_C",-21.2718179550719,2016294
10,2026-08-12 00:24:57,"ntc1_C",-21.226804732059,2012871
10,2026-08-12 00:24:57,"ntc2_C",-21.1958404638392,2005752
10,2026-08-12 00:24:57,"testSB_C",-21.1869309837867,2006697
11,2026-08-12 00:24:57,"ntc1_C",-21.1429678282843,2006479
11,2026-08-12 00:24:57,"ntc2_C",-21.116611607516,2003856
11,2026-08-12 00:24:57,"testSB_C",-21.0969314280914,1999502
12,2026-08-12 00:24:57,"ntc1_C",-21.0767751230302,1999587
12,2026-08-12 00:24:57,"ntc2_C",-21.040817111791,1995620
12,2026-08-12 00:24:57,"testSB_C",-20.9814869248266,1990888
13,2026-08-12 00:24:57,"ntc1_C",-20.9152443329881,1992370
13,2026-08-12 00:24:57,"ntc2_C",-20.8418566512193,1977064
13,2026-08-12 00:24:57,"testSB_C",-20.7704875621833,1974298
14,2026-08-12 00:24:57,"ntc1_C",-20.6847954071686,1965177
14,2026-08-12 00:24:57,"ntc2_C",-20.6947341121936,1970549
14,2026-08-12 00:24:57,"testSB_C",-20.5584443894777,1959707
15,2026-08-12 00:24:57,"ntc1_C",-20.4828610581782,1947609
15,2026-08-12 00:24:57,"ntc2_C",-20.4465997697997,1951968
15,2026-08-12 00:24:57,"testSB_C",-20.3916082469823,1947894
16,2026-08-12 00:24:57,"ntc1_C",-20.2361499803695,1930873
16,2026-08-12 00:24:57,"ntc2_C",-20.191916881524,1926531
16,2026-08-12 00:24:57,"testSB_C",-20.1008235634165,1919405
17,2026-08-12 00:24:57,"ntc1_C",-20.0122329953713,1913275
17,2026-08-12 00:24:57,"ntc2_C",-19.9205292618979,1905003
17,2026-08-12 00:24:57,"testSB_C",-19.7354386666832,1896648
18,2026-08-12 00:24:57,"ntc1_C",-19.6975798169313,1894189
18,2026-08-12 00:24:57,"ntc2_C",-19.6633451992925,1886519
18,2026-08-12 00:24:57,"testSB_C",-19.4948289883621,1873524
19,2026-08-12 00:24:57,"ntc1_C",-19.3724706130628,1869378
19,2026-08-12 00:24:57,"ntc2_C",-19.3625913366294,1866794
19,2026-08-12 00:24:57,"testSB_C",-19.2374973569282,1859969
20,2026-08-12 00:24:57,"ntc1_C",-19.1532663289903,1849925
20,2026-08-12 00:24:57,"ntc2_C",-19.2265655971035,1858394
20,2026-08-12 00:24:57,"testSB_C",-19.0010563907098,1835803
21,2026-08-12 00:24:57,"ntc1_C",-18.9636970683355,1831533
21,2026-08-12 00:24:57,"ntc2_C",-18.9861226981697,1838149
21,2026-08-12 00:24:57,"testSB_C",-18.7670914175403,1822261
22,2026-08-12 00:24:57,"ntc1_C",-18.7436666122686,1820828
22,2026-08-12 00:24:57,"ntc2_C",-18.8013951670322,1826625
22,2026-08-12 00:24:57,"testSB_C",-18.5858888743786,1806197
23,2026-08-12 00:24:57,"ntc1_C",-18.5746941733486,1811722
23,2026-08-12 00:24:57,"ntc2_C",-18.5778005260993,1807753
23,2026-08-12 00:24:57,"testSB_C",-18.4934127030947,1797521
24,2026-08-12 00:24:57,"ntc1_C",-18.3743121253748,1793873
24,2026-08-12 00:24:57,"ntc2_C",-18.3190150357461,1792359
24,2026-08-12 00:24:57,"testSB_C",-18.1985113484113,1776952
1,2026-08-12 03:24:57,"ntc1_C",-18.9970465978669,1834843
1,2026-08-12 03:24:57,"testSB_C",-18.9768427689287,1837028
2,2026-08-12 03:24:57,"ntc1_C",-18.8786695493666,1828771
2,2026-08-12 03:24:57,"ntc2_C",-18.8631044012588,1827072
2,2026-08-12 03:24:57,"testSB_C",-18.839770239093,1828480
3,2026-08-12 03:24:57,"ntc1_C",-18.8365055013754,1828175
3,2026-08-12 03:24:57,"ntc2_C",-18.8017586354417,1824139
3,2026-08-12 03:24:57,"testSB_C",-18.7805077622154,1821540
4,2026-08-12 03:24:57,"ntc1_C",-18.7776992508569,1823221
4,2026-08-12 03:24:57,"ntc2_C",-18.7620297085468,1817676
4,2026-08-12 03:24:57,"testSB_C",-18.7336431098826,1815889
5,2026-08-12 03:24:57,"ntc1_C",-18.7280446364607,1816144
5,2026-08-12 03:24:57,"ntc2_C",-18.7101910007355,1816785
5,2026-08-12 03:24:57,"testSB_C",-18.6801073426181,1816076
6,2026-08-12 03:24:57,"ntc1_C",-18.6716000123216,1812270
6,2026-08-12 03:24:57,"ntc2_C",-18.6757311042834,1815168
6,2026-08-12 03:24:57,"testSB_C",-18.6498616126233,1813443
7,2026-08-12 03:24:57,"ntc1_C",-18.6172432956158,1808836
7,2026-08-12 03:24:57,"ntc2_C",-18.6571776358537,1814792
7,2026-08-12 03:24:57,"testSB_C",-18.5893120273452,1809497
8,2026-08-12 03:24:57,"ntc1_C",-18.5622052396615,1811257
8,2026-08-12 03:24:57,"ntc2_C",-18.5441122579871,1802809
8,2026-08-12 03:24:57,"testSB_C",-18.5863743071644,1802764
9,2026-08-12 03:24:57,"ntc1_C",-18.4834936603478,1797699
9,2026-08-12 03:24:57,"ntc2_C",-18.4910868991074,1804913
9,2026-08-12 03:24:57,"testSB_C",-18.4595673306725,1799604
10,2026-08-12 03:24:57,"ntc1_C",-18.446459983513,1798982
10,2026-08-12 03:24:57,"ntc2_C",-18.4618162112153,1795862
10,2026-08-12 03:24:57,"testSB_C",-18.4031618482386,1793038
11,2026-08-12 03:24:57,"ntc1_C",-18.3770681486071,1794257
11,2026-08-12 03:24:57,"ntc2_C",-18.3986133413622,1795326
11,2026-08-12 03:24:57,"testSB_C",-18.3737479588904,1791029
12,2026-08-12 03:24:57,"ntc1_C",-18.4188711790192,1795896
12,2026-08-12 03:24:57,"ntc2_C",-18.3566972190531,1790400
12,2026-08-12 03:24:57,"testSB_C",-18.3404743610764,1789181
13,2026-08-12 03:24:57,"ntc1_C",-18.3312047681181,1794723
13,2026-08-12 03:24:57,"ntc2_C",-18.3212352941696,1785346
13,2026-08-12 03:24:57,"testSB_C",-18.2904098302045,1785817
14,2026-08-12 03:24:57,"ntc1_C",-18.2848022349151,1783344
14,2026-08-12 03:24:57,"ntc2_C",-18.2866879586678,1787691
14,2026-08-12 03:24:57,"testSB_C",-18.263488090563,1785956
15,2026-08-12 03:24:57,"ntc1_C",-18.2242830813414,1777498
15,2026-08-12 03:24:57,"ntc2_C",-18.2247591199876,1784069
15,2026-08-12 03:24:57,"testSB_C",-18.2040038685796,1782835
16,2026-08-12 03:24:57,"ntc1_C",-18.1551835316579,1774817
16,2026-08-12 03:24:57,"ntc2_C",-18.1487318703331,1773491
16,2026-08-12 03:24:57,"testSB_C",-18.1514952761318,1773643
17,2026-08-12 03:24:57,"ntc1_C",-18.144860409821,1773892
17,2026-08-12 03:24:57,"ntc2_C",-18.1186920237435,1770946
17,2026-08-12 03:24:57,"testSB_C",-18.055322117633,1771866
18,2026-08-12 03:24:57,"ntc1_C",-18.0594146457724,1772611
18,2026-08-12 03:24:57,"ntc2_C",-18.0846137298829,1769707
18,2026-08-12 03:24:57,"testSB_C",-18.0316511764716,1765613
19,2026-08-12 03:24:57,"ntc1_C",-18.008511551453,1768830
19,2026-08-12 03:24:57,"ntc2_C",-18.0099303073856,1767182
19,2026-08-12 03:24:57,"testSB_C",-17.9984682285875,1768837
20,2026-08-12 03:24:57,"ntc1_C",-17.9813533914839,1764048
20,2026-08-12 03:24:57,"ntc2_C",-18.0088225868281,1768860
20,2026-08-12 03:24:57,"testSB_C",-17.9653113365961,1760273
21,2026-08-12 03:24:57,"ntc1_C",-17.9309209772609,1756435
21,2026-08-12 03:24:57,"ntc2_C",-17.9663785057473,1763685
21,2026-08-12 03:24:57,"testSB_C",-17.8989950057943,1759202
22,2026-08-12 03:24:57,"ntc1_C",-17.8976583908777,1759392
22,2026-08-12 03:24:57,"ntc2_C",-17.9059465220499,1761489
22,2026-08-12 03:24:57,"testSB_C",-17.8741205408848,1754766
23,2026-08-12 03:24:57,"ntc1_C",-17.8622266534747,1760118
23,2026-08-12 03:24:57,"ntc2_C",-17.8494188133731,1755102
23,2026-08-12 03:24:57,"testSB_C",-17.8412634806944,1750637
24,2026-08-12 03:24:57,"ntc1_C",-17.7923533729664,1751993
24,2026-08-12 03:24:57,"ntc2_C",-17.7816290351125,1753692
24,2026-08-12 03:24:57,"testSB_C",-17.7481979279075,1744764
1,2026-08-12 06:24:57,"ntc1_C",-19.0944704182747,1842102
1,2026-08-12 06:24:57,"testSB_C",-19.2850198453182,1860101
2,2026-08-12 06:24:57,"ntc1_C",-19.2515696122822,1856613
2,2026-08-12 06:24:57,"ntc2_C",-19.2790852865477,1858127
2,2026-08-12 06:24:57,"testSB_C",-19.2210971874886,1856921
3,2026-08-12 06:24:57,"ntc1_C",-17.8073420300468,1753445
3,2026-08-12 06:24:57,"ntc2_C",-18.0699123580477,1770784
3,2026-08-12 06:24:57,"testSB_C",-18.2085401373661,1779786
4,2026-08-12 06:24:57,"ntc1_C",-17.8886873580423,1758636
4,2026-08-12 06:24:57,"ntc2_C",-17.6897797676245,1740290
4,2026-08-12 06:24:57,"testSB_C",-18.2254990363502,1778851
5,2026-08-12 06:24:57,"ntc1_C",-18.2568561966179,1781754
5,2026-08-12 06:24:57,"ntc2_C",-18.0680032418342,1770075
5,2026-08-12 06:24:57,"testSB_C",-18.1910666500918,1780411
6,2026-08-12 06:24:57,"ntc1_C",-18.2080243731437,1778536
6,2026-08-12 06:24:57,"ntc2_C",-17.9443536731734,1762103
6,2026-08-12 06:24:57,"testSB_C",-18.2714277426457,1785831
7,2026-08-12 06:24:57,"ntc1_C",-18.1065808454895,1771739
7,2026-08-12 06:24:57,"ntc2_C",-17.7301057130425,1747777
7,2026-08-12 06:24:57,"testSB_C",-18.2304258429665,1783352
8,2026-08-12 06:24:57,"ntc1_C",-18.1902680845901,1784139
8,2026-08-12 06:24:57,"ntc2_C",-18.0322508267081,1765755
8,2026-08-12 06:24:57,"testSB_C",-17.8872670834034,1752336
9,2026-08-12 06:24:57,"ntc1_C",-18.0256210692304,1764617
9,2026-08-12 06:24:57,"ntc2_C",-17.88247576571,1760874
9,2026-08-12 06:24:57,"testSB_C",-17.9564861843918,1763233
10,2026-08-12 06:24:57,"ntc1_C",-17.9882207184655,1765856
10,2026-08-12 06:24:57,"ntc2_C",-17.663709579429,1738616
10,2026-08-12 06:24:57,"testSB_C",-17.9432197220254,1759874
11,2026-08-12 06:24:57,"ntc1_C",-18.0854675608162,1773161
11,2026-08-12 06:24:57,"ntc2_C",-17.8161496586877,1753388
11,2026-08-12 06:24:57,"testSB_C",-17.8832204476333,1755730
12,2026-08-12 06:24:57,"ntc1_C",-17.5238763525942,1731839
12,2026-08-12 06:24:57,"ntc2_C",-17.6829204451045,1742110
12,2026-08-12 06:24:57,"testSB_C",-17.8038453128191,1750630
13,2026-08-12 06:24:57,"ntc1_C",-17.7787992736057,1754946
13,2026-08-12 06:24:57,"ntc2_C",-17.6111988520628,1734603
13,2026-08-12 06:24:57,"testSB_C",-17.7017810506788,1743652
14,2026-08-12 06:24:57,"ntc1_C",-17.6662923393107,1739134
14,2026-08-12 06:24:57,"ntc2_C",-17.542535421728,1734513
14,2026-08-12 06:24:57,"testSB_C",-17.6161512013478,1739647
15,2026-08-12 06:24:57,"ntc1_C",-17.6261827362274,1734868
15,2026-08-12 06:24:57,"ntc2_C",-17.2778098356631,1716756
15,2026-08-12 06:24:57,"testSB_C",-17.1478522846136,1707981
16,2026-08-12 06:24:57,"ntc1_C",-17.5366128109652,1730787
16,2026-08-12 06:24:57,"ntc2_C",-17.5682551199506,1732162
16,2026-08-12 06:24:57,"testSB_C",-17.6419050868519,1737307
17,2026-08-12 06:24:57,"ntc1_C",-17.5681070803649,1732829
17,2026-08-12 06:24:57,"ntc2_C",-17.5016457940056,1727135
17,2026-08-12 06:24:57,"testSB_C",-17.660254501835,1743678
18,2026-08-12 06:24:57,"ntc1_C",-17.6001346590317,1739879
18,2026-08-12 06:24:57,"ntc2_C",-17.3482496651802,1717607
18,2026-08-12 06:24:57,"testSB_C",-17.5143580463594,1728897
19,2026-08-12 06:24:57,"ntc1_C",-17.5875591906353,1738852
19,2026-08-12 06:24:57,"ntc2_C",-17.554686595567,1734810
19,2026-08-12 06:24:57,"testSB_C",-17.4209729751353,1727829
20,2026-08-12 06:24:57,"ntc1_C",-17.4372019874226,1725477
20,2026-08-12 06:24:57,"ntc2_C",-17.0672524618861,1702466
20,2026-08-12 06:24:57,"testSB_C",-17.2999470496336,1713326
21,2026-08-12 06:24:57,"ntc1_C",-17.4069750488028,1719469
21,2026-08-12 06:24:57,"ntc2_C",-16.9529638565583,1692541
21,2026-08-12 06:24:57,"testSB_C",-17.6113635155799,1738771
22,2026-08-12 06:24:57,"ntc1_C",-17.4064964011358,1724637
22,2026-08-12 06:24:57,"ntc2_C",-17.1761041729967,1710045
22,2026-08-12 06:24:57,"testSB_C",-17.4637350309153,1725751
23,2026-08-12 06:24:57,"ntc1_C",-17.2287009608908,1715413
23,2026-08-12 06:24:57,"ntc2_C",-17.1521478609975,1706075
23,2026-08-12 06:24:57,"testSB_C",-17.4872422725043,1725676
24,2026-08-12 06:24:57,"ntc1_C",-17.4677821952571,1729043
24,2026-08-12 06:24:57,"ntc2_C",-17.1447852721436,1708901
24,2026-08-12 06:24:57,"testSB_C",-17.2940872183041,1712870
1,2026-08-12 09:24:57,"ntc1_C",-11.5387406398739,1354018
1,2026-08-12 09:24:57,"testSB_C",-11.7630425187613,1369420
2,2026-08-12 09:24:57,"ntc1_C",-11.8828555375849,1375295
2,2026-08-12 09:24:57,"ntc2_C",-11.7139865649478,1365464
2,2026-08-12 09:24:57,"testSB_C",-11.7283149452194,1369034
3,2026-08-12 09:24:57,"ntc1_C",-6.64565531959624,1112652
3,2026-08-12 09:24:57,"ntc2_C",-7.34900450509787,1143812
3,2026-08-12 09:24:57,"testSB_C",-7.43085767388595,1147217
4,2026-08-12 09:24:57,"ntc1_C",-6.65110537889245,1112336
4,2026-08-12 09:24:57,"ntc2_C",-6.61220123961698,1107985
4,2026-08-12 09:24:57,"testSB_C",-7.503269099394,1149114
5,2026-08-12 09:24:57,"ntc1_C",-7.94365732514154,1170077
5,2026-08-12 09:24:57,"ntc2_C",-7.34095297162509,1143202
5,2026-08-12 09:24:57,"testSB_C",-7.35899592537424,1144944
6,2026-08-12 09:24:57,"ntc1_C",-7.84092527549956,1165874
6,2026-08-12 09:24:57,"ntc2_C",-7.35014580303363,1144102
6,2026-08-12 09:24:57,"testSB_C",-7.70767313265446,1161170
7,2026-08-12 09:24:57,"ntc1_C",-7.23542785488172,1137369
7,2026-08-12 09:24:57,"ntc2_C",-6.63401524910455,1111747
7,2026-08-12 09:24:57,"testSB_C",-7.73591639464263,1162796
8,2026-08-12 09:24:57,"ntc1_C",-7.71628680962766,1164148
8,2026-08-12 09:24:57,"ntc2_C",-7.20069787894607,1135469
8,2026-08-12 09:24:57,"testSB_C",-6.77376972423718,1113944
9,2026-08-12 09:24:57,"ntc1_C",-7.38919189566843,1143908
9,2026-08-12 09:24:57,"ntc2_C",-6.98601579402248,1129158
9,2026-08-12 09:24:57,"testSB_C",-7.4244488397141,1147646
10,2026-08-12 09:24:57,"ntc1_C",-7.62929993134321,1157789
10,2026-08-12 09:24:57,"ntc2_C",-6.87740916902413,1120049
10,2026-08-12 09:24:57,"testSB_C",-7.68227089179152,1158217
11,2026-08-12 09:24:57,"ntc1_C",-7.89513937311483,1170631
11,2026-08-12 09:24:57,"ntc2_C",-6.99957756602186,1128263
11,2026-08-12 09:24:57,"testSB_C",-7.30344746388346,1140748
12,2026-08-12 09:24:57,"ntc1_C",-6.74548086981753,1116201
12,2026-08-12 09:24:57,"ntc2_C",-7.09611374009381,1131602
12,2026-08-12 09:24:57,"testSB_C",-7.63781239006153,1156652
13,2026-08-12 09:24:57,"ntc1_C",-7.96236589395221,1176279
13,2026-08-12 09:24:57,"ntc2_C",-7.13829954255738,1131692
13,2026-08-12 09:24:57,"testSB_C",-7.47810889014187,1149331
14,2026-08-12 09:24:57,"ntc1_C",-7.49125365996474,1148778
14,2026-08-12 09:24:57,"ntc2_C",-7.16622244212584,1136411
14,2026-08-12 09:24:57,"testSB_C",-7.36323646756193,1145422
15,2026-08-12 09:24:57,"ntc1_C",-7.68143316371857,1156799
15,2026-08-12 09:24:57,"ntc2_C",-6.74660941002912,1117445
15,2026-08-12 09:24:57,"testSB_C",-6.63190080039413,1112460
16,2026-08-12 09:24:57,"ntc1_C",-7.43737147554737,1146574
16,2026-08-12 09:24:57,"ntc2_C",-7.20010193644703,1134874
16,2026-08-12 09:24:57,"testSB_C",-7.64187178799091,1155431
17,2026-08-12 09:24:57,"ntc1_C",-7.27475645146944,1138917
17,2026-08-12 09:24:57,"ntc2_C",-7.13345862318977,1131889
17,2026-08-12 09:24:57,"testSB_C",-7.52821643125202,1153742
18,2026-08-12 09:24:57,"ntc1_C",-7.40219404205101,1148292
18,2026-08-12 09:24:57,"ntc2_C",-7.07215528258723,1130119
18,2026-08-12 09:24:57,"testSB_C",-7.53143349039163,1150660
19,2026-08-12 09:24:57,"ntc1_C",-7.70239371755554,1162083
19,2026-08-12 09:24:57,"ntc2_C",-7.87374979406553,1169009
19,2026-08-12 09:24:57,"testSB_C",-7.35714097725912,1146244
20,2026-08-12 09:24:57,"ntc1_C",-7.54889422002134,1152823
20,2026-08-12 09:24:57,"ntc2_C",-7.02128430045866,1130194
20,2026-08-12 09:24:57,"testSB_C",-7.40146946110269,1144296
21,2026-08-12 09:24:57,"ntc1_C",-7.76196192092124,1160693
21,2026-08-12 09:24:57,"ntc2_C",-7.08452239295372,1131849
21,2026-08-12 09:24:57,"testSB_C",-7.77414343187604,1164245
22,2026-08-12 09:24:57,"ntc1_C",-7.14552617578164,1135018
22,2026-08-12 09:24:57,"ntc2_C",-6.5528950275542,1109156
22,2026-08-12 09:24:57,"testSB_C",-7.17889866346349,1134618
23,2026-08-12 09:24:57,"ntc1_C",-6.98097959039944,1129714
23,2026-08-12 09:24:57,"ntc2_C",-7.0078571009023,1128149
23,2026-08-12 09:24:57,"testSB_C",-7.47562321689173,1147795
24,2026-08-12 09:24:57,"ntc1_C",-7.4777038163582,1150501
24,2026-08-12 09:24:57,"ntc2_C",-7.25074726964101,1141636
24,2026-08-12 09:24:57,"testSB_C",-7.51754747491179,1149814
1,2026-08-12 12:24:57,"ntc1_C",-3.92708041750063,993028
1,2026-08-12 12:24:57,"testSB_C",-3.89382169865968,993987
2,2026-08-12 12:24:57,"ntc1_C",-4.42015728178387,1014684
2,2026-08-12 12:24:57,"ntc2_C",-4.03746081079674,998806
2,2026-08-12 12:24:57,"testSB_C",-3.97934381159331,998798
3,2026-08-12 12:24:57,"ntc1_C",0.763796386974263,824544
3,2026-08-12 12:24:57,"ntc2_C",0.242864510848619,841022
3,2026-08-12 12:24:57,"testSB_C",-0.317624016274351,860033
4,2026-08-12 12:24:57,"ntc1_C",0.50395434282126,832710
4,2026-08-12 12:24:57,"ntc2_C",0.515466429497792,830456
4,2026-08-12 12:24:57,"testSB_C",-0.48165447919564,864590
5,2026-08-12 12:24:57,"ntc1_C",-0.870266937137217,878206
5,2026-08-12 12:24:57,"ntc2_C",-0.158577145564664,854661
5,2026-08-12 12:24:57,"testSB_C",-0.345108107427279,861735
6,2026-08-12 12:24:57,"ntc1_C",-0.854047357582488,878353
6,2026-08-12 12:24:57,"ntc2_C",-0.178835925973033,855613
6,2026-08-12 12:24:57,"testSB_C",-0.961079934424163,883290
7,2026-08-12 12:24:57,"ntc1_C",-0.18457893361466,854740
7,2026-08-12 12:24:57,"ntc2_C",0.379569267790316,836992
7,2026-08-12 12:24:57,"testSB_C",-0.801215990101923,877860
8,2026-08-12 12:24:57,"ntc1_C",-0.672046385228043,874916
8,2026-08-12 12:24:57,"ntc2_C",-0.396335560961802,861923
8,2026-08-12 12:24:57,"testSB_C",0.0900632954562752,843744
9,2026-08-12 12:24:57,"ntc1_C",-0.617445933738111,869449
9,2026-08-12 12:24:57,"ntc2_C",0.0592928695793375,848828
9,2026-08-12 12:24:57,"testSB_C",-0.695918554234481,873669
10,2026-08-12 12:24:57,"ntc1_C",-0.57430101117103,869910
10,2026-08-12 12:24:57,"ntc2_C",0.301388830708902,837641
10,2026-08-12 12:24:57,"testSB_C",-0.648734903722698,870865
11,2026-08-12 12:24:57,"ntc1_C",-1.05351550267301,887079
11,2026-08-12 12:24:57,"ntc2_C",-0.0515203005905391,851614
11,2026-08-12 12:24:57,"testSB_C",-0.455934493125596,864441
12,2026-08-12 12:24:57,"ntc1_C",0.38579426145418,836454
12,2026-08-12 12:24:57,"ntc2_C",0.210243787928391,841891
12,2026-08-12 12:24:57,"testSB_C",-1.2382720554308,892249
13,2026-08-12 12:24:57,"ntc1_C",-0.59102461977858,872401
13,2026-08-12 12:24:57,"ntc2_C",0.358588911301297,835381
13,2026-08-12 12:24:57,"testSB_C",-0.1181615276152,852964
14,2026-08-12 12:24:57,"ntc1_C",-0.228279903797841,856000
14,2026-08-12 12:24:57,"ntc2_C",0.141342512077415,845391
14,2026-08-12 12:24:57,"testSB_C",-0.249649835218804,858630
15,2026-08-12 12:24:57,"ntc1_C",-0.503824680714445,864909
15,2026-08-12 12:24:57,"ntc2_C",0.413544270292562,836303
15,2026-08-12 12:24:57,"testSB_C",0.207746131660656,843404
16,2026-08-12 12:24:57,"ntc1_C",-0.626479486060248,869956
16,2026-08-12 12:24:57,"ntc2_C",-0.120458050960792,851861
16,2026-08-12 12:24:57,"testSB_C",-0.720697056067422,872650
17,2026-08-12 12:24:57,"ntc1_C",-0.312246139962724,858936
17,2026-08-12 12:24:57,"ntc2_C",-0.221976100819916,855529
17,2026-08-12 12:24:57,"testSB_C",-0.7157744386368,875320
18,2026-08-12 12:24:57,"ntc1_C",-0.424261557567831,865527
18,2026-08-12 12:24:57,"ntc2_C",-0.276306003777336,858338
18,2026-08-12 12:24:57,"testSB_C",-0.654824937018248,870641
19,2026-08-12 12:24:57,"ntc1_C",-0.609069126856411,871640
19,2026-08-12 12:24:57,"ntc2_C",-0.638032788688179,871721
19,2026-08-12 12:24:57,"testSB_C",-0.155818441919621,856130
20,2026-08-12 12:24:57,"ntc1_C",-0.402241321285089,862829
20,2026-08-12 12:24:57,"ntc2_C",0.287052965871453,840635
20,2026-08-12 12:24:57,"testSB_C",-0.0312017862696621,848912
21,2026-08-12 12:24:57,"ntc1_C",-0.374086443308158,860541
21,2026-08-12 12:24:57,"ntc2_C",0.245529151555957,841176
21,2026-08-12 12:24:57,"testSB_C",-0.681119157176113,873233
22,2026-08-12 12:24:57,"ntc1_C",-0.393408903056695,863380
22,2026-08-12 12:24:57,"ntc2_C",0.443946456296089,835826
22,2026-08-12 12:24:57,"testSB_C",-0.573017470507068,868190
23,2026-08-12 12:24:57,"ntc1_C",-0.39064853089792,865037
23,2026-08-12 12:24:57,"ntc2_C",0.17825314379661,843359
23,2026-08-12 12:24:57,"testSB_C",-0.551501603826694,867143
24,2026-08-12 12:24:57,"ntc1_C",-0.453499349661627,865411
24,2026-08-12 12:24:57,"ntc2_C",-0.47600173568577,867566
24,2026-08-12 12:24:57,"testSB_C",-1.96573298155272,917919
1,2026-08-12 15:24:57,"ntc1_C",-0.925670305232018,879540
1,2026-08-12 15:24:57,"testSB_C",-0.877991466326591,879939
2,2026-08-12 15:24:57,"ntc1_C",-0.842500333202622,877967
2,2026-08-12 15:24:57,"ntc2_C",0.139774604252182,843730
2,2026-08-12 15:24:57,"testSB_C",-0.723059887597515,875718
3,2026-08-12 15:24:57,"ntc1_C",2.34693416924159,773866
3,2026-08-12 15:24:57,"ntc2_C",2.80793730193494,758840
3,2026-08-12 15:24:57,"testSB_C",3.60446528740277,735022
4,2026-08-12 15:24:57,"ntc1_C",2.8134411433503,759118
4,2026-08-12 15:24:57,"ntc2_C",2.79949511249725,757861
4,2026-08-12 15:24:57,"testSB_C",3.63388288516319,733196
5,2026-08-12 15:24:57,"ntc1_C",3.15924288337402,747111
5,2026-08-12 15:24:57,"ntc2_C",2.75815114241021,760363
5,2026-08-12 15:24:57,"testSB_C",3.44081574708429,740455
6,2026-08-12 15:24:57,"ntc1_C",3.06280749162681,750698
6,2026-08-12 15:24:57,"ntc2_C",2.4660122599613,769482
6,2026-08-12 15:24:57,"testSB_C",3.21932205204934,746945
7,2026-08-12 15:24:57,"ntc1_C",3.55892143978366,735701
7,2026-08-12 15:24:57,"ntc2_C",2.18002468103418,778686
7,2026-08-12 15:24:57,"testSB_C",2.93018906564237,755847
8,2026-08-12 15:24:57,"ntc1_C",3.08527414486116,752525
8,2026-08-12 15:24:57,"ntc2_C",3.51240770212121,737019
8,2026-08-12 15:24:57,"testSB_C",2.3645744069658,770216
9,2026-08-12 15:24:57,"ntc1_C",3.272090346852,743985
9,2026-08-12 15:24:57,"ntc2_C",3.0237261575823,753738
9,2026-08-12 15:24:57,"testSB_C",3.01229608118632,752935
10,2026-08-12 15:24:57,"ntc1_C",3.05039287890975,752269
10,2026-08-12 15:24:57,"ntc2_C",2.42830470792489,769197
10,2026-08-12 15:24:57,"testSB_C",2.79191958021795,758584
11,2026-08-12 15:24:57,"ntc1_C",2.82397126357887,759296
11,2026-08-12 15:24:57,"ntc2_C",2.64621068016191,764330
11,2026-08-12 15:24:57,"testSB_C",2.99935719256678,752656
12,2026-08-12 15:24:57,"ntc1_C",1.86706615330468,788214
12,2026-08-12 15:24:57,"ntc2_C",2.65352862813165,763370
12,2026-08-12 15:24:57,"testSB_C",2.37468513930048,771737
13,2026-08-12 15:24:57,"ntc1_C",2.26822349814188,777786
13,2026-08-12 15:24:57,"ntc2_C",2.59226140655346,763823
13,2026-08-12 15:24:57,"testSB_C",2.92450764511727,754996
14,2026-08-12 15:24:57,"ntc1_C",2.99103337216565,752381
14,2026-08-12 15:24:57,"ntc2_C",2.25487783025056,776691
14,2026-08-12 15:24:57,"testSB_C",2.630341376123,764962
15,2026-08-12 15:24:57,"ntc1_C",2.53736399367619,765596
15,2026-08-12 15:24:57,"ntc2_C",2.43176439675483,771298
15,2026-08-12 15:24:57,"testSB_C",1.99874744469577,784914
16,2026-08-12 15:24:57,"ntc1_C",2.6262488546094,763488
16,2026-08-12 15:24:57,"ntc2_C",2.95159684309948,753130
16,2026-08-12 15:24:57,"testSB_C",2.47246974967891,767637
17,2026-08-12 15:24:57,"ntc1_C",2.86536910583271,756140
17,2026-08-12 15:24:57,"ntc2_C",2.66238800758993,762067
17,2026-08-12 15:24:57,"testSB_C",2.83952755861594,758927
18,2026-08-12 15:24:57,"ntc1_C",2.78609990839669,760956
18,2026-08-12 15:24:57,"ntc2_C",1.78035820755969,790344
18,2026-08-12 15:24:57,"testSB_C",2.29485570332736,773368
19,2026-08-12 15:24:57,"ntc1_C",2.44771842017758,770973
19,2026-08-12 15:24:57,"ntc2_C",1.83676233744404,789204
19,2026-08-12 15:24:57,"testSB_C",2.28729958518869,776161
20,2026-08-12 15:24:57,"ntc1_C",2.52617363888243,767129
20,2026-08-12 15:24:57,"ntc2_C",1.71692254097746,793733
20,2026-08-12 15:24:57,"testSB_C",2.52859231899157,766078
21,2026-08-12 15:24:57,"ntc1_C",2.63784222599577,762673
21,2026-08-12 15:24:57,"ntc2_C",1.62648748339342,795813
21,2026-08-12 15:24:57,"testSB_C",2.53629872900768,767428
22,2026-08-12 15:24:57,"ntc1_C",2.79887324585388,759634
22,2026-08-12 15:24:57,"ntc2_C",2.36618239410467,773885
22,2026-08-12 15:24:57,"testSB_C",2.54471775808639,766127
23,2026-08-12 15:24:57,"ntc1_C",2.10633932543146,782529
23,2026-08-12 15:24:57,"ntc2_C",2.16345946822992,778809
23,2026-08-12 15:24:57,"testSB_C",2.25782396014785,774755
24,2026-08-12 15:24:57,"ntc1_C",2.59741063537047,765667
24,2026-08-12 15:24:57,"ntc2_C",1.92324596757703,787873
24,2026-08-12 15:24:57,"testSB_C",2.15157629860289,777892
1,2026-08-12 18:24:57,"ntc1_C",-5.84186078993508,1073328
1,2026-08-12 18:24:57,"testSB_C",-6.0920827176817,1086770
2,2026-08-12 18:24:57,"ntc1_C",-5.69166491886062,1068469
2,2026-08-12 18:24:57,"ntc2_C",-4.51315729048235,1018268
2,2026-08-12 18:24:57,"testSB_C",-5.78978717470858,1074910
3,2026-08-12 18:24:57,"ntc1_C",-2.23390604093805,930365
3,2026-08-12 18:24:57,"ntc2_C",-1.6784251341162,908723
3,2026-08-12 18:24:57,"testSB_C",-0.800476188525579,876915
4,2026-08-12 18:24:57,"ntc1_C",-1.42186974445355,899852
4,2026-08-12 18:24:57,"ntc2_C",-1.17687098508839,888981
4,2026-08-12 18:24:57,"testSB_C",-0.340813754948783,859703
5,2026-08-12 18:24:57,"ntc1_C",-0.42871801872019,862720
5,2026-08-12 18:24:57,"ntc2_C",-0.742527801260849,874987
5,2026-08-12 18:24:57,"testSB_C",0.0336307554351833,848704
6,2026-08-12 18:24:57,"ntc1_C",-0.0496370774741877,850374
6,2026-08-12 18:24:57,"ntc2_C",-0.419781335120717,863952
6,2026-08-12 18:24:57,"testSB_C",0.470996376375183,833829
7,2026-08-12 18:24:57,"ntc1_C",1.0723653051333,812637
7,2026-08-12 18:24:57,"ntc2_C",-0.413393313929873,864123
7,2026-08-12 18:24:57,"testSB_C",0.674665561362133,827273
8,2026-08-12 18:24:57,"ntc1_C",1.05855280378722,816107
8,2026-08-12 18:24:57,"ntc2_C",1.95451861232107,784323
8,2026-08-12 18:24:57,"testSB_C",0.455802033570023,831435
9,2026-08-12 18:24:57,"ntc1_C",2.02702511290676,781908
9,2026-08-12 18:24:57,"ntc2_C",1.60099935847853,797877
9,2026-08-12 18:24:57,"testSB_C",1.8331575254449,789278
10,2026-08-12 18:24:57,"ntc1_C",1.96757963000067,785531
10,2026-08-12 18:24:57,"ntc2_C",0.953205218499363,816003
10,2026-08-12 18:24:57,"testSB_C",1.19770606316064,808569
11,2026-08-12 18:24:57,"ntc1_C",1.80574402963066,790838
11,2026-08-12 18:24:57,"ntc2_C",1.40571287987393,803223
11,2026-08-12 18:24:57,"testSB_C",2.16973252881729,778015
12,2026-08-12 18:24:57,"ntc1_C",0.484951542095018,833129
12,2026-08-12 18:24:57,"ntc2_C",1.72859033610479,792139
12,2026-08-12 18:24:57,"testSB_C",1.35007569915632,804053
13,2026-08-12 18:24:57,"ntc1_C",1.1967771316942,811901
13,2026-08-12 18:24:57,"ntc2_C",1.46423904905527,799110
13,2026-08-12 18:24:57,"testSB_C",1.90308615521565,786480
14,2026-08-12 18:24:57,"ntc1_C",2.10619270806444,779462
14,2026-08-12 18:24:57,"ntc2_C",0.817697302379656,822731
14,2026-08-12 18:24:57,"testSB_C",1.40330652929134,803471
15,2026-08-12 18:24:57,"ntc1_C",1.21348737716795,807255
15,2026-08-12 18:24:57,"ntc2_C",0.925202746797027,819291
15,2026-08-12 18:24:57,"testSB_C",0.264127228358575,841494
16,2026-08-12 18:24:57,"ntc1_C",1.40620958098054,801706
16,2026-08-12 18:24:57,"ntc2_C",1.39294248308437,801609
16,2026-08-12 18:24:57,"testSB_C",1.07201659910925,811942
17,2026-08-12 18:24:57,"ntc1_C",1.36225584946709,803037
17,2026-08-12 18:24:57,"ntc2_C",1.20137741962816,807976
17,2026-08-12 18:24:57,"testSB_C",1.45489257320929,802178
18,2026-08-12 18:24:57,"ntc1_C",1.37740918416665,805090
18,2026-08-12 18:24:57,"ntc2_C",0.0741513318720877,846328
18,2026-08-12 18:24:57,"testSB_C",0.853791964307277,819367
19,2026-08-12 18:24:57,"ntc1_C",1.04276434348714,815620
19,2026-08-12 18:24:57,"ntc2_C",0.199682106053388,842812
19,2026-08-12 18:24:57,"testSB_C",0.673793732357524,828038
20,2026-08-12 18:24:57,"ntc1_C",1.03055543367111,814516
20,2026-08-12 18:24:57,"ntc2_C",-0.434597056990583,865411
20,2026-08-12 18:24:57,"testSB_C",0.687594176683774,824734
21,2026-08-12 18:24:57,"ntc1_C",0.76944825616755,821901
21,2026-08-12 18:24:57,"ntc2_C",-0.99499778534647,884259
21,2026-08-12 18:24:57,"testSB_C",0.362282226720993,837322
22,2026-08-12 18:24:57,"ntc1_C",0.900364024055079,819628
22,2026-08-12 18:24:57,"ntc2_C",-0.0212995715394868,851595
22,2026-08-12 18:24:57,"testSB_C",0.621688048340786,827471
23,2026-08-12 18:24:57,"ntc1_C",-0.00679683664645836,851777
23,2026-08-12 18:24:57,"ntc2_C",-0.183644012919217,855725
23,2026-08-12 18:24:57,"testSB_C",0.130956431863126,843674
24,2026-08-12 18:24:57,"ntc1_C",0.775814330493461,823658
24,2026-08-12 18:24:57,"ntc2_C",-0.140519095631873,855928
24,2026-08-12 18:24:57,"testSB_C",0.416477399653104,833930
1,2026-08-12 21:24:57,"ntc1_C",-17.2708713508941,1710645
1,2026-08-12 21:24:57,"testSB_C",-17.2116311739185,1710017
2,2026-08-12 21:24:57,"ntc1_C",-16.9158794480085,1688648
2,2026-08-12 21:24:57,"ntc2_C",-16.675234957151,1671703
2,2026-08-12 21:24:57,"testSB_C",-16.9270155387044,1691960
3,2026-08-12 21:24:57,"ntc1_C",-15.8187935435814,1617260
3,2026-08-12 21:24:57,"ntc2_C",-15.7355421103939,1610404
3,2026-08-12 21:24:57,"testSB_C",-15.4060527579619,1588119
4,2026-08-12 21:24:57,"ntc1_C",-15.6591802193599,1606171
4,2026-08-12 21:24:57,"ntc2_C",-15.6580204215604,1602241
4,2026-08-12 21:24:57,"testSB_C",-15.2500350712176,1576099
5,2026-08-12 21:24:57,"ntc1_C",-15.3263590490501,1581483
5,2026-08-12 21:24:57,"ntc2_C",-15.4797447107958,1593228
5,2026-08-12 21:24:57,"testSB_C",-15.2487578609911,1579603
6,2026-08-12 21:24:57,"ntc1_C",-15.1795328594629,1572525
6,2026-08-12 21:24:57,"ntc2_C",-15.4287214905789,1590706
6,2026-08-12 21:24:57,"testSB_C",-15.1459862056224,1572703
7,2026-08-12 21:24:57,"ntc1_C",-14.9322875743836,1557019
7,2026-08-12 21:24:57,"ntc2_C",-15.4071886012211,1590132
7,2026-08-12 21:24:57,"testSB_C",-14.8919511427664,1556911
8,2026-08-12 21:24:57,"ntc1_C",-14.882764735371,1559526
8,2026-08-12 21:24:57,"ntc2_C",-14.7798042302983,1546855
8,2026-08-12 21:24:57,"testSB_C",-15.0657948771117,1562253
9,2026-08-12 21:24:57,"ntc1_C",-14.7374379265573,1543656
9,2026-08-12 21:24:57,"ntc2_C",-14.9016051029712,1559671
9,2026-08-12 21:24:57,"testSB_C",-14.7551820339583,1547815
10,2026-08-12 21:24:57,"ntc1_C",-14.7050174951892,1545089
10,2026-08-12 21:24:57,"ntc2_C",-15.0189443329272,1561193
10,2026-08-12 21:24:57,"testSB_C",-14.7946531904557,1548190
11,2026-08-12 21:24:57,"ntc1_C",-14.6524111526163,1542059
11,2026-08-12 21:24:57,"ntc2_C",-14.803462496384,1551086
11,2026-08-12 21:24:57,"testSB_C",-14.5781079953073,1534770
12,2026-08-12 21:24:57,"ntc1_C",-15.0409116535614,1565430
12,2026-08-12 21:24:57,"ntc2_C",-14.6969343086416,1542788
12,2026-08-12 21:24:57,"testSB_C",-14.7361183246425,1545140
13,2026-08-12 21:24:57,"ntc1_C",-14.6892572637275,1547649
13,2026-08-12 21:24:57,"ntc2_C",-14.758214131173,1544370
13,2026-08-12 21:24:57,"testSB_C",-14.5351049090496,1532773
14,2026-08-12 21:24:57,"ntc1_C",-14.4698360248277,1526988
14,2026-08-12 21:24:57,"ntc2_C",-14.7771030073908,1549929
14,2026-08-12 21:24:57,"testSB_C",-14.5219001192976,1533808
15,2026-08-12 21:24:57,"ntc1_C",-14.5809838641714,1532668
15,2026-08-12 21:24:57,"ntc2_C",-14.6389530900724,1541850
15,2026-08-12 21:24:57,"testSB_C",-14.732681995663,1548024
16,2026-08-12 21:24:57,"ntc1_C",-14.3875671663577,1522488
16,2026-08-12 21:24:57,"ntc2_C",-14.5285083688493,1530464
16,2026-08-12 21:24:57,"testSB_C",-14.51728359523,1529714
17,2026-08-12 21:24:57,"ntc1_C",-14.4834314743327,1528313
17,2026-08-12 21:24:57,"ntc2_C",-14.5065338414898,1528918
17,2026-08-12 21:24:57,"testSB_C",-14.4057673453295,1527360
18,2026-08-12 21:24:57,"ntc1_C",-14.435218036518,1529657
18,2026-08-12 21:24:57,"ntc2_C",-14.7031839462011,1542393
18,2026-08-12 21:24:57,"testSB_C",-14.4921008624694,1528671
19,2026-08-12 21:24:57,"ntc1_C",-14.4365912052573,1529514
19,2026-08-12 21:24:57,"ntc2_C",-14.6752531539041,1542918
19,2026-08-12 21:24:57,"testSB_C",-14.5210154333976,1535388
20,2026-08-12 21:24:57,"ntc1_C",-14.3076406417417,1518970
20,2026-08-12 21:24:57,"ntc2_C",-14.7275213195431,1547733
20,2026-08-12 21:24:57,"testSB_C",-14.3151952323731,1517205
21,2026-08-12 21:24:57,"ntc1_C",-14.2670953258418,1513207
21,2026-08-12 21:24:57,"ntc2_C",-14.6907734026133,1543591
21,2026-08-12 21:24:57,"testSB_C",-14.2948092505084,1519130
22,2026-08-12 21:24:57,"ntc1_C",-14.1966384486504,1513305
22,2026-08-12 21:24:57,"ntc2_C",-14.5698425491385,1537921
22,2026-08-12 21:24:57,"testSB_C",-14.210581784255,1511593
23,2026-08-12 21:24:57,"ntc1_C",-14.3542636612622,1525988
23,2026-08-12 21:24:57,"ntc2_C",-14.5389195466967,1533841
23,2026-08-12 21:24:57,"testSB_C",-14.3666490880697,1519998
24,2026-08-12 21:24:57,"ntc1_C",-14.1952794664961,1513301
24,2026-08-12 21:24:57,"ntc2_C",-14.3064321694503,1522369
24,2026-08-12 21:24:57,"testSB_C",-14.0518952999729,1501003
1,2026-08-13 00:24:57,"ntc1_C",-21.7168645558661,2047901
1,2026-08-13 00:24:57,"testSB_C",-21.6910548233412,2049791
2,2026-08-13 00:24:57,"ntc1_C",-21.6452602417417,2045009
2,2026-08-13 00:24:57,"ntc2_C",-21.6223953718746,2042510
2,2026-08-13 00:24:57,"testSB_C",-21.6091999366325,2044680
3,2026-08-13 00:24:57,"ntc1_C",-21.5067991558285,2036299
3,2026-08-13 00:24:57,"ntc2_C",-21.4805620867079,2032623
3,2026-08-13 00:24:57,"testSB_C",-21.4610226497048,2029800
4,2026-08-13 00:24:57,"ntc1_C",-21.4296649611196,2029410
4,2026-08-13 00:24:57,"ntc2_C",-21.4019149904635,2022263
4,2026-08-13 00:24:57,"testSB_C",-21.4059828481423,2022924
5,2026-08-13 00:24:57,"ntc1_C",-21.3674801683511,2020631
5,2026-08-13 00:24:57,"ntc2_C",-21.3209390528363,2018904
5,2026-08-13 00:24:57,"testSB_C",-21.3114129555488,2019807
6,2026-08-13 00:24:57,"ntc1_C",-21.2836776097049,2013888
6,2026-08-13 00:24:57,"ntc2_C",-21.2499453872225,2014159
6,2026-08-13 00:24:57,"testSB_C",-21.2753102789614,2016365
7,2026-08-13 00:24:57,"ntc1_C",-21.2322897132618,2010560
7,2026-08-13 00:24:57,"ntc2_C",-21.1970313441599,2011022
7,2026-08-13 00:24:57,"testSB_C",-21.2278045351905,2013097
8,2026-08-13 00:24:57,"ntc1_C",-21.2031492284681,2015261
8,2026-08-13 00:24:57,"ntc2_C",-21.1995582152113,2007094
8,2026-08-13 00:24:57,"testSB_C",-21.1651960885773,2000872
9,2026-08-13 00:24:57,"ntc1_C",-21.1634775959828,2003364
9,2026-08-13 00:24:57,"ntc2_C",-21.1282144866022,2008008
9,2026-08-13 00:24:57,"testSB_C",-21.1310690917925,2004895
10,2026-08-13 00:24:57,"ntc1_C",-21.1034693224948,2002901
10,2026-08-13 00:24:57,"ntc2_C",-21.0455038581266,1993640
10,2026-08-13 00:24:57,"testSB_C",-21.0632472534442,1996720
11,2026-08-13 00:24:57,"ntc1_C",-21.0258391431291,1997036
11,2026-08-13 00:24:57,"ntc2_C",-20.9831291521616,1993108
11,2026-08-13 00:24:57,"testSB_C",-20.9909816656773,1990984
12,2026-08-13 00:24:57,"ntc1_C",-20.92966431233,1987771
12,2026-08-13 00:24:57,"ntc2_C",-20.9431455733475,1987782
12,2026-08-13 00:24:57,"testSB_C",-20.9528107323571,1988588
13,2026-08-13 00:24:57,"ntc1_C",-20.9172372832167,1992530
13,2026-08-13 00:24:57,"ntc2_C",-20.8922564810544,1981087
13,2026-08-13 00:24:57,"testSB_C",-20.8909371464213,1983910
14,2026-08-13 00:24:57,"ntc1_C",-20.8611923844246,1979205
14,2026-08-13 00:24:57,"ntc2_C",-20.8464361866965,1982636
14,2026-08-13 00:24:57,"testSB_C",-20.8638441496193,1983987
15,2026-08-13 00:24:57,"ntc1_C",-20.8393290771086,1975814
15,2026-08-13 00:24:57,"ntc2_C",-20.8195846031452,1981566
15,2026-08-13 00:24:57,"testSB_C",-20.8243528718758,1982198
16,2026-08-13 00:24:57,"ntc1_C",-20.8258393997197,1977384
16,2026-08-13 00:24:57,"ntc2_C",-20.8322582298657,1976991
16,2026-08-13 00:24:57,"testSB_C",-20.8048712117519,1974762
17,2026-08-13 00:24:57,"ntc1_C",-20.8071551088345,1975678
17,2026-08-13 00:24:57,"ntc2_C",-20.8053685288783,1974275
17,2026-08-13 00:24:57,"testSB_C",-20.8260601045247,1982021
18,2026-08-13 00:24:57,"ntc1_C",-20.8099789738297,1981171
18,2026-08-13 00:24:57,"ntc2_C",-20.7891066714637,1974206
18,2026-08-13 00:24:57,"testSB_C",-20.8131270681126,1976039
19,2026-08-13 00:24:57,"ntc1_C",-20.8124345129216,1981356
19,2026-08-13 00:24:57,"ntc2_C",-20.7968865410363,1978181
19,2026-08-13 00:24:57,"testSB_C",-20.8057109988869,1981660
20,2026-08-13 00:24:57,"ntc1_C",-20.8059884892021,1977755
20,2026-08-13 00:24:57,"ntc2_C",-20.7787883366186,1978718
20,2026-08-13 00:24:57,"testSB_C",-20.8019750411084,1974462
21,2026-08-13 00:24:57,"ntc1_C",-20.8161859084666,1973890
21,2026-08-13 00:24:57,"ntc2_C",-20.7781977322155,1976245
21,2026-08-13 00:24:57,"testSB_C",-20.8212134294399,1980073
22,2026-08-13 00:24:57,"ntc1_C",-20.8061702057931,1979198
22,2026-08-13 00:24:57,"ntc2_C",-20.7760537675846,1978385
22,2026-08-13 00:24:57,"testSB_C",-20.7970957875796,1975212
23,2026-08-13 00:24:57,"ntc1_C",-20.7820936198758,1980824
23,2026-08-13 00:24:57,"ntc2_C",-20.7715457036983,1975492
23,2026-08-13 00:24:57,"testSB_C",-20.8162956379597,1974311
24,2026-08-13 00:24:57,"ntc1_C",-20.7881940809044,1977905
24,2026-08-13 00:24:57,"ntc2_C",-20.7682183170513,1979026
24,2026-08-13 00:24:57,"testSB_C",-20.7752891858344,1972224
1,2026-08-13 03:24:57,"ntc1_C",-21.9665815429048,2068570
1,2026-08-13 03:24:57,"testSB_C",-21.8927239137423,2066478
2,2026-08-13 03:24:57,"ntc1_C",-21.787576796364,2056750
2,2026-08-13 03:24:57,"ntc2_C",-21.7120676200781,2049892
2,2026-08-13 03:24:57,"testSB_C",-21.6287585335218,2046288
3,2026-08-13 03:24:57,"ntc1_C",-21.6070555713858,2044526
3,2026-08-13 03:24:57,"ntc2_C",-21.5257777311472,2036325
3,2026-08-13 03:24:57,"testSB_C",-21.4699107444811,2030526
4,2026-08-13 03:24:57,"ntc1_C",-21.3939679367022,2026496
4,2026-08-13 03:24:57,"ntc2_C",-21.3360173096259,2016905
4,2026-08-13 03:24:57,"testSB_C",-21.2867945877569,2013240
5,2026-08-13 03:24:57,"ntc1_C",-21.2178686558784,2008489
5,2026-08-13 03:24:57,"ntc2_C",-21.1438319750315,2004556
5,2026-08-13 03:24:57,"testSB_C",-21.0771532901535,2000840
6,2026-08-13 03:24:57,"ntc1_C",-21.0272041180756,1993203
6,2026-08-13 03:24:57,"ntc2_C",-20.9446755812449,1989541
6,2026-08-13 03:24:57,"testSB_C",-20.8999569802851,1986110
7,2026-08-13 03:24:57,"ntc1_C",-20.8145256670645,1976983
7,2026-08-13 03:24:57,"ntc2_C",-20.7332248834318,1973771
7,2026-08-13 03:24:57,"testSB_C",-20.6815593973672,1969266
8,2026-08-13 03:24:57,"ntc1_C",-20.5787992198938,1965183
8,2026-08-13 03:24:57,"ntc2_C",-20.5012724256189,1951374
8,2026-08-13 03:24:57,"testSB_C",-20.4365559313669,1942926
9,2026-08-13 03:24:57,"ntc1_C",-20.3497205913459,1938699
9,2026-08-13 03:24:57,"ntc2_C",-20.2910825143094,1941332
9,2026-08-13 03:24:57,"testSB_C",-20.270213883744,1936465
10,2026-08-13 03:24:57,"ntc1_C",-20.1911668412154,1930563
10,2026-08-13 03:24:57,"ntc2_C",-20.1244205968177,1920902
10,2026-08-13 03:24:57,"testSB_C",-20.1203698225525,1922163
11,2026-08-13 03:24:57,"ntc1_C",-20.0586735148804,1920625
11,2026-08-13 03:24:57,"ntc2_C",-20.0450729195895,1919073
11,2026-08-13 03:24:57,"testSB_C",-20.0284492766529,1915130
12,2026-08-13 03:24:57,"ntc1_C",-19.9774921070025,1912848
12,2026-08-13 03:24:57,"ntc2_C",-19.9290678584996,1908078
12,2026-08-13 03:24:57,"testSB_C",-19.9111223097098,1906695
13,2026-08-13 03:24:57,"ntc1_C",-19.885260074312,1911260
13,2026-08-13 03:24:57,"ntc2_C",-19.8429389261783,1898882
13,2026-08-13 03:24:57,"testSB_C",-19.8236075094871,1900233
14,2026-08-13 03:24:57,"ntc1_C",-19.8036419635543,1896481
14,2026-08-13 03:24:57,"ntc2_C",-19.7809016191602,1899179
14,2026-08-13 03:24:57,"testSB_C",-19.7964745029863,1900330
15,2026-08-13 03:24:57,"ntc1_C",-19.7640664869853,1891875
15,2026-08-13 03:24:57,"ntc2_C",-19.7767331005657,1899844
15,2026-08-13 03:24:57,"testSB_C",-19.7661530650139,1899291
16,2026-08-13 03:24:57,"ntc1_C",-19.7701537227094,1894843
16,2026-08-13 03:24:57,"ntc2_C",-19.7506323193984,1892460
16,2026-08-13 03:24:57,"testSB_C",-19.7586403680517,1893027
17,2026-08-13 03:24:57,"ntc1_C",-19.7578387126603,1893697
17,2026-08-13 03:24:57,"ntc2_C",-19.75465728319,1892273
17,2026-08-13 03:24:57,"testSB_C",-19.7574174790703,1898334
18,2026-08-13 03:24:57,"ntc1_C",-19.7589878077454,1898896
18,2026-08-13 03:24:57,"ntc2_C",-19.7566277578945,1893644
18,2026-08-13 03:24:57,"testSB_C",-19.759416403642,1893691
19,2026-08-13 03:24:57,"ntc1_C",-19.7653199867422,1899325
19,2026-08-13 03:24:57,"ntc2_C",-19.7552480908788,1896689
19,2026-08-13 03:24:57,"testSB_C",-19.7536909187444,1899230
20,2026-08-13 03:24:57,"ntc1_C",-19.7434066496555,1894653
20,2026-08-13 03:24:57,"ntc2_C",-19.7626288719702,1899151
20,2026-08-13 03:24:57,"testSB_C",-19.7529824844541,1892547
21,2026-08-13 03:24:57,"ntc1_C",-19.7750327097414,1892652
21,2026-08-13 03:24:57,"ntc2_C",-19.8009051139946,1899774
21,2026-08-13 03:24:57,"testSB_C",-19.8248086789084,1901987
22,2026-08-13 03:24:57,"ntc1_C",-19.8139069982148,1901460
22,2026-08-13 03:24:57,"ntc2_C",-19.7740239566748,1899956
22,2026-08-13 03:24:57,"testSB_C",-19.7474435471163,1893210
23,2026-08-13 03:24:57,"ntc1_C",-19.7221916602548,1897860
23,2026-08-13 03:24:57,"ntc2_C",-19.7191122434757,1893275
23,2026-08-13 03:24:57,"testSB_C",-19.7432806189873,1890714
24,2026-08-13 03:24:57,"ntc1_C",-19.7141434113168,1893932
24,2026-08-13 03:24:57,"ntc2_C",-19.7059127496566,1895924
24,2026-08-13 03:24:57,"testSB_C",-19.7171262909049,1889711
1,2026-08-13 06:24:57,"ntc1_C",-21.0156477070541,1990873
1,2026-08-13 06:24:57,"testSB_C",-21.0292526233076,1995898
2,2026-08-13 06:24:57,"ntc1_C",-21.0004689871473,1992584
2,2026-08-13 06:24:57,"ntc2_C",-20.9522926793689,1988117
2,2026-08-13 06:24:57,"testSB_C",-20.9183357524803,1988623
3,2026-08-13 06:24:57,"ntc1_C",-19.8407843621274,1903997
3,2026-08-13 06:24:57,"ntc2_C",-19.9985164497597,1914677
3,2026-08-13 06:24:57,"testSB_C",-20.0298511248284,1915986
4,2026-08-13 06:24:57,"ntc1_C",-19.7939670119098,1899801
4,2026-08-13 06:24:57,"ntc2_C",-19.697349342779,1887834
4,2026-08-13 06:24:57,"testSB_C",-19.986648068077,1910361
5,2026-08-13 06:24:57,"ntc1_C",-20.0402878480884,1915257
5,2026-08-13 06:24:57,"ntc2_C",-19.8594850961084,1903306
5,2026-08-13 06:24:57,"testSB_C",-19.9454444953931,1911517
6,2026-08-13 06:24:57,"ntc1_C",-19.9558366546165,1908910
6,2026-08-13 06:24:57,"ntc2_C",-19.7928316117933,1899147
6,2026-08-13 06:24:57,"testSB_C",-19.9397748699647,1910624
7,2026-08-13 06:24:57,"ntc1_C",-19.7886671343199,1896732
7,2026-08-13 06:24:57,"ntc2_C",-19.5117841486649,1878721
7,2026-08-13 06:24:57,"testSB_C",-19.8398142762202,1903459
8,2026-08-13 06:24:57,"ntc1_C",-19.805985752679,1904799
8,2026-08-13 06:24:57,"ntc2_C",-19.6740112143795,1887227
8,2026-08-13 06:24:57,"testSB_C",-19.581513759879,1876924
9,2026-08-13 06:24:57,"ntc1_C",-19.6360562223934,1883594
9,2026-08-13 06:24:57,"ntc2_C",-19.5208642878916,1881813
9,2026-08-13 06:24:57,"testSB_C",-19.5746518200706,1882771
10,2026-08-13 06:24:57,"ntc1_C",-19.5773981260308,1883275
10,2026-08-13 06:24:57,"ntc2_C",-19.3778965957678,1863776
10,2026-08-13 06:24:57,"testSB_C",-19.5432174124701,1877817
11,2026-08-13 06:24:57,"ntc1_C",-19.5952537282941,1884988
11,2026-08-13 06:24:57,"ntc2_C",-19.4032058005791,1869904
11,2026-08-13 06:24:57,"testSB_C",-19.4168775911242,1868347
12,2026-08-13 06:24:57,"ntc1_C",-19.1839573743677,1852435
12,2026-08-13 06:24:57,"ntc2_C",-19.2934227660739,1859653
12,2026-08-13 06:24:57,"testSB_C",-19.3504447897635,1863934
13,2026-08-13 06:24:57,"ntc1_C",-19.2930705553828,1866035
13,2026-08-13 06:24:57,"ntc2_C",-19.1944912850212,1849691
13,2026-08-13 06:24:57,"testSB_C",-19.266599259926,1857888
14,2026-08-13 06:24:57,"ntc1_C",-19.2136067966119,1851747
14,2026-08-13 06:24:57,"ntc2_C",-19.1558531946756,1851766
14,2026-08-13 06:24:57,"testSB_C",-19.147743534628,1851110
15,2026-08-13 06:24:57,"ntc1_C",-19.1863758743908,1848171
15,2026-08-13 06:24:57,"ntc2_C",-18.9363778976491,1836301
15,2026-08-13 06:24:57,"testSB_C",-18.8636203063442,1831160
16,2026-08-13 06:24:57,"ntc1_C",-19.0659018796147,1841588
16,2026-08-13 06:24:57,"ntc2_C",-19.085713614438,1842190
16,2026-08-13 06:24:57,"testSB_C",-19.0815538536832,1841833
17,2026-08-13 06:24:57,"ntc1_C",-19.0464471180608,1839944
17,2026-08-13 06:24:57,"ntc2_C",-18.9814294722786,1833980
17,2026-08-13 06:24:57,"testSB_C",-19.0875741273784,1847578
18,2026-08-13 06:24:57,"ntc1_C",-19.0127320413164,1842433
18,2026-08-13 06:24:57,"ntc2_C",-18.8725284399323,1827122
18,2026-08-13 06:24:57,"testSB_C",-18.9536854175416,1832906
19,2026-08-13 06:24:57,"ntc1_C",-18.9701980332816,1839174
19,2026-08-13 06:24:57,"ntc2_C",-18.9622317755145,1836770
19,2026-08-13 06:24:57,"testSB_C",-18.8857481103119,1833655
20,2026-08-13 06:24:57,"ntc1_C",-18.858528142612,1827961
20,2026-08-13 06:24:57,"ntc2_C",-18.6610647044623,1816294
20,2026-08-13 06:24:57,"testSB_C",-18.7555704971278,1817628
21,2026-08-13 06:24:57,"ntc1_C",-18.827558592076,1821462
21,2026-08-13 06:24:57,"ntc2_C",-18.5718808111287,1807547
21,2026-08-13 06:24:57,"testSB_C",-18.8935210040967,1831622
22,2026-08-13 06:24:57,"ntc1_C",-18.7825760362651,1823702
22,2026-08-13 06:24:57,"ntc2_C",-18.6752560279307,1817313
22,2026-08-13 06:24:57,"testSB_C",-18.7766268790439,1820221
23,2026-08-13 06:24:57,"ntc1_C",-18.6497465428155,1817241
23,2026-08-13 06:24:57,"ntc2_C",-18.6295183422267,1811548
23,2026-08-13 06:24:57,"testSB_C",-18.8213968634679,1821548
24,2026-08-13 06:24:57,"ntc1_C",-18.7498095707604,1821399
24,2026-08-13 06:24:57,"ntc2_C",-18.5836163385065,1811695
24,2026-08-13 06:24:57,"testSB_C",-18.5380163849182,1801593
1,2026-08-13 09:24:57,"ntc1_C",-10.9227513071087,1320381
1,2026-08-13 09:24:57,"testSB_C",-10.9578480142546,1325143
2,2026-08-13 09:24:57,"ntc1_C",-11.0589881298595,1329799
2,2026-08-13 09:24:57,"ntc2_C",-10.981116535369,1325212
2,2026-08-13 09:24:57,"testSB_C",-10.9984860370804,1328883
3,2026-08-13 09:24:57,"ntc1_C",-8.94133056155147,1221707
3,2026-08-13 09:24:57,"ntc2_C",-9.34168239774084,1240608
3,2026-08-13 09:24:57,"testSB_C",-9.3613831773198,1241108
4,2026-08-13 09:24:57,"ntc1_C",-9.05148283529815,1226622
4,2026-08-13 09:24:57,"ntc2_C",-9.01126454641451,1221726
4,2026-08-13 09:24:57,"testSB_C",-9.45423995501903,1244216
5,2026-08-13 09:24:57,"ntc1_C",-9.65121255301284,1254477
5,2026-08-13 09:24:57,"ntc2_C",-9.42675378321462,1244628
5,2026-08-13 09:24:57,"testSB_C",-9.52462479445313,1250606
6,2026-08-13 09:24:57,"ntc1_C",-9.69752956914704,1257506
6,2026-08-13 09:24:57,"ntc2_C",-9.54140024013429,1251013
6,2026-08-13 09:24:57,"testSB_C",-9.69253376501933,1259022
7,2026-08-13 09:24:57,"ntc1_C",-9.51168334683206,1247976
7,2026-08-13 09:24:57,"ntc2_C",-9.21380090339363,1234997
7,2026-08-13 09:24:57,"testSB_C",-9.68945929582895,1259177
8,2026-08-13 09:24:57,"ntc1_C",-9.72334318057977,1263433
8,2026-08-13 09:24:57,"ntc2_C",-9.57916571496048,1251064
8,2026-08-13 09:24:57,"testSB_C",-9.40813703244368,1240180
9,2026-08-13 09:24:57,"ntc1_C",-9.64999607378564,1254317
9,2026-08-13 09:24:57,"ntc2_C",-9.45119211374174,1248551
9,2026-08-13 09:24:57,"testSB_C",-9.56435965773363,1252283
10,2026-08-13 09:24:57,"ntc1_C",-9.59491616177769,1254358
10,2026-08-13 09:24:57,"ntc2_C",-9.33335693625952,1237944
10,2026-08-13 09:24:57,"testSB_C",-9.67678452373428,1256349
11,2026-08-13 09:24:57,"ntc1_C",-9.7657648869527,1263375
11,2026-08-13 09:24:57,"ntc2_C",-9.36106154935277,1242225
11,2026-08-13 09:24:57,"testSB_C",-9.39697713153782,1242337
12,2026-08-13 09:24:57,"ntc1_C",-9.18155501566918,1232642
12,2026-08-13 09:24:57,"ntc2_C",-9.3327201041414,1239567
12,2026-08-13 09:24:57,"testSB_C",-9.61663098027958,1253830
13,2026-08-13 09:24:57,"ntc1_C",-9.58172797244816,1256553
13,2026-08-13 09:24:57,"ntc2_C",-9.358249417048,1238886
13,2026-08-13 09:24:57,"testSB_C",-9.50559353324968,1248365
14,2026-08-13 09:24:57,"ntc1_C",-9.529969739617,1248295
14,2026-08-13 09:24:57,"ntc2_C",-9.41696024889927,1245550
14,2026-08-13 09:24:57,"testSB_C",-9.44710593298191,1246956
15,2026-08-13 09:24:57,"ntc1_C",-9.64430421950397,1253130
15,2026-08-13 09:24:57,"ntc2_C",-9.1854001436455,1234205
15,2026-08-13 09:24:57,"testSB_C",-9.13048098380114,1231684
16,2026-08-13 09:24:57,"ntc1_C",-9.55970588953681,1250202
16,2026-08-13 09:24:57,"ntc2_C",-9.56072201378191,1249539
16,2026-08-13 09:24:57,"testSB_C",-9.62868864675283,1252957
17,2026-08-13 09:24:57,"ntc1_C",-9.54545248002023,1249376
17,2026-08-13 09:24:57,"ntc2_C",-9.49582164061155,1246262
17,2026-08-13 09:24:57,"testSB_C",-9.73623501161461,1262407
18,2026-08-13 09:24:57,"ntc1_C",-9.60290100819981,1256021
18,2026-08-13 09:24:57,"ntc2_C",-9.51906891725599,1248536
18,2026-08-13 09:24:57,"testSB_C",-9.61677500056879,1252799
19,2026-08-13 09:24:57,"ntc1_C",-9.68909049849253,1260132
19,2026-08-13 09:24:57,"ntc2_C",-9.80172467446522,1264633
19,2026-08-13 09:24:57,"testSB_C",-9.62012379533741,1257039
20,2026-08-13 09:24:57,"ntc1_C",-9.60245688939295,1253526
20,2026-08-13 09:24:57,"ntc2_C",-9.37976256715456,1244250
20,2026-08-13 09:24:57,"testSB_C",-9.44574666821097,1243748
21,2026-08-13 09:24:57,"ntc1_C",-9.63314542269922,1252638
21,2026-08-13 09:24:57,"ntc2_C",-9.31117874683378,1239367
21,2026-08-13 09:24:57,"testSB_C",-9.7403062050787,1261436
22,2026-08-13 09:24:57,"ntc1_C",-9.63801972285739,1256398
22,2026-08-13 09:24:57,"ntc2_C",-9.49846777856743,1250530
22,2026-08-13 09:24:57,"testSB_C",-9.8094465362982,1263051
23,2026-08-13 09:24:57,"ntc1_C",-9.75371639168617,1264853
23,2026-08-13 09:24:57,"ntc2_C",-9.70235206304739,1259107
23,2026-08-13 09:24:57,"testSB_C",-9.99453322771143,1271829
24,2026-08-13 09:24:57,"ntc1_C",-9.93377474110599,1271698
24,2026-08-13 09:24:57,"ntc2_C",-9.73796321095989,1263452
24,2026-08-13 09:24:57,"testSB_C",-9.52064225430911,1247625
1,2026-08-13 12:24:57,"ntc1_C",-5.82856962414331,1072748
1,2026-08-13 12:24:57,"testSB_C",-5.79395127463715,1073678
2,2026-08-13 12:24:57,"ntc1_C",-5.9927132778837,1081630
2,2026-08-13 12:24:57,"ntc2_C",-5.79795998687479,1072824
2,2026-08-13 12:24:57,"testSB_C",-5.68396427454218,1070300
3,2026-08-13 12:24:57,"ntc1_C",-3.99663301521781,999162
3,2026-08-13 12:24:57,"ntc2_C",-4.15934656817666,1004708
3,2026-08-13 12:24:57,"testSB_C",-4.22240753317777,1006987
4,2026-08-13 12:24:57,"ntc1_C",-4.10280159965333,1002935
4,2026-08-13 12:24:57,"ntc2_C",-4.08776587839617,1000013
4,2026-08-13 12:24:57,"testSB_C",-4.22992507200956,1005976
5,2026-08-13 12:24:57,"ntc1_C",-4.47302590341332,1016005
5,2026-08-13 12:24:57,"ntc2_C",-4.25193383095416,1008335
5,2026-08-13 12:24:57,"testSB_C",-4.18381480299405,1006326
6,2026-08-13 12:24:57,"ntc1_C",-4.44202758017769,1015444
6,2026-08-13 12:24:57,"ntc2_C",-4.29562102684179,1010494
6,2026-08-13 12:24:57,"testSB_C",-4.49111401229834,1018833
7,2026-08-13 12:24:57,"ntc1_C",-4.13959682156519,1002873
7,2026-08-13 12:24:57,"ntc2_C",-4.05478145112147,1001134
7,2026-08-13 12:24:57,"testSB_C",-4.28986372264575,1010810
8,2026-08-13 12:24:57,"ntc1_C",-4.3570207815892,1015500
8,2026-08-13 12:24:57,"ntc2_C",-4.3204720944027,1010035
8,2026-08-13 12:24:57,"testSB_C",-4.44796334049227,1013489
9,2026-08-13 12:24:57,"ntc1_C",-4.39214717392997,1012730
9,2026-08-13 12:24:57,"ntc2_C",-4.09063847119677,1003782
9,2026-08-13 12:24:57,"testSB_C",-4.25553092121334,1008910
10,2026-08-13 12:24:57,"ntc1_C",-4.40578585201882,1015607
10,2026-08-13 12:24:57,"ntc2_C",-4.4208937814235,1013639
10,2026-08-13 12:24:57,"testSB_C",-4.52425258203829,1018624
11,2026-08-13 12:24:57,"ntc1_C",-4.58842281071441,1023385
11,2026-08-13 12:24:57,"ntc2_C",-4.22517128719596,1007986
11,2026-08-13 12:24:57,"testSB_C",-4.2590837452799,1008013
12,2026-08-13 12:24:57,"ntc1_C",-4.21242961717633,1007068
12,2026-08-13 12:24:57,"ntc2_C",-4.29884889105341,1010028
12,2026-08-13 12:24:57,"testSB_C",-5.0393573054231,1040642
13,2026-08-13 12:24:57,"ntc1_C",-4.67261487818496,1028972
13,2026-08-13 12:24:57,"ntc2_C",-4.31442975985425,1008952
13,2026-08-13 12:24:57,"testSB_C",-4.44361740190203,1015921
14,2026-08-13 12:24:57,"ntc1_C",-4.41927646247137,1013943
14,2026-08-13 12:24:57,"ntc2_C",-4.38504931191591,1014975
14,2026-08-13 12:24:57,"testSB_C",-4.4267520083261,1016540
15,2026-08-13 12:24:57,"ntc1_C",-4.56269109639186,1019077
15,2026-08-13 12:24:57,"ntc2_C",-4.24162987448136,1009293
15,2026-08-13 12:24:57,"testSB_C",-4.26029162877609,1010255
16,2026-08-13 12:24:57,"ntc1_C",-4.52742134510544,1018622
16,2026-08-13 12:24:57,"ntc2_C",-4.36221321807204,1011193
16,2026-08-13 12:24:57,"testSB_C",-4.52320829481988,1017767
17,2026-08-13 12:24:57,"ntc1_C",-4.35394806135298,1011397
17,2026-08-13 12:24:57,"ntc2_C",-4.37903671205834,1012026
17,2026-08-13 12:24:57,"testSB_C",-4.50938460280327,1020473
18,2026-08-13 12:24:57,"ntc1_C",-4.40796444373217,1016728
18,2026-08-13 12:24:57,"ntc2_C",-4.47321100637748,1016906
18,2026-08-13 12:24:57,"testSB_C",-4.50215287610473,1017265
19,2026-08-13 12:24:57,"ntc1_C",-4.50632613140789,1020444
19,2026-08-13 12:24:57,"ntc2_C",-4.67847441510611,1026515
19,2026-08-13 12:24:57,"testSB_C",-4.4986791297988,1020455
20,2026-08-13 12:24:57,"ntc1_C",-4.52331771744213,1019329
20,2026-08-13 12:24:57,"ntc2_C",-4.48229261517508,1019340
20,2026-08-13 12:24:57,"testSB_C",-4.2591094016617,1007064
21,2026-08-13 12:24:57,"ntc1_C",-4.35348424181996,1010586
21,2026-08-13 12:24:57,"ntc2_C",-4.21395580572982,1007211
21,2026-08-13 12:24:57,"testSB_C",-4.22223696516312,1007665
22,2026-08-13 12:24:57,"ntc1_C",-4.0764895711589,1001930
22,2026-08-13 12:24:57,"ntc2_C",-4.2366008237625,1009592
22,2026-08-13 12:24:57,"testSB_C",-4.89049624852447,1033810
23,2026-08-13 12:24:57,"ntc1_C",-5.05792433496117,1044754
23,2026-08-13 12:24:57,"ntc2_C",-4.78106449592559,1030507
23,2026-08-13 12:24:57,"testSB_C",-4.94148412022281,1035477
24,2026-08-13 12:24:57,"ntc1_C",-4.85215194255994,1033959
24,2026-08-13 12:24:57,"ntc2_C",-5.03547117019008,1043283
24,2026-08-13 12:24:57,"testSB_C",-5.13842897315095,1043778
1,2026-08-13 15:24:57,"ntc1_C",1.70320492499678,791361
1,2026-08-13 15:24:57,"testSB_C",1.83560995823353,789090
2,2026-08-13 15:24:57,"ntc1_C",1.54588144429846,797594
2,2026-08-13 15:24:57,"ntc2_C",1.77768631741338,790048
2,2026-08-13 15:24:57,"testSB_C",1.65821300947528,795883
3,2026-08-13 15:24:57,"ntc1_C",2.8944233009716,757120
3,2026-08-13 15:24:57,"ntc2_C",2.79563892881737,759213
3,2026-08-13 15:24:57,"testSB_C",2.93183496117604,755006
4,2026-08-13 15:24:57,"ntc1_C",3.04092939174063,752253
4,2026-08-13 15:24:57,"ntc2_C",3.04783673207527,750385
4,2026-08-13 15:24:57,"testSB_C",2.9609204631289,753138
5,2026-08-13 15:24:57,"ntc1_C",2.83065460934478,756979
5,2026-08-13 15:24:57,"ntc2_C",2.78302937817966,759608
5,2026-08-13 15:24:57,"testSB_C",2.80637070494845,759440
6,2026-08-13 15:24:57,"ntc1_C",2.71952554299884,761055
6,2026-08-13 15:24:57,"ntc2_C",2.71034105195474,762004
6,2026-08-13 15:24:57,"testSB_C",2.70630937785626,762401
7,2026-08-13 15:24:57,"ntc1_C",2.90946135887822,755016
7,2026-08-13 15:24:57,"ntc2_C",2.87058263544566,757483
7,2026-08-13 15:24:57,"testSB_C",2.65377037511212,764236
8,2026-08-13 15:24:57,"ntc1_C",2.69697933190065,764285
8,2026-08-13 15:24:57,"ntc2_C",2.87374894337961,756032
8,2026-08-13 15:24:57,"testSB_C",2.87343842606361,754719
9,2026-08-13 15:24:57,"ntc1_C",2.83769652041906,756988
9,2026-08-13 15:24:57,"ntc2_C",2.92110120038308,756833
9,2026-08-13 15:24:57,"testSB_C",2.98755295558396,753679
10,2026-08-13 15:24:57,"ntc1_C",2.93463650157423,755752
10,2026-08-13 15:24:57,"ntc2_C",2.93387672517736,753820
10,2026-08-13 15:24:57,"testSB_C",3.18712667063653,746709
11,2026-08-13 15:24:57,"ntc1_C",2.83139561352363,759071
11,2026-08-13 15:24:57,"ntc2_C",3.04670658154743,752206
11,2026-08-13 15:24:57,"testSB_C",3.14429434943986,748317
12,2026-08-13 15:24:57,"ntc1_C",3.07162949935491,751167
12,2026-08-13 15:24:57,"ntc2_C",3.12653234155516,749090
12,2026-08-13 15:24:57,"testSB_C",3.05834005095113,750946
13,2026-08-13 15:24:57,"ntc1_C",3.0772722474133,753037
13,2026-08-13 15:24:57,"ntc2_C",3.26069727327689,743699
13,2026-08-13 15:24:57,"testSB_C",3.26821042195371,744706
14,2026-08-13 15:24:57,"ntc1_C",3.3979299070723,740266
14,2026-08-13 15:24:57,"ntc2_C",3.22457479948923,747180
14,2026-08-13 15:24:57,"testSB_C",3.3368514886173,743685
15,2026-08-13 15:24:57,"ntc1_C",3.15896324732955,746831
15,2026-08-13 15:24:57,"ntc2_C",3.39723197941794,742122
15,2026-08-13 15:24:57,"testSB_C",3.43572430416737,741105
16,2026-08-13 15:24:57,"ntc1_C",3.30655293463712,743024
16,2026-08-13 15:24:57,"ntc2_C",3.31467478230473,742292
16,2026-08-13 15:24:57,"testSB_C",3.31548968767885,742214
17,2026-08-13 15:24:57,"ntc1_C",3.41293520985954,739788
17,2026-08-13 15:24:57,"ntc2_C",3.29978681610197,742915
17,2026-08-13 15:24:57,"testSB_C",3.1725918963063,748898
18,2026-08-13 15:24:57,"ntc1_C",3.28237944329089,746027
18,2026-08-13 15:24:57,"ntc2_C",3.20426460024686,746633
18,2026-08-13 15:24:57,"testSB_C",3.20601271571064,745707
19,2026-08-13 15:24:57,"ntc1_C",3.13993504796861,749938
19,2026-08-13 15:24:57,"ntc2_C",2.97446422159942,754088
19,2026-08-13 15:24:57,"testSB_C",3.13449133799708,750316
20,2026-08-13 15:24:57,"ntc1_C",3.25643454446976,745065
20,2026-08-13 15:24:57,"ntc2_C",3.23023737623055,747106
20,2026-08-13 15:24:57,"testSB_C",3.42051646197058,739272
21,2026-08-13 15:24:57,"ntc1_C",3.1167695949818,748234
21,2026-08-13 15:24:57,"ntc2_C",3.09868687842362,750300
21,2026-08-13 15:24:57,"testSB_C",2.82333462587962,758674
22,2026-08-13 15:24:57,"ntc1_C",3.04188869099374,752299
22,2026-08-13 15:24:57,"ntc2_C",3.00887563956428,754281
22,2026-08-13 15:24:57,"testSB_C",2.80261097056331,758276
23,2026-08-13 15:24:57,"ntc1_C",2.79497593847191,761274
23,2026-08-13 15:24:57,"ntc2_C",2.80221321736616,759173
23,2026-08-13 15:24:57,"testSB_C",2.56893394744293,765187
24,2026-08-13 15:24:57,"ntc1_C",2.63166489888005,764619
24,2026-08-13 15:24:57,"ntc2_C",2.67996496581884,764379
24,2026-08-13 15:24:57,"testSB_C",2.64271324808942,762767
1,2026-08-13 18:24:57,"ntc1_C",0.148887031327035,842300
1,2026-08-13 18:24:57,"testSB_C",0.119626915190793,845314
2,2026-08-13 18:24:57,"ntc1_C",0.275703393596586,839320
2,2026-08-13 18:24:57,"ntc2_C",0.716913540434518,824386
2,2026-08-13 18:24:57,"testSB_C",0.232296629197663,842715
3,2026-08-13 18:24:57,"ntc1_C",1.36297665879169,804961
3,2026-08-13 18:24:57,"ntc2_C",1.59651161029853,796536
3,2026-08-13 18:24:57,"testSB_C",2.06530987571261,781609
4,2026-08-13 18:24:57,"ntc1_C",1.67982696236425,794337
4,2026-08-13 18:24:57,"ntc2_C",1.71620248595849,791413
4,2026-08-13 18:24:57,"testSB_C",2.20061320311754,776367
5,2026-08-13 18:24:57,"ntc1_C",2.0885057562154,779782
5,2026-08-13 18:24:57,"ntc2_C",1.77933621717341,790712
5,2026-08-13 18:24:57,"testSB_C",2.0894431717154,781520
6,2026-08-13 18:24:57,"ntc1_C",2.09025661123542,780438
6,2026-08-13 18:24:57,"ntc2_C",1.73028050560271,792476
6,2026-08-13 18:24:57,"testSB_C",2.16906906932826,778953
7,2026-08-13 18:24:57,"ntc1_C",2.34833358999623,772140
7,2026-08-13 18:24:57,"ntc2_C",1.71310642037008,793380
7,2026-08-13 18:24:57,"testSB_C",2.12898564998756,780437
8,2026-08-13 18:24:57,"ntc1_C",2.20614012157682,779432
8,2026-08-13 18:24:57,"ntc2_C",2.45992638086329,768631
8,2026-08-13 18:24:57,"testSB_C",1.90553563798511,784487
9,2026-08-13 18:24:57,"ntc1_C",2.4569469922518,768585
9,2026-08-13 18:24:57,"ntc2_C",2.25857913032445,777143
9,2026-08-13 18:24:57,"testSB_C",2.50610617779535,768313
10,2026-08-13 18:24:57,"ntc1_C",2.52488533588127,768220
10,2026-08-13 18:24:57,"ntc2_C",2.07490973115779,780144
10,2026-08-13 18:24:57,"testSB_C",2.52611532241292,766684
11,2026-08-13 18:24:57,"ntc1_C",2.5068602500267,768973
11,2026-08-13 18:24:57,"ntc2_C",2.29140714622912,775245
11,2026-08-13 18:24:57,"testSB_C",2.67194498707158,762557
12,2026-08-13 18:24:57,"ntc1_C",1.97182856756541,784916
12,2026-08-13 18:24:57,"ntc2_C",2.40708238166565,770925
12,2026-08-13 18:24:57,"testSB_C",2.39271088998203,771181
13,2026-08-13 18:24:57,"ntc1_C",2.40913386160099,773414
13,2026-08-13 18:24:57,"ntc2_C",2.40793147436449,769474
13,2026-08-13 18:24:57,"testSB_C",2.62373923308547,764125
14,2026-08-13 18:24:57,"ntc1_C",2.86030767786588,756318
14,2026-08-13 18:24:57,"ntc2_C",2.30447048009864,775152
14,2026-08-13 18:24:57,"testSB_C",2.65256243956816,764283
15,2026-08-13 18:24:57,"ntc1_C",2.55276653058661,765125
15,2026-08-13 18:24:57,"ntc2_C",2.51412567429122,768762
15,2026-08-13 18:24:57,"testSB_C",2.34934005987549,773977
16,2026-08-13 18:24:57,"ntc1_C",2.74269584534034,759943
16,2026-08-13 18:24:57,"ntc2_C",2.59981387490473,763792
16,2026-08-13 18:24:57,"testSB_C",2.66713865733243,761685
17,2026-08-13 18:24:57,"ntc1_C",2.76713875840016,759114
17,2026-08-13 18:24:57,"ntc2_C",2.63508617397559,762899
17,2026-08-13 18:24:57,"testSB_C",2.67859727268501,763824
18,2026-08-13 18:24:57,"ntc1_C",2.68883610135055,763919
18,2026-08-13 18:24:57,"ntc2_C",2.27543721308734,774845
18,2026-08-13 18:24:57,"testSB_C",2.55871518786921,765247
19,2026-08-13 18:24:57,"ntc1_C",2.5885843970272,766642
19,2026-08-13 18:24:57,"ntc2_C",2.27067391307565,775610
19,2026-08-13 18:24:57,"testSB_C",2.43185033508041,771685
20,2026-08-13 18:24:57,"ntc1_C",2.72639863792807,761011
20,2026-08-13 18:24:57,"ntc2_C",2.19849814798584,778568
20,2026-08-13 18:24:57,"testSB_C",2.76283940733572,758939
21,2026-08-13 18:24:57,"ntc1_C",2.61116391432682,763486
21,2026-08-13 18:24:57,"ntc2_C",2.11549235143684,780378
21,2026-08-13 18:24:57,"testSB_C",2.35114046395273,773132
22,2026-08-13 18:24:57,"ntc1_C",2.57747425415926,766383
22,2026-08-13 18:24:57,"ntc2_C",2.20061019777296,779023
22,2026-08-13 18:24:57,"testSB_C",2.33141746429931,772686
23,2026-08-13 18:24:57,"ntc1_C",2.17796860140322,780289
23,2026-08-13 18:24:57,"ntc2_C",2.09677233464186,780890
23,2026-08-13 18:24:57,"testSB_C",2.02895967207542,781875
24,2026-08-13 18:24:57,"ntc1_C",2.19582762835222,778068
24,2026-08-13 18:24:57,"ntc2_C",2.07001130820697,783257
24,2026-08-13 18:24:57,"testSB_C",2.12957433213876,778577
1,2026-08-13 21:24:57,"ntc1_C",-3.31871629053569,968844
1,2026-08-13 21:24:57,"testSB_C",-3.30083188082665,970397
2,2026-08-13 21:24:57,"ntc1_C",-3.30338639743582,969765
2,2026-08-13 21:24:57,"ntc2_C",-3.29027663948409,969015
2,2026-08-13 21:24:57,"testSB_C",-3.28761545323232,971216
3,2026-08-13 21:24:57,"ntc1_C",-3.24319131897892,969128
3,2026-08-13 21:24:57,"ntc2_C",-3.22436129718636,967347
3,2026-08-13 21:24:57,"testSB_C",-3.23466985640897,967490
4,2026-08-13 21:24:57,"ntc1_C",-3.18644031702314,966378
4,2026-08-13 21:24:57,"ntc2_C",-3.19792572817613,964609
4,2026-08-13 21:24:57,"testSB_C",-3.18433776155479,964255
5,2026-08-13 21:24:57,"ntc1_C",-3.20159367933667,964959
5,2026-08-13 21:24:57,"ntc2_C",-3.17083117203208,965126
5,2026-08-13 21:24:57,"testSB_C",-3.16747772926601,965729
6,2026-08-13 21:24:57,"ntc1_C",-3.16728775585199,964340
6,2026-08-13 21:24:57,"ntc2_C",-3.20638412948472,966854
6,2026-08-13 21:24:57,"testSB_C",-3.1617522798141,965401
7,2026-08-13 21:24:57,"ntc1_C",-3.13276126853316,962777
7,2026-08-13 21:24:57,"ntc2_C",-3.14267388310031,964807
7,2026-08-13 21:24:57,"testSB_C",-3.1577683989866,965498
8,2026-08-13 21:24:57,"ntc1_C",-3.15585580831998,967245
8,2026-08-13 21:24:57,"ntc2_C",-3.12118552266361,962130
8,2026-08-13 21:24:57,"testSB_C",-3.13203852017944,960864
9,2026-08-13 21:24:57,"ntc1_C",-3.12600911827798,962096
9,2026-08-13 21:24:57,"ntc2_C",-3.11323052521226,964796
9,2026-08-13 21:24:57,"testSB_C",-3.0819439888154,962050
10,2026-08-13 21:24:57,"ntc1_C",-3.10421165110409,963442
10,2026-08-13 21:24:57,"ntc2_C",-3.05520448991638,959073
10,2026-08-13 21:24:57,"testSB_C",-3.09479056905178,961284
11,2026-08-13 21:24:57,"ntc1_C",-3.06074291361136,961970
11,2026-08-13 21:24:57,"ntc2_C",-3.05504869506001,961323
11,2026-08-13 21:24:57,"testSB_C",-3.05967498140421,960215
12,2026-08-13 21:24:57,"ntc1_C",-3.07510171022744,961728
12,2026-08-13 21:24:57,"ntc2_C",-3.07506861271008,961178
12,2026-08-13 21:24:57,"testSB_C",-3.11475637698288,962528
13,2026-08-13 21:24:57,"ntc1_C",-3.02906488059074,962660
13,2026-08-13 21:24:57,"ntc2_C",-3.004772530075,956795
13,2026-08-13 21:24:57,"testSB_C",-3.00296687903352,958302
14,2026-08-13 21:24:57,"ntc1_C",-2.99924423452791,957263
14,2026-08-13 21:24:57,"ntc2_C",-2.99232376078277,959297
14,2026-08-13 21:24:57,"testSB_C",-2.98769293210103,958960
15,2026-08-13 21:24:57,"ntc1_C",-2.97945525189522,955775
15,2026-08-13 21:24:57,"ntc2_C",-2.96518743983899,958418
15,2026-08-13 21:24:57,"testSB_C",-2.96681003929342,958666
16,2026-08-13 21:24:57,"ntc1_C",-2.98033142854291,956711
16,2026-08-13 21:24:57,"ntc2_C",-2.96609544730489,955561
16,2026-08-13 21:24:57,"testSB_C",-2.97469914131244,955839
17,2026-08-13 21:24:57,"ntc1_C",-2.96562796400985,956063
17,2026-08-13 21:24:57,"ntc2_C",-2.97403012268177,956028
17,2026-08-13 21:24:57,"testSB_C",-2.95426580415648,958143
18,2026-08-13 21:24:57,"ntc1_C",-2.94722193961491,958309
18,2026-08-13 21:24:57,"ntc2_C",-2.93712479313899,955582
18,2026-08-13 21:24:57,"testSB_C",-2.93001206028623,954453
19,2026-08-13 21:24:57,"ntc1_C",-2.95451601613638,958240
19,2026-08-13 21:24:57,"ntc2_C",-2.95530027257632,957252
19,2026-08-13 21:24:57,"testSB_C",-2.91645056063925,957063
20,2026-08-13 21:24:57,"ntc1_C",-2.91091228657933,954829
20,2026-08-13 21:24:57,"ntc2_C",-2.91555277051657,956614
20,2026-08-13 21:24:57,"testSB_C",-2.88151486817395,952393
21,2026-08-13 21:24:57,"ntc1_C",-2.88055238048793,952085
21,2026-08-13 21:24:57,"ntc2_C",-2.88598856604472,954452
21,2026-08-13 21:24:57,"testSB_C",-2.88838186311693,954649
22,2026-08-13 21:24:57,"ntc1_C",-2.91210896621328,955771
22,2026-08-13 21:24:57,"ntc2_C",-2.88684702615882,955900
22,2026-08-13 21:24:57,"testSB_C",-2.87878617958592,952868
23,2026-08-13 21:24:57,"ntc1_C",-2.87831294503809,956408
23,2026-08-13 21:24:57,"ntc2_C",-2.90790362729729,955168
23,2026-08-13 21:24:57,"testSB_C",-2.88538984783651,952740
24,2026-08-13 21:24:57,"ntc1_C",-2.86673060103908,953990
24,2026-08-13 21:24:57,"ntc2_C",-2.86323156025367,955339
24,2026-08-13 21:24:57,"testSB_C",-2.85769603355089,951615
1,2026-08-14 00:24:57,"ntc1_C",-3.90782556604171,992253
1,2026-08-14 00:24:57,"testSB_C",-3.87452483274973,993210
2,2026-08-14 00:24:57,"ntc1_C",-3.81947233595656,990260
2,2026-08-14 00:24:57,"ntc2_C",-3.77993964611954,988432
2,2026-08-14 00:24:57,"testSB_C",-3.75973691173726,989954
3,2026-08-14 00:24:57,"ntc1_C",-3.75762668418884,989531
3,2026-08-14 00:24:57,"ntc2_C",-3.7207888807107,987000
3,2026-08-14 00:24:57,"testSB_C",-3.69047659415037,985512
4,2026-08-14 00:24:57,"ntc1_C",-3.67208800903558,985576
4,2026-08-14 00:24:57,"ntc2_C",-3.65059391817312,982453
4,2026-08-14 00:24:57,"testSB_C",-3.63613973246129,982057
5,2026-08-14 00:24:57,"ntc1_C",-3.61078021756452,981089
5,2026-08-14 00:24:57,"ntc2_C",-3.58765144807575,981552
5,2026-08-14 00:24:57,"testSB_C",-3.55902211956004,981163
6,2026-08-14 00:24:57,"ntc1_C",-3.55420759585337,979562
6,2026-08-14 00:24:57,"ntc2_C",-3.53114349973106,979656
6,2026-08-14 00:24:57,"testSB_C",-3.5208187581826,979539
7,2026-08-14 00:24:57,"ntc1_C",-3.48490163610302,976607
7,2026-08-14 00:24:57,"ntc2_C",-3.48181723655586,978151
7,2026-08-14 00:24:57,"testSB_C",-3.46475947882419,977572
8,2026-08-14 00:24:57,"ntc1_C",-3.44661048430328,978702
8,2026-08-14 00:24:57,"ntc2_C",-3.43589815420302,974467
8,2026-08-14 00:24:57,"testSB_C",-3.4220832363394,972213
9,2026-08-14 00:24:57,"ntc1_C",-3.39955259688418,972807
9,2026-08-14 00:24:57,"ntc2_C",-3.38550887014918,975495
9,2026-08-14 00:24:57,"testSB_C",-3.37871502072204,973681
10,2026-08-14 00:24:57,"ntc1_C",-3.35724753181523,973360
10,2026-08-14 00:24:57,"ntc2_C",-3.33967994434261,970181
10,2026-08-14 00:24:57,"testSB_C",-3.33881283122025,970829
11,2026-08-14 00:24:57,"ntc1_C",-3.29575687515455,971162
11,2026-08-14 00:24:57,"ntc2_C",-3.28500155844296,970312
11,2026-08-14 00:24:57,"testSB_C",-3.27399149809486,968579
12,2026-08-14 00:24:57,"ntc1_C",-3.25613422177759,968800
12,2026-08-14 00:24:57,"ntc2_C",-3.23253457722416,967323
12,2026-08-14 00:24:57,"testSB_C",-3.22992657586263,967026
13,2026-08-14 00:24:57,"ntc1_C",-3.20562023258816,969565
13,2026-08-14 00:24:57,"ntc2_C",-3.17084105864728,963250
13,2026-08-14 00:24:57,"testSB_C",-3.16103161584675,964454
14,2026-08-14 00:24:57,"ntc1_C",-3.14519135497306,962933
14,2026-08-14 00:24:57,"ntc2_C",-3.1262511816584,964510
14,2026-08-14 00:24:57,"testSB_C",-3.12604495632689,964345
15,2026-08-14 00:24:57,"ntc1_C",-3.09857670198949,960392
15,2026-08-14 00:24:57,"ntc2_C",-3.09383340238952,963422
15,2026-08-14 00:24:57,"testSB_C",-3.08321137448689,963194
16,2026-08-14 00:24:57,"ntc1_C",-3.07046429370143,960208
16,2026-08-14 00:24:57,"ntc2_C",-3.04661251777787,958681
16,2026-08-14 00:24:57,"testSB_C",-3.0385184247483,958312
17,2026-08-14 00:24:57,"ntc1_C",-3.02349015307544,958305
17,2026-08-14 00:24:57,"ntc2_C",-3.00748116087937,957323
17,2026-08-14 00:24:57,"testSB_C",-2.9950510812771,959726
18,2026-08-14 00:24:57,"ntc1_C",-2.98314767882295,959703
18,2026-08-14 00:24:57,"ntc2_C",-2.97115605919305,956898
18,2026-08-14 00:24:57,"testSB_C",-2.9692382692333,955970
19,2026-08-14 00:24:57,"ntc1_C",-2.95224704800233,958152
19,2026-08-14 00:24:57,"ntc2_C",-2.94159328264971,956721
19,2026-08-14 00:24:57,"testSB_C",-2.94526538894848,958180
20,2026-08-14 00:24:57,"ntc1_C",-2.9516215800453,956404
20,2026-08-14 00:24:57,"ntc2_C",-2.94966530038505,957936
20,2026-08-14 00:24:57,"testSB_C",-2.95418103560411,955198
21,2026-08-14 00:24:57,"ntc1_C",-2.9558704416819,954989
21,2026-08-14 00:24:57,"ntc2_C",-2.93892563692452,956499
21,2026-08-14 00:24:57,"testSB_C",-2.92833585467002,956194
22,2026-08-14 00:24:57,"ntc1_C",-2.92007146804639,956079
22,2026-08-14 00:24:57,"ntc2_C",-2.90673251631267,956669
22,2026-08-14 00:24:57,"testSB_C",-2.91424696293547,954236
23,2026-08-14 00:24:57,"ntc1_C",-2.90814092310075,957563
23,2026-08-14 00:24:57,"ntc2_C",-2.88771395415654,954388
23,2026-08-14 00:24:57,"testSB_C",-2.88972502095953,952907
24,2026-08-14 00:24:57,"ntc1_C",-2.87977947955261,954494
24,2026-08-14 00:24:57,"ntc2_C",-2.85924752999961,955185
24,2026-08-14 00:24:57,"testSB_C",-2.83864687669205,950882
1,2026-08-14 03:24:57,"ntc1_C",-10.2427421165453,1284223
1,2026-08-14 03:24:57,"testSB_C",-10.2365965070306,1286705
2,2026-08-14 03:24:57,"ntc1_C",-10.1653979855209,1282160
2,2026-08-14 03:24:57,"ntc2_C",-10.1330296295857,1280118
2,2026-08-14 03:24:57,"testSB_C",-10.1238281248147,1282320
3,2026-08-14 03:24:57,"ntc1_C",-10.1062764834338,1281150
3,2026-08-14 03:24:57,"ntc2_C",-10.0761216366694,1278349
3,2026-08-14 03:24:57,"testSB_C",-10.0573334127952,1276840
4,2026-08-14 03:24:57,"ntc1_C",-10.0463007606276,1277428
4,2026-08-14 03:24:57,"ntc2_C",-10.0381903524676,1273985
4,2026-08-14 03:24:57,"testSB_C",-10.0317642408236,1273875
5,2026-08-14 03:24:57,"ntc1_C",-10.0061962563534,1272785
5,2026-08-14 03:24:57,"ntc2_C",-9.993241628492,1273723
5,2026-08-14 03:24:57,"testSB_C",-9.96923277327397,1273497
6,2026-08-14 03:24:57,"ntc1_C",-9.96271344740597,1271178
6,2026-08-14 03:24:57,"ntc2_C",-9.95404527194108,1272255
6,2026-08-14 03:24:57,"testSB_C",-9.95190444576036,1272413
7,2026-08-14 03:24:57,"ntc1_C",-9.91078424104336,1268468
7,2026-08-14 03:24:57,"ntc2_C",-9.91826291145247,1271012
7,2026-08-14 03:24:57,"testSB_C",-9.88952692994678,1269495
8,2026-08-14 03:24:57,"ntc1_C",-9.86798543426852,1270912
8,2026-08-14 03:24:57,"ntc2_C",-9.85266054239236,1265102
8,2026-08-14 03:24:57,"testSB_C",-9.86123097833223,1263318
9,2026-08-14 03:24:57,"ntc1_C",-9.82152918691355,1263124
9,2026-08-14 03:24:57,"ntc2_C",-9.81248198430501,1267098
9,2026-08-14 03:24:57,"testSB_C",-9.81946498361907,1265388
10,2026-08-14 03:24:57,"ntc1_C",-9.79300188620044,1264533
10,2026-08-14 03:24:57,"ntc2_C",-9.78537186921614,1260983
10,2026-08-14 03:24:57,"testSB_C",-9.78943011835992,1262137
11,2026-08-14 03:24:57,"ntc1_C",-9.73830563988844,1261961
11,2026-08-14 03:24:57,"ntc2_C",-9.74379884909962,1261770
11,2026-08-14 03:24:57,"testSB_C",-9.74218317124507,1259952
12,2026-08-14 03:24:57,"ntc1_C",-9.72687410852024,1260360
12,2026-08-14 03:24:57,"ntc2_C",-9.70583455790438,1258573
12,2026-08-14 03:24:57,"testSB_C",-9.72950316270777,1259617
13,2026-08-14 03:24:57,"ntc1_C",-9.70162301359591,1262713
13,2026-08-14 03:24:57,"ntc2_C",-9.68575882420845,1255553
13,2026-08-14 03:24:57,"testSB_C",-9.68494863230529,1257533
14,2026-08-14 03:24:57,"ntc1_C",-9.6682043852453,1255352
14,2026-08-14 03:24:57,"ntc2_C",-9.66483802379662,1258204
14,2026-08-14 03:24:57,"testSB_C",-9.68531783248687,1259131
15,2026-08-14 03:24:57,"ntc1_C",-9.65355897577797,1253603
15,2026-08-14 03:24:57,"ntc2_C",-9.66128664067094,1258400
15,2026-08-14 03:24:57,"testSB_C",-9.65780771674275,1258466
16,2026-08-14 03:24:57,"ntc1_C",-9.65237729080968,1254938
16,2026-08-14 03:24:57,"ntc2_C",-9.62654450531778,1252900
16,2026-08-14 03:24:57,"testSB_C",-9.62945130428989,1252996
17,2026-08-14 03:24:57,"ntc1_C",-9.61760085952216,1253059
17,2026-08-14 03:24:57,"ntc2_C",-9.60561761218304,1251855
17,2026-08-14 03:24:57,"testSB_C",-9.58441298056516,1254613
18,2026-08-14 03:24:57,"ntc1_C",-9.58125769052322,1254913
18,2026-08-14 03:24:57,"ntc2_C",-9.58723804760012,1252010
18,2026-08-14 03:24:57,"testSB_C",-9.58256153747055,1251051
19,2026-08-14 03:24:57,"ntc1_C",-9.55348712786832,1253180
19,2026-08-14 03:24:57,"ntc2_C",-9.55206790265771,1251816
19,2026-08-14 03:24:57,"testSB_C",-9.55544641039131,1253726
20,2026-08-14 03:24:57,"ntc1_C",-9.55236104393805,1250966
20,2026-08-14 03:24:57,"ntc2_C",-9.56078263099113,1253474
20,2026-08-14 03:24:57,"testSB_C",-9.54294724869447,1248690
21,2026-08-14 03:24:57,"ntc1_C",-9.53702022849353,1247739
21,2026-08-14 03:24:57,"ntc2_C",-9.53956242820664,1250967
21,2026-08-14 03:24:57,"testSB_C",-9.51086403572884,1249682
22,2026-08-14 03:24:57,"ntc1_C",-9.50085610439589,1249387
22,2026-08-14 03:24:57,"ntc2_C",-9.49020997100723,1250109
22,2026-08-14 03:24:57,"testSB_C",-9.49168609669954,1246782
23,2026-08-14 03:24:57,"ntc1_C",-9.49530485441585,1251592
23,2026-08-14 03:24:57,"ntc2_C",-9.47521718685073,1247494
23,2026-08-14 03:24:57,"testSB_C",-9.47810090361043,1245335
24,2026-08-14 03:24:57,"ntc1_C",-9.47143009960018,1247931
24,2026-08-14 03:24:57,"ntc2_C",-9.50373211440501,1251437
24,2026-08-14 03:24:57,"testSB_C",-9.51368453078101,1247271
1,2026-08-14 06:24:57,"ntc1_C",-7.99809218561103,1171832
1,2026-08-14 06:24:57,"testSB_C",-8.02603233030567,1175784
2,2026-08-14 06:24:57,"ntc1_C",-8.0483053785365,1176069
2,2026-08-14 06:24:57,"ntc2_C",-8.08782827446532,1177654
2,2026-08-14 06:24:57,"testSB_C",-8.00683806878959,1176338
3,2026-08-14 06:24:57,"ntc1_C",-7.26229128628256,1140928
3,2026-08-14 06:24:57,"ntc2_C",-7.44616828172838,1148348
3,2026-08-14 06:24:57,"testSB_C",-7.52487504697774,1151617
4,2026-08-14 06:24:57,"ntc1_C",-7.23075632550558,1138896
4,2026-08-14 06:24:57,"ntc2_C",-7.16400637578653,1133148
4,2026-08-14 06:24:57,"testSB_C",-7.50228605641144,1149068
5,2026-08-14 06:24:57,"ntc1_C",-7.51527803067415,1149827
5,2026-08-14 06:24:57,"ntc2_C",-7.35057580831307,1143650
5,2026-08-14 06:24:57,"testSB_C",-7.49597610460734,1151349
6,2026-08-14 06:24:57,"ntc1_C",-7.48728126975442,1149207
6,2026-08-14 06:24:57,"ntc2_C",-7.32766717495753,1143055
6,2026-08-14 06:24:57,"testSB_C",-7.49484837558498,1151149
7,2026-08-14 06:24:57,"ntc1_C",-7.41521550641755,1145729
7,2026-08-14 06:24:57,"ntc2_C",-7.06065779099964,1131226
7,2026-08-14 06:24:57,"testSB_C",-7.49926457018984,1151643
8,2026-08-14 06:24:57,"ntc1_C",-7.50151475764324,1154006
8,2026-08-14 06:24:57,"ntc2_C",-7.38745214618405,1144137
8,2026-08-14 06:24:57,"testSB_C",-7.1964436009095,1133276
9,2026-08-14 06:24:57,"ntc1_C",-7.40870086639302,1144817
9,2026-08-14 06:24:57,"ntc2_C",-7.32884585123315,1145037
9,2026-08-14 06:24:57,"testSB_C",-7.35755674503474,1144523
10,2026-08-14 06:24:57,"ntc1_C",-7.3948371478549,1146788
10,2026-08-14 06:24:57,"ntc2_C",-7.20967394380943,1135302
10,2026-08-14 06:24:57,"testSB_C",-7.34227111662727,1142286
11,2026-08-14 06:24:57,"ntc1_C",-7.49344256557367,1151638
11,2026-08-14 06:24:57,"ntc2_C",-7.25485625845852,1140049
11,2026-08-14 06:24:57,"testSB_C",-7.27780982419614,1139558
12,2026-08-14 06:24:57,"ntc1_C",-7.0240165693458,1128924
12,2026-08-14 06:24:57,"ntc2_C",-7.23725505396322,1138122
12,2026-08-14 06:24:57,"testSB_C",-7.24735329874869,1138404
13,2026-08-14 06:24:57,"ntc1_C",-7.29072932382826,1144537
13,2026-08-14 06:24:57,"ntc2_C",-7.20542383677781,1134790
13,2026-08-14 06:24:57,"testSB_C",-7.29464918597978,1140775
14,2026-08-14 06:24:57,"ntc1_C",-7.28756410100448,1139291
14,2026-08-14 06:24:57,"ntc2_C",-7.14039529260089,1135217
14,2026-08-14 06:24:57,"testSB_C",-7.15959889133779,1135964
15,2026-08-14 06:24:57,"ntc1_C",-7.27032884272387,1137600
15,2026-08-14 06:24:57,"ntc2_C",-6.99120369626417,1128627
15,2026-08-14 06:24:57,"testSB_C",-6.95309660076327,1127100
16,2026-08-14 06:24:57,"ntc1_C",-7.1931736936956,1135227
16,2026-08-14 06:24:57,"ntc2_C",-7.23231338770313,1136364
16,2026-08-14 06:24:57,"testSB_C",-7.17128768958815,1133489
17,2026-08-14 06:24:57,"ntc1_C",-7.18096280996235,1134575
17,2026-08-14 06:24:57,"ntc2_C",-7.1712806266728,1133633
17,2026-08-14 06:24:57,"testSB_C",-7.24223256298421,1140383
18,2026-08-14 06:24:57,"ntc1_C",-7.19114217152264,1138469
18,2026-08-14 06:24:57,"ntc2_C",-6.98033992827573,1125906
18,2026-08-14 06:24:57,"testSB_C",-7.1423376014024,1132564
19,2026-08-14 06:24:57,"ntc1_C",-7.21257571808059,1139128
19,2026-08-14 06:24:57,"ntc2_C",-7.13193830236821,1134210
19,2026-08-14 06:24:57,"testSB_C",-7.08220192327667,1133480
20,2026-08-14 06:24:57,"ntc1_C",-7.08612004501924,1131293
20,2026-08-14 06:24:57,"ntc2_C",-6.83119585502322,1121480
20,2026-08-14 06:24:57,"testSB_C",-6.99958813052854,1125721
21,2026-08-14 06:24:57,"ntc1_C",-7.08367428305712,1129091
21,2026-08-14 06:24:57,"ntc2_C",-6.76662054109966,1117296
21,2026-08-14 06:24:57,"testSB_C",-7.16003132304439,1135481
22,2026-08-14 06:24:57,"ntc1_C",-7.0752510385758,1131775
22,2026-08-14 06:24:57,"ntc2_C",-6.91927635065855,1125810
22,2026-08-14 06:24:57,"testSB_C",-7.06265967320968,1129261
23,2026-08-14 06:24:57,"ntc1_C",-6.8997660747188,1125986
23,2026-08-14 06:24:57,"ntc2_C",-6.92075523847097,1124156
23,2026-08-14 06:24:57,"testSB_C",-7.08138280514356,1129530
24,2026-08-14 06:24:57,"ntc1_C",-7.07732471704884,1131891
24,2026-08-14 06:24:57,"ntc2_C",-6.86241413909318,1123729
24,2026-08-14 06:24:57,"testSB_C",-6.78957233568866,1116240
1,2026-08-14 09:24:57,"ntc1_C",-5.76202519051816,1069849
1,2026-08-14 09:24:57,"testSB_C",-5.92316242782078,1079332
2,2026-08-14 09:24:57,"ntc1_C",-5.84539804871986,1075169
2,2026-08-14 09:24:57,"ntc2_C",-5.70817585942632,1068915
2,2026-08-14 09:24:57,"testSB_C",-5.81750803434301,1076121
3,2026-08-14 09:24:57,"ntc1_C",-2.96866235091238,958420
3,2026-08-14 09:24:57,"ntc2_C",-3.25469272960305,968536
3,2026-08-14 09:24:57,"testSB_C",-3.23331637024569,967437
4,2026-08-14 09:24:57,"ntc1_C",-2.8658478718782,953919
4,2026-08-14 09:24:57,"ntc2_C",-2.85542854115909,951333
4,2026-08-14 09:24:57,"testSB_C",-3.25242286215331,966916
5,2026-08-14 09:24:57,"ntc1_C",-3.50696028551658,976970
5,2026-08-14 09:24:57,"ntc2_C",-3.28768994064893,969702
5,2026-08-14 09:24:57,"testSB_C",-3.25250627979267,969059
6,2026-08-14 09:24:57,"ntc1_C",-3.53978197779304,978990
6,2026-08-14 09:24:57,"ntc2_C",-3.35978097133386,972879
6,2026-08-14 09:24:57,"testSB_C",-3.56038375237227,981110
7,2026-08-14 09:24:57,"ntc1_C",-3.21312239407217,965915
7,2026-08-14 09:24:57,"ntc2_C",-3.1354283848936,964524
7,2026-08-14 09:24:57,"testSB_C",-3.53979363168531,980547
8,2026-08-14 09:24:57,"ntc1_C",-3.49984583345645,980815
8,2026-08-14 09:24:57,"ntc2_C",-3.3060262639197,969356
8,2026-08-14 09:24:57,"testSB_C",-3.17963915733793,962717
9,2026-08-14 09:24:57,"ntc1_C",-3.39924789811141,972795
9,2026-08-14 09:24:57,"ntc2_C",-3.29005084463085,971730
9,2026-08-14 09:24:57,"testSB_C",-3.60371523484503,982597
10,2026-08-14 09:24:57,"ntc1_C",-3.55911972370404,981349
10,2026-08-14 09:24:57,"ntc2_C",-3.28761502201098,968138
10,2026-08-14 09:24:57,"testSB_C",-3.70794159080862,985456
11,2026-08-14 09:24:57,"ntc1_C",-3.75892245422381,989547
11,2026-08-14 09:24:57,"ntc2_C",-3.40670629417457,975105
11,2026-08-14 09:24:57,"testSB_C",-3.50445157912588,977658
12,2026-08-14 09:24:57,"ntc1_C",-3.33159818740756,971764
12,2026-08-14 09:24:57,"ntc2_C",-3.35318379930334,972059
12,2026-08-14 09:24:57,"testSB_C",-3.69004172848236,985216
13,2026-08-14 09:24:57,"ntc1_C",-3.73163504035853,990445
13,2026-08-14 09:24:57,"ntc2_C",-3.29819545507524,968231
13,2026-08-14 09:24:57,"testSB_C",-3.42674962920773,974889
14,2026-08-14 09:24:57,"ntc1_C",-3.42627468788419,973952
14,2026-08-14 09:24:57,"ntc2_C",-3.32076527227838,972134
14,2026-08-14 09:24:57,"testSB_C",-3.40945973876637,975475
15,2026-08-14 09:24:57,"ntc1_C",-3.59142348267619,979743
15,2026-08-14 09:24:57,"ntc2_C",-3.15674425817201,965879
15,2026-08-14 09:24:57,"testSB_C",-3.10604903320916,964085
16,2026-08-14 09:24:57,"ntc1_C",-3.53356217574827,978387
16,2026-08-14 09:24:57,"ntc2_C",-3.36634781442325,971176
16,2026-08-14 09:24:57,"testSB_C",-3.65383335262288,982501
17,2026-08-14 09:24:57,"ntc1_C",-3.44710625041557,974887
17,2026-08-14 09:24:57,"ntc2_C",-3.38836439326246,972198
17,2026-08-14 09:24:57,"testSB_C",-3.53220402251378,980831
18,2026-08-14 09:24:57,"ntc1_C",-3.53225805587385,981275
18,2026-08-14 09:24:57,"ntc2_C",-3.43581547703781,975057
18,2026-08-14 09:24:57,"testSB_C",-3.57001500639291,979521
19,2026-08-14 09:24:57,"ntc1_C",-3.60664116599969,983885
19,2026-08-14 09:24:57,"ntc2_C",-3.72396035776734,987527
19,2026-08-14 09:24:57,"testSB_C",-3.42964569200302,977162
20,2026-08-14 09:24:57,"ntc1_C",-3.47309953125858,976821
20,2026-08-14 09:24:57,"ntc2_C",-3.27969720919396,970825
20,2026-08-14 09:24:57,"testSB_C",-3.35235665964791,970722
21,2026-08-14 09:24:57,"ntc1_C",-3.47058806048614,975084
21,2026-08-14 09:24:57,"ntc2_C",-3.25227455796562,968710
21,2026-08-14 09:24:57,"testSB_C",-3.60147084574277,982620
22,2026-08-14 09:24:57,"ntc1_C",-3.45893858525284,977166
22,2026-08-14 09:24:57,"ntc2_C",-3.27352485855693,970970
22,2026-08-14 09:24:57,"testSB_C",-3.58717487887844,980589
23,2026-08-14 09:24:57,"ntc1_C",-3.49734332415079,980679
23,2026-08-14 09:24:57,"ntc2_C",-3.42082467430038,975209
23,2026-08-14 09:24:57,"testSB_C",-3.70170463982794,984732
24,2026-08-14 09:24:57,"ntc1_C",-3.64469145852865,984529
24,2026-08-14 09:24:57,"ntc2_C",-3.46771650387302,979008
24,2026-08-14 09:24:57,"testSB_C",-3.51968117967238,977458
1,2026-08-14 12:24:57,"ntc1_C",0.73416068420147,822722
1,2026-08-14 12:24:57,"testSB_C",0.838109799347478,821272
2,2026-08-14 12:24:57,"ntc1_C",0.656259120535083,826581
2,2026-08-14 12:24:57,"ntc2_C",0.919431928379424,817710
2,2026-08-14 12:24:57,"testSB_C",0.901720149412199,820375
3,2026-08-14 12:24:57,"ntc1_C",2.4530718558355,770589
3,2026-08-14 12:24:57,"ntc2_C",2.33385148862067,773361
3,2026-08-14 12:24:57,"testSB_C",2.41314899865006,770812
4,2026-08-14 12:24:57,"ntc1_C",2.39582659434444,771895
4,2026-08-14 12:24:57,"ntc2_C",2.39361613060112,770251
4,2026-08-14 12:24:57,"testSB_C",2.38390617774235,770698
5,2026-08-14 12:24:57,"ntc1_C",2.10311911278774,779326
5,2026-08-14 12:24:57,"ntc2_C",2.17437469817969,778311
5,2026-08-14 12:24:57,"testSB_C",2.2946817421639,775130
6,2026-08-14 12:24:57,"ntc1_C",2.07437313134403,780934
6,2026-08-14 12:24:57,"ntc2_C",2.0636109176823,781969
6,2026-08-14 12:24:57,"testSB_C",2.012546642914,783847
7,2026-08-14 12:24:57,"ntc1_C",2.31943622651687,773033
7,2026-08-14 12:24:57,"ntc2_C",2.14984335701655,779627
7,2026-08-14 12:24:57,"testSB_C",2.10484534460625,781191
8,2026-08-14 12:24:57,"ntc1_C",2.11473107405976,782288
8,2026-08-14 12:24:57,"ntc2_C",2.2444120662218,775281
8,2026-08-14 12:24:57,"testSB_C",2.07307499848315,779246
9,2026-08-14 12:24:57,"ntc1_C",2.124207089614,778875
9,2026-08-14 12:24:57,"ntc2_C",2.2705149697552,776772
9,2026-08-14 12:24:57,"testSB_C",2.16755508788492,778785
10,2026-08-14 12:24:57,"ntc1_C",2.18973883400264,778581
10,2026-08-14 12:24:57,"ntc2_C",2.18416537008881,776742
10,2026-08-14 12:24:57,"testSB_C",2.1275474131071,779003
11,2026-08-14 12:24:57,"ntc1_C",2.01779445394817,784156
11,2026-08-14 12:24:57,"ntc2_C",2.27637806404823,775711
11,2026-08-14 12:24:57,"testSB_C",2.34090970693404,772709
12,2026-08-14 12:24:57,"ntc1_C",2.22285795443872,777073
12,2026-08-14 12:24:57,"ntc2_C",2.33457201853037,773163
12,2026-08-14 12:24:57,"testSB_C",1.70744961073308,792621
13,2026-08-14 12:24:57,"ntc1_C",2.08660031756199,783460
13,2026-08-14 12:24:57,"ntc2_C",2.3456957687157,771392
13,2026-08-14 12:24:57,"testSB_C",2.33149390541053,773108
14,2026-08-14 12:24:57,"ntc1_C",2.29236759135392,773679
14,2026-08-14 12:24:57,"ntc2_C",2.27851715013333,775957
14,2026-08-14 12:24:57,"testSB_C",2.33506201480452,774046
15,2026-08-14 12:24:57,"ntc1_C",2.15741156279984,777313
15,2026-08-14 12:24:57,"ntc2_C",2.43857357341017,771088
15,2026-08-14 12:24:57,"testSB_C",2.40997341899038,772102
16,2026-08-14 12:24:57,"ntc1_C",2.22570140716181,775817
16,2026-08-14 12:24:57,"ntc2_C",2.38499039683222,770382
16,2026-08-14 12:24:57,"testSB_C",2.22184183633675,775373
17,2026-08-14 12:24:57,"ntc1_C",2.37218009908037,771198
17,2026-08-14 12:24:57,"ntc2_C",2.36580813495914,771157
17,2026-08-14 12:24:57,"testSB_C",2.26897211336711,776441
18,2026-08-14 12:24:57,"ntc1_C",2.36257775998394,773948
18,2026-08-14 12:24:57,"ntc2_C",2.18953249192145,777511
18,2026-08-14 12:24:57,"testSB_C",2.27037814399705,774126
19,2026-08-14 12:24:57,"ntc1_C",2.29502707266323,775697
19,2026-08-14 12:24:57,"ntc2_C",2.07628405592749,781669
19,2026-08-14 12:24:57,"testSB_C",2.31323122690264,775356
20,2026-08-14 12:24:57,"ntc1_C",2.37001042295395,771937
20,2026-08-14 12:24:57,"ntc2_C",2.30158338680707,775362
20,2026-08-14 12:24:57,"testSB_C",2.55946607314087,765133
21,2026-08-14 12:24:57,"ntc1_C",2.37997768127502,770570
21,2026-08-14 12:24:57,"ntc2_C",2.31362484308369,774215
21,2026-08-14 12:24:57,"testSB_C",2.29610879185515,774836
22,2026-08-14 12:24:57,"ntc1_C",2.3619294441761,773015
22,2026-08-14 12:24:57,"ntc2_C",2.33997014351047,774696
22,2026-08-14 12:24:57,"testSB_C",2.09739969684034,779951
23,2026-08-14 12:24:57,"ntc1_C",1.93826258867125,787812
23,2026-08-14 12:24:57,"ntc2_C",2.05268538517237,782269
23,2026-08-14 12:24:57,"testSB_C",1.91863800160826,785332
24,2026-08-14 12:24:57,"ntc1_C",2.05306126743909,782528
24,2026-08-14 12:24:57,"ntc2_C",1.71918939499739,794339
24,2026-08-14 12:24:57,"testSB_C",2.08066573855763,780102
1,2026-08-14 15:24:57,"ntc1_C",1.40251216538206,800954
1,2026-08-14 15:24:57,"testSB_C",1.42142059892683,802287
2,2026-08-14 15:24:57,"ntc1_C",1.472427963229,799946
2,2026-08-14 15:24:57,"ntc2_C",1.97669412794517,783777
2,2026-08-14 15:24:57,"testSB_C",1.55466697448895,799189
3,2026-08-14 15:24:57,"ntc1_C",2.46417647284886,770247
3,2026-08-14 15:24:57,"ntc2_C",2.76253459050611,760218
3,2026-08-14 15:24:57,"testSB_C",3.25759799128275,745256
4,2026-08-14 15:24:57,"ntc1_C",2.76024307415054,760733
4,2026-08-14 15:24:57,"ntc2_C",2.75120230309005,759324
4,2026-08-14 15:24:57,"testSB_C",3.33663256281579,741934
5,2026-08-14 15:24:57,"ntc1_C",3.12134807777522,748242
5,2026-08-14 15:24:57,"ntc2_C",2.78820604695181,759451
5,2026-08-14 15:24:57,"testSB_C",3.21954657474333,747018
6,2026-08-14 15:24:57,"ntc1_C",3.07102247187987,750452
6,2026-08-14 15:24:57,"ntc2_C",2.7241723328649,761583
6,2026-08-14 15:24:57,"testSB_C",3.22314787227879,746831
7,2026-08-14 15:24:57,"ntc1_C",3.31775396552081,742811
7,2026-08-14 15:24:57,"ntc2_C",2.49563475162807,768918
7,2026-08-14 15:24:57,"testSB_C",3.07908329866746,751369
8,2026-08-14 15:24:57,"ntc1_C",3.16080454761749,750260
8,2026-08-14 15:24:57,"ntc2_C",3.31492082288605,742843
8,2026-08-14 15:24:57,"testSB_C",2.71318998682,759563
9,2026-08-14 15:24:57,"ntc1_C",3.28946183764276,743470
9,2026-08-14 15:24:57,"ntc2_C",3.0465004551624,753053
9,2026-08-14 15:24:57,"testSB_C",3.19753288185689,747390
10,2026-08-14 15:24:57,"ntc1_C",3.21133060495714,747455
10,2026-08-14 15:24:57,"ntc2_C",2.74249295881697,759602
10,2026-08-14 15:24:57,"testSB_C",2.98651133668591,752712
11,2026-08-14 15:24:57,"ntc1_C",3.18743826915846,748364
11,2026-08-14 15:24:57,"ntc2_C",2.94929075491166,755136
11,2026-08-14 15:24:57,"testSB_C",3.15622578301071,747961
12,2026-08-14 15:24:57,"ntc1_C",2.56367563802723,766558
12,2026-08-14 15:24:57,"ntc2_C",3.001060724691,752850
12,2026-08-14 15:24:57,"testSB_C",2.93381589088477,754688
13,2026-08-14 15:24:57,"ntc1_C",2.86210672615294,759536
13,2026-08-14 15:24:57,"ntc2_C",3.01504876919461,751028
13,2026-08-14 15:24:57,"testSB_C",3.25256964315457,745171
14,2026-08-14 15:24:57,"ntc1_C",3.33574312120379,742104
14,2026-08-14 15:24:57,"ntc2_C",2.91845404445354,756365
14,2026-08-14 15:24:57,"testSB_C",3.19127179344667,748017
15,2026-08-14 15:24:57,"ntc1_C",3.09945615352058,748606
15,2026-08-14 15:24:57,"ntc2_C",2.98396517284482,754464
15,2026-08-14 15:24:57,"testSB_C",2.83439636953045,759112
16,2026-08-14 15:24:57,"ntc1_C",3.20840080430816,745940
16,2026-08-14 15:24:57,"ntc2_C",3.29149244693394,742979
16,2026-08-14 15:24:57,"testSB_C",3.17898023170432,746269
17,2026-08-14 15:24:57,"ntc1_C",3.33179838393011,742187
17,2026-08-14 15:24:57,"ntc2_C",3.21075628662493,745559
17,2026-08-14 15:24:57,"testSB_C",3.3661063180657,743136
18,2026-08-14 15:24:57,"ntc1_C",3.24931053580178,747012
18,2026-08-14 15:24:57,"ntc2_C",2.76955743416119,759698
18,2026-08-14 15:24:57,"testSB_C",3.162556821311,747002
19,2026-08-14 15:24:57,"ntc1_C",3.2584609124969,746398
19,2026-08-14 15:24:57,"ntc2_C",2.91690680991354,755824
19,2026-08-14 15:24:57,"testSB_C",3.15048498534986,749837
20,2026-08-14 15:24:57,"ntc1_C",3.35173134529947,742236
20,2026-08-14 15:24:57,"ntc2_C",2.7783163379595,760717
20,2026-08-14 15:24:57,"testSB_C",3.4290981498371,739019
21,2026-08-14 15:24:57,"ntc1_C",3.43735266814957,738732
21,2026-08-14 15:24:57,"ntc2_C",2.74165682801885,761077
21,2026-08-14 15:24:57,"testSB_C",3.34826489946386,742939
22,2026-08-14 15:24:57,"ntc1_C",3.46503459559733,739707
22,2026-08-14 15:24:57,"ntc2_C",2.95771347616147,755822
22,2026-08-14 15:24:57,"testSB_C",3.22319430223592,745656
23,2026-08-14 15:24:57,"ntc1_C",3.03299990394595,754071
23,2026-08-14 15:24:57,"ntc2_C",2.89512610903404,756361
23,2026-08-14 15:24:57,"testSB_C",3.09637283713693,749253
24,2026-08-14 15:24:57,"ntc1_C",3.37383045188574,742284
24,2026-08-14 15:24:57,"ntc2_C",2.93317627420817,756685
24,2026-08-14 15:24:57,"testSB_C",3.30465534719212,742876
1,2026-08-14 18:24:57,"ntc1_C",1.09541765780483,810879
1,2026-08-14 18:24:57,"testSB_C",0.965606211087731,817082
2,2026-08-14 18:24:57,"ntc1_C",1.37919378579659,802942
2,2026-08-14 18:24:57,"ntc2_C",2.12984773367145,778987
2,2026-08-14 18:24:57,"testSB_C",1.22663562497314,809759
3,2026-08-14 18:24:57,"ntc1_C",2.36510256428011,773304
3,2026-08-14 18:24:57,"ntc2_C",2.93157507417141,755101
3,2026-08-14 18:24:57,"testSB_C",3.80059313243618,729302
4,2026-08-14 18:24:57,"ntc1_C",2.80622021758245,759337
4,2026-08-14 18:24:57,"ntc2_C",2.81886654490665,757275
4,2026-08-14 18:24:57,"testSB_C",3.97367756941986,723342
5,2026-08-14 18:24:57,"ntc1_C",3.71191592813335,730822
5,2026-08-14 18:24:57,"ntc2_C",3.02947465083679,752172
5,2026-08-14 18:24:57,"testSB_C",3.73021828188723,731964
6,2026-08-14 18:24:57,"ntc1_C",3.63403083010803,733796
6,2026-08-14 18:24:57,"ntc2_C",2.93862807247723,755087
6,2026-08-14 18:24:57,"testSB_C",3.8000370141155,729852
7,2026-08-14 18:24:57,"ntc1_C",3.9099460621585,725482
7,2026-08-14 18:24:57,"ntc2_C",2.49992895718566,768786
7,2026-08-14 18:24:57,"testSB_C",3.63775322861306,734818
8,2026-08-14 18:24:57,"ntc1_C",3.75731233032593,732626
8,2026-08-14 18:24:57,"ntc2_C",3.95435960421941,724162
8,2026-08-14 18:24:57,"testSB_C",2.87028510056422,754814
9,2026-08-14 18:24:57,"ntc1_C",3.94840104582084,724214
9,2026-08-14 18:24:57,"ntc2_C",3.39849502013828,742550
9,2026-08-14 18:24:57,"testSB_C",3.76353229560078,730716
10,2026-08-14 18:24:57,"ntc1_C",3.77339947560301,730899
10,2026-08-14 18:24:57,"ntc2_C",2.86700296193868,755835
10,2026-08-14 18:24:57,"testSB_C",3.35926075825245,741599
11,2026-08-14 18:24:57,"ntc1_C",3.84681338902726,728959
11,2026-08-14 18:24:57,"ntc2_C",3.27052714589456,745520
11,2026-08-14 18:24:57,"testSB_C",3.73646509679497,730865
12,2026-08-14 18:24:57,"ntc1_C",2.56837754657624,766414
12,2026-08-14 18:24:57,"ntc2_C",3.34695760853015,742533
12,2026-08-14 18:24:57,"testSB_C",3.37402664020351,741548
13,2026-08-14 18:24:57,"ntc1_C",3.29378907716392,746557
13,2026-08-14 18:24:57,"ntc2_C",3.31054893939711,742221
13,2026-08-14 18:24:57,"testSB_C",3.76755988170828,730022
14,2026-08-14 18:24:57,"ntc1_C",3.97840873356381,723342
14,2026-08-14 18:24:57,"ntc2_C",3.15617262941953,749222
14,2026-08-14 18:24:57,"testSB_C",3.69706309816661,733081
15,2026-08-14 18:24:57,"ntc1_C",3.61655472961979,733331
15,2026-08-14 18:24:57,"ntc2_C",3.25648358712868,746301
15,2026-08-14 18:24:57,"testSB_C",2.97689611714952,754803
16,2026-08-14 18:24:57,"ntc1_C",3.80552975988934,728387
16,2026-08-14 18:24:57,"ntc2_C",3.73427207786295,729974
16,2026-08-14 18:24:57,"testSB_C",3.71188368862136,730572
17,2026-08-14 18:24:57,"ntc1_C",3.87423491252287,726305
17,2026-08-14 18:24:57,"ntc2_C",3.71186125254997,730807
17,2026-08-14 18:24:57,"testSB_C",4.01141682821054,724261
18,2026-08-14 18:24:57,"ntc1_C",3.79757198409976,730859
18,2026-08-14 18:24:57,"ntc2_C",2.98472501824978,753201
18,2026-08-14 18:24:57,"testSB_C",3.65850803156837,732364
19,2026-08-14 18:24:57,"ntc1_C",3.7907710779823,730718
19,2026-08-14 18:24:57,"ntc2_C",3.25427264587978,745709
19,2026-08-14 18:24:57,"testSB_C",3.51089582606619,739129
20,2026-08-14 18:24:57,"ntc1_C",3.92295972740874,725517
20,2026-08-14 18:24:57,"ntc2_C",2.84266210926216,758763
20,2026-08-14 18:24:57,"testSB_C",3.8847063715786,725719
21,2026-08-14 18:24:57,"ntc1_C",3.99087074514784,722628
21,2026-08-14 18:24:57,"ntc2_C",2.77409727584057,760091
21,2026-08-14 18:24:57,"testSB_C",3.8392387780637,728537
22,2026-08-14 18:24:57,"ntc1_C",4.04028146966522,722949
22,2026-08-14 18:24:57,"ntc2_C",3.07311059864753,752351
22,2026-08-14 18:24:57,"testSB_C",3.71047173556366,731315
23,2026-08-14 18:24:57,"ntc1_C",3.35056160134297,744574
23,2026-08-14 18:24:57,"ntc2_C",3.07372099818861,750987
23,2026-08-14 18:24:57,"testSB_C",3.43585788141155,739185
24,2026-08-14 18:24:57,"ntc1_C",3.8871444424023,727244
24,2026-08-14 18:24:57,"ntc2_C",3.19798024155961,748727
24,2026-08-14 18:24:57,"testSB_C",3.89027353910734,725740
1,2026-08-14 21:24:57,"ntc1_C",-4.58603181423808,1019934
1,2026-08-14 21:24:57,"testSB_C",-4.59757717243502,1022761
2,2026-08-14 21:24:57,"ntc1_C",-4.5512732613804,1020098
2,2026-08-14 21:24:57,"ntc2_C",-4.53420088763414,1019138
2,2026-08-14 21:24:57,"testSB_C",-4.51174998196791,1020582
3,2026-08-14 21:24:57,"ntc1_C",-4.42882561541478,1016826
3,2026-08-14 21:24:57,"ntc2_C",-4.42238193877427,1015487
3,2026-08-14 21:24:57,"testSB_C",-4.40030019287934,1014277
4,2026-08-14 21:24:57,"ntc1_C",-4.39215090259751,1014775
4,2026-08-14 21:24:57,"ntc2_C",-4.38294396086809,1012054
4,2026-08-14 21:24:57,"testSB_C",-4.36730877601411,1011596
5,2026-08-14 21:24:57,"ntc1_C",-4.36491124144175,1011557
5,2026-08-14 21:24:57,"ntc2_C",-4.34281660496458,1012058
5,2026-08-14 21:24:57,"testSB_C",-4.32564325814155,1012131
6,2026-08-14 21:24:57,"ntc1_C",-4.32375441517758,1010586
6,2026-08-14 21:24:57,"ntc2_C",-4.3083759347233,1011017
6,2026-08-14 21:24:57,"testSB_C",-4.2941502425042,1010726
7,2026-08-14 21:24:57,"ntc1_C",-4.25897169896689,1007741
7,2026-08-14 21:24:57,"ntc2_C",-4.25343099257947,1009233
7,2026-08-14 21:24:57,"testSB_C",-4.23747433418885,1008665
8,2026-08-14 21:24:57,"ntc1_C",-4.23027667060455,1010292
8,2026-08-14 21:24:57,"ntc2_C",-4.20815900134988,1005445
8,2026-08-14 21:24:57,"testSB_C",-4.19961177572196,1003332
9,2026-08-14 21:24:57,"ntc1_C",-4.17478802117694,1003844
9,2026-08-14 21:24:57,"ntc2_C",-4.15573130943272,1006436
9,2026-08-14 21:24:57,"testSB_C",-4.1523915635342,1004698
10,2026-08-14 21:24:57,"ntc1_C",-4.12001492579407,1003907
10,2026-08-14 21:24:57,"ntc2_C",-4.09754875731568,1000434
10,2026-08-14 21:24:57,"testSB_C",-4.10979072155351,1001641
11,2026-08-14 21:24:57,"ntc1_C",-4.07850937817301,1002444
11,2026-08-14 21:24:57,"ntc2_C",-4.06289232120753,1001376
11,2026-08-14 21:24:57,"testSB_C",-4.05144270747201,999564
12,2026-08-14 21:24:57,"ntc1_C",-4.02560542239041,999470
12,2026-08-14 21:24:57,"ntc2_C",-4.01710622463844,998557
12,2026-08-14 21:24:57,"testSB_C",-4.01933745747283,998453
13,2026-08-14 21:24:57,"ntc1_C",-4.01370441603717,1001834
13,2026-08-14 21:24:57,"ntc2_C",-3.96748667804457,994853
13,2026-08-14 21:24:57,"testSB_C",-3.96087059719508,996222
14,2026-08-14 21:24:57,"ntc1_C",-3.95416398799063,995003
14,2026-08-14 21:24:57,"ntc2_C",-3.94529459214607,997040
14,2026-08-14 21:24:57,"testSB_C",-3.95129967576997,997128
15,2026-08-14 21:24:57,"ntc1_C",-3.93926617092791,993645
15,2026-08-14 21:24:57,"ntc2_C",-3.91746662929353,996112
15,2026-08-14 21:24:57,"testSB_C",-3.91305058955277,996128
16,2026-08-14 21:24:57,"ntc1_C",-3.9101387088329,993434
16,2026-08-14 21:24:57,"ntc2_C",-3.89074166180791,992038
16,2026-08-14 21:24:57,"testSB_C",-3.87942205904739,991528
17,2026-08-14 21:24:57,"ntc1_C",-3.8621827883016,991425
17,2026-08-14 21:24:57,"ntc2_C",-3.84331688274727,990282
17,2026-08-14 21:24:57,"testSB_C",-3.81793494968605,992254
18,2026-08-14 21:24:57,"ntc1_C",-3.79970145118506,991964
18,2026-08-14 21:24:57,"ntc2_C",-3.780768406221,988770
18,2026-08-14 21:24:57,"testSB_C",-3.76882239556062,987447
19,2026-08-14 21:24:57,"ntc1_C",-3.72468347472164,988603
19,2026-08-14 21:24:57,"ntc2_C",-3.70784172025424,986882
19,2026-08-14 21:24:57,"testSB_C",-3.68679033837287,987398
20,2026-08-14 21:24:57,"ntc1_C",-3.67501454447307,984848
20,2026-08-14 21:24:57,"ntc2_C",-3.64969252846629,985490
20,2026-08-14 21:24:57,"testSB_C",-3.61852590151676,981246
21,2026-08-14 21:24:57,"ntc1_C",-3.63204674623802,981478
21,2026-08-14 21:24:57,"ntc2_C",-3.60660064624255,982714
21,2026-08-14 21:24:57,"testSB_C",-3.6096564681406,982946
22,2026-08-14 21:24:57,"ntc1_C",-3.57374426278079,981721
22,2026-08-14 21:24:57,"ntc2_C",-3.53024226602633,981112
22,2026-08-14 21:24:57,"testSB_C",-3.55134860950784,979167
23,2026-08-14 21:24:57,"ntc1_C",-3.5315558916314,982039
23,2026-08-14 21:24:57,"ntc2_C",-3.48984247643267,977939
23,2026-08-14 21:24:57,"testSB_C",-3.50877290757705,977071
24,2026-08-14 21:24:57,"ntc1_C",-3.47722410872109,977870
24,2026-08-14 21:24:57,"ntc2_C",-3.4513458227625,978359
24,2026-08-14 21:24:57,"testSB_C",-3.45013751945896,974709
1,2026-08-15 00:24:57,"ntc1_C",-7.09585994144697,1129531
1,2026-08-15 00:24:57,"testSB_C",-7.10112953016869,1132315
2,2026-08-15 00:24:57,"ntc1_C",-7.076679645627,1130418
2,2026-08-15 00:24:57,"ntc2_C",-7.07556978766064,1130073
2,2026-08-15 00:24:57,"testSB_C",-7.05703618517845,1131733
3,2026-08-15 00:24:57,"ntc1_C",-7.05264976112483,1131233
3,2026-08-15 00:24:57,"ntc2_C",-7.04841072417014,1129895
3,2026-08-15 00:24:57,"testSB_C",-7.05146893950723,1129636
4,2026-08-15 00:24:57,"ntc1_C",-7.0482516899072,1130464
4,2026-08-15 00:24:57,"ntc2_C",-7.04330161009631,1127594
4,2026-08-15 00:24:57,"testSB_C",-7.0530937623704,1128245
5,2026-08-15 00:24:57,"ntc1_C",-7.05219661371041,1128340
5,2026-08-15 00:24:57,"ntc2_C",-7.03287751406947,1128954
5,2026-08-15 00:24:57,"testSB_C",-7.04042570837362,1130189
6,2026-08-15 00:24:57,"ntc1_C",-7.04984485161651,1128928
6,2026-08-15 00:24:57,"ntc2_C",-7.04222673965359,1129845
6,2026-08-15 00:24:57,"testSB_C",-7.04738985420357,1130368
7,2026-08-15 00:24:57,"ntc1_C",-7.03297615939971,1128030
7,2026-08-15 00:24:57,"ntc2_C",-7.02035470613453,1129371
7,2026-08-15 00:24:57,"testSB_C",-7.02749013540239,1129735
8,2026-08-15 00:24:57,"ntc1_C",-7.02322313783247,1131744
8,2026-08-15 00:24:57,"ntc2_C",-7.0307363436961,1127639
8,2026-08-15 00:24:57,"testSB_C",-7.0155817977232,1124962
9,2026-08-15 00:24:57,"ntc1_C",-7.01802007583632,1126754
9,2026-08-15 00:24:57,"ntc2_C",-7.00842501776748,1130189
9,2026-08-15 00:24:57,"testSB_C",-7.02132878725394,1128957
10,2026-08-15 00:24:57,"ntc1_C",-7.01458910279234,1129174
10,2026-08-15 00:24:57,"ntc2_C",-6.99790439172995,1125556
10,2026-08-15 00:24:57,"testSB_C",-7.00964829596722,1126918
11,2026-08-15 00:24:57,"ntc1_C",-7.00645522917796,1129035
11,2026-08-15 00:24:57,"ntc2_C",-6.99524386338419,1128064
11,2026-08-15 00:24:57,"testSB_C",-7.0066601434865,1127050
12,2026-08-15 00:24:57,"ntc1_C",-6.98982052282366,1127354
12,2026-08-15 00:24:57,"ntc2_C",-6.99651219207215,1127024
12,2026-08-15 00:24:57,"testSB_C",-6.99703530942918,1126861
13,2026-08-15 00:24:57,"ntc1_C",-7.00479601843489,1131291
13,2026-08-15 00:24:57,"ntc2_C",-6.9842523541231,1124615
13,2026-08-15 00:24:57,"testSB_C",-6.98247714590826,1126366
14,2026-08-15 00:24:57,"ntc1_C",-6.99602713832331,1125852
14,2026-08-15 00:24:57,"ntc2_C",-6.98225249199663,1127934
14,2026-08-15 00:24:57,"testSB_C",-7.00253824489005,1128724
15,2026-08-15 00:24:57,"ntc1_C",-6.9963372953888,1124986
15,2026-08-15 00:24:57,"ntc2_C",-6.99459840056443,1128783
15,2026-08-15 00:24:57,"testSB_C",-6.99731726166107,1129131
16,2026-08-15 00:24:57,"ntc1_C",-7.0013187093038,1126393
16,2026-08-15 00:24:57,"ntc2_C",-6.99396288761352,1125386
16,2026-08-15 00:24:57,"testSB_C",-6.98940018098898,1125123
17,2026-08-15 00:24:57,"ntc1_C",-6.99383689523268,1125963
17,2026-08-15 00:24:57,"ntc2_C",-6.99220533916144,1125400
17,2026-08-15 00:24:57,"testSB_C",-6.99204242552287,1128826
18,2026-08-15 00:24:57,"ntc1_C",-6.98755455111495,1129075
18,2026-08-15 00:24:57,"ntc2_C",-6.97651847072797,1125731
18,2026-08-15 00:24:57,"testSB_C",-6.9938213271073,1125734
19,2026-08-15 00:24:57,"ntc1_C",-6.98355513485103,1128555
19,2026-08-15 00:24:57,"ntc2_C",-6.97970842113966,1127201
19,2026-08-15 00:24:57,"testSB_C",-6.98355629458052,1128936
20,2026-08-15 00:24:57,"ntc1_C",-6.9905866736492,1126900
20,2026-08-15 00:24:57,"ntc2_C",-6.9774845867106,1128180
20,2026-08-15 00:24:57,"testSB_C",-6.98142845626933,1124889
21,2026-08-15 00:24:57,"ntc1_C",-6.99234925310532,1124904
21,2026-08-15 00:24:57,"ntc2_C",-6.98514747774487,1127279
21,2026-08-15 00:24:57,"testSB_C",-6.99175362887161,1127727
22,2026-08-15 00:24:57,"ntc1_C",-6.99268588872116,1127977
22,2026-08-15 00:24:57,"ntc2_C",-6.96751976322832,1128022
22,2026-08-15 00:24:57,"testSB_C",-6.98965961129358,1125910
23,2026-08-15 00:24:57,"ntc1_C",-6.98280633908371,1129798
23,2026-08-15 00:24:57,"ntc2_C",-6.97499939121747,1126641
23,2026-08-15 00:24:57,"testSB_C",-6.98576166584689,1125145
24,2026-08-15 00:24:57,"ntc1_C",-6.97692690914022,1127273
24,2026-08-15 00:24:57,"ntc2_C",-6.97511430978574,1128896
24,2026-08-15 00:24:57,"testSB_C",-6.98141767331452,1124989
1,2026-08-15 03:24:57,"ntc1_C",-10.7408966385118,1310612
1,2026-08-15 03:24:57,"testSB_C",-10.6685638427408,1309589
2,2026-08-15 03:24:57,"ntc1_C",-10.6382396477914,1307150
2,2026-08-15 03:24:57,"ntc2_C",-10.5894688514429,1304192
2,2026-08-15 03:24:57,"testSB_C",-10.5477898235928,1304681
3,2026-08-15 03:24:57,"ntc1_C",-10.5885922098423,1306609
3,2026-08-15 03:24:57,"ntc2_C",-10.5151413210636,1301461
3,2026-08-15 03:24:57,"testSB_C",-10.4729304512651,1298672
4,2026-08-15 03:24:57,"ntc1_C",-10.4705097672538,1299735
4,2026-08-15 03:24:57,"ntc2_C",-10.4155344227066,1293751
4,2026-08-15 03:24:57,"testSB_C",-10.4048110034729,1293412
5,2026-08-15 03:24:57,"ntc1_C",-10.3562458832817,1291103
5,2026-08-15 03:24:57,"ntc2_C",-10.3258993350166,1291128
5,2026-08-15 03:24:57,"testSB_C",-10.3095053596487,1291302
6,2026-08-15 03:24:57,"ntc1_C",-10.290550524878,1288288
6,2026-08-15 03:24:57,"ntc2_C",-10.2860457800071,1289610
6,2026-08-15 03:24:57,"testSB_C",-10.2602897810141,1288522
7,2026-08-15 03:24:57,"ntc1_C",-10.2131609760807,1284220
7,2026-08-15 03:24:57,"ntc2_C",-10.2060703771854,1286030
7,2026-08-15 03:24:57,"testSB_C",-10.2116374732236,1286287
8,2026-08-15 03:24:57,"ntc1_C",-10.1760398226425,1286990
8,2026-08-15 03:24:57,"ntc2_C",-10.1779844665914,1282008
8,2026-08-15 03:24:57,"testSB_C",-10.1316469010692,1277335
9,2026-08-15 03:24:57,"ntc1_C",-10.1233592163799,1278773
9,2026-08-15 03:24:57,"ntc2_C",-10.1142711311842,1282804
9,2026-08-15 03:24:57,"testSB_C",-10.1245340854298,1281242
10,2026-08-15 03:24:57,"ntc1_C",-10.0832106784518,1279591
10,2026-08-15 03:24:57,"ntc2_C",-10.070852043578,1275757
10,2026-08-15 03:24:57,"testSB_C",-10.0564667056224,1275966
11,2026-08-15 03:24:57,"ntc1_C",-10.0522435914679,1278223
11,2026-08-15 03:24:57,"ntc2_C",-10.0339267702952,1276793
11,2026-08-15 03:24:57,"testSB_C",-10.0200222499369,1274313
12,2026-08-15 03:24:57,"ntc1_C",-10.0013449320539,1274549
12,2026-08-15 03:24:57,"ntc2_C",-9.98542206229712,1273008
12,2026-08-15 03:24:57,"testSB_C",-9.99323059959994,1273244
13,2026-08-15 03:24:57,"ntc1_C",-9.97862655335058,1277062
13,2026-08-15 03:24:57,"ntc2_C",-9.9581528601816,1269588
13,2026-08-15 03:24:57,"testSB_C",-9.92663468218342,1269995
14,2026-08-15 03:24:57,"ntc1_C",-9.91947152026529,1268283
14,2026-08-15 03:24:57,"ntc2_C",-9.90518886593031,1270598
14,2026-08-15 03:24:57,"testSB_C",-9.90431417606618,1270430
15,2026-08-15 03:24:57,"ntc1_C",-9.8828559672682,1265380
15,2026-08-15 03:24:57,"ntc2_C",-9.8902969650353,1270214
15,2026-08-15 03:24:57,"testSB_C",-9.87749831558756,1269797
16,2026-08-15 03:24:57,"ntc1_C",-9.87959445449974,1266627
16,2026-08-15 03:24:57,"ntc2_C",-9.85392518312733,1264581
16,2026-08-15 03:24:57,"testSB_C",-9.83730598121775,1263671
17,2026-08-15 03:24:57,"ntc1_C",-9.83650661917238,1264301
17,2026-08-15 03:24:57,"ntc2_C",-9.82332007437697,1263020
17,2026-08-15 03:24:57,"testSB_C",-9.81231354294874,1266331
18,2026-08-15 03:24:57,"ntc1_C",-9.80823198525223,1266582
18,2026-08-15 03:24:57,"ntc2_C",-9.79895641223459,1262862
18,2026-08-15 03:24:57,"testSB_C",-9.80172164050299,1262291
19,2026-08-15 03:24:57,"ntc1_C",-9.7870815130201,1265180
19,2026-08-15 03:24:57,"ntc2_C",-9.76685699069463,1262835
19,2026-08-15 03:24:57,"testSB_C",-9.76536334362282,1264511
20,2026-08-15 03:24:57,"ntc1_C",-9.76007010933245,1261615
20,2026-08-15 03:24:57,"ntc2_C",-9.7485115903637,1263113
20,2026-08-15 03:24:57,"testSB_C",-9.73571737521621,1258550
21,2026-08-15 03:24:57,"ntc1_C",-9.73743233808074,1257975
21,2026-08-15 03:24:57,"ntc2_C",-9.73259155873404,1260857
21,2026-08-15 03:24:57,"testSB_C",-9.72973498253265,1260892
22,2026-08-15 03:24:57,"ntc1_C",-9.70723511927844,1259951
22,2026-08-15 03:24:57,"ntc2_C",-9.67551733365252,1259591
22,2026-08-15 03:24:57,"testSB_C",-9.69740139587549,1257290
23,2026-08-15 03:24:57,"ntc1_C",-9.68898758155012,1261518
23,2026-08-15 03:24:57,"ntc2_C",-9.65714601723602,1256787
23,2026-08-15 03:24:57,"testSB_C",-9.68455752119831,1255859
24,2026-08-15 03:24:57,"ntc1_C",-9.66738961288405,1257949
24,2026-08-15 03:24:57,"ntc2_C",-9.71583605559096,1262312
24,2026-08-15 03:24:57,"testSB_C",-9.75654786958739,1259688
1,2026-08-15 06:24:57,"ntc1_C",-8.03705748991916,1173695
1,2026-08-15 06:24:57,"testSB_C",-8.0338163804135,1176157
2,2026-08-15 06:24:57,"ntc1_C",-8.00126532158652,1173816
2,2026-08-15 06:24:57,"ntc2_C",-7.99406917082405,1173162
2,2026-08-15 06:24:57,"testSB_C",-7.97489452642151,1174809
3,2026-08-15 06:24:57,"ntc1_C",-7.85553968016694,1168827
3,2026-08-15 06:24:57,"ntc2_C",-7.85755185430139,1167758
3,2026-08-15 06:24:57,"testSB_C",-7.84096391762444,1166537
4,2026-08-15 06:24:57,"ntc1_C",-7.82850646799267,1166967
4,2026-08-15 06:24:57,"ntc2_C",-7.81264680913517,1163478
4,2026-08-15 06:24:57,"testSB_C",-7.83761277758157,1164869
5,2026-08-15 06:24:57,"ntc1_C",-7.83507675795249,1164910
5,2026-08-15 06:24:57,"ntc2_C",-7.81182130529129,1165336
5,2026-08-15 06:24:57,"testSB_C",-7.81769923229353,1166537
6,2026-08-15 06:24:57,"ntc1_C",-7.81917869586306,1164842
6,2026-08-15 06:24:57,"ntc2_C",-7.81013067913506,1165744
6,2026-08-15 06:24:57,"testSB_C",-7.82219022714804,1166599
7,2026-08-15 06:24:57,"ntc1_C",-7.78303386078545,1163029
7,2026-08-15 06:24:57,"ntc2_C",-7.78806143296271,1165248
7,2026-08-15 06:24:57,"testSB_C",-7.80172397775868,1165917
8,2026-08-15 06:24:57,"ntc1_C",-7.78787970335003,1167549
8,2026-08-15 06:24:57,"ntc2_C",-7.78834850643199,1162974
8,2026-08-15 06:24:57,"testSB_C",-7.77082446693356,1160100
9,2026-08-15 06:24:57,"ntc1_C",-7.78325070857596,1162413
9,2026-08-15 06:24:57,"ntc2_C",-7.76925324107316,1165772
9,2026-08-15 06:24:57,"testSB_C",-7.78171109719233,1164474
10,2026-08-15 06:24:57,"ntc1_C",-7.76465523042424,1164189
10,2026-08-15 06:24:57,"ntc2_C",-7.75230942605219,1160672
10,2026-08-15 06:24:57,"testSB_C",-7.76880848098511,1162308
11,2026-08-15 06:24:57,"ntc1_C",-7.76339912164258,1164367
11,2026-08-15 06:24:57,"ntc2_C",-7.75005106600656,1163273
11,2026-08-15 06:24:57,"testSB_C",-7.74357833820665,1161377
12,2026-08-15 06:24:57,"ntc1_C",-7.73178110106034,1161927
12,2026-08-15 06:24:57,"ntc2_C",-7.7357786941069,1161461
12,2026-08-15 06:24:57,"testSB_C",-7.74460698715757,1161695
13,2026-08-15 06:24:57,"ntc1_C",-7.75163571074779,1166224
13,2026-08-15 06:24:57,"ntc2_C",-7.72123022108923,1158888
13,2026-08-15 06:24:57,"testSB_C",-7.71649851800925,1160547
14,2026-08-15 06:24:57,"ntc1_C",-7.71706614106239,1159390
14,2026-08-15 06:24:57,"ntc2_C",-7.71445893952989,1162062
14,2026-08-15 06:24:57,"testSB_C",-7.72766961262181,1162550
15,2026-08-15 06:24:57,"ntc1_C",-7.72260591080072,1158740
15,2026-08-15 06:24:57,"ntc2_C",-7.70218790509853,1161787
15,2026-08-15 06:24:57,"testSB_C",-7.70786655365572,1162285
16,2026-08-15 06:24:57,"ntc1_C",-7.72067952509832,1159884
16,2026-08-15 06:24:57,"ntc2_C",-7.72308209733427,1159315
16,2026-08-15 06:24:57,"testSB_C",-7.70456780152256,1158387
17,2026-08-15 06:24:57,"ntc1_C",-7.70196150167203,1158910
17,2026-08-15 06:24:57,"ntc2_C",-7.69678043348858,1158151
17,2026-08-15 06:24:57,"testSB_C",-7.71006977992249,1162320
18,2026-08-15 06:24:57,"ntc1_C",-7.68910436397869,1161785
18,2026-08-15 06:24:57,"ntc2_C",-7.6809766751312,1158467
18,2026-08-15 06:24:57,"testSB_C",-7.70378382663046,1158770
19,2026-08-15 06:24:57,"ntc1_C",-7.67940217454719,1160995
19,2026-08-15 06:24:57,"ntc2_C",-7.69182704916335,1160375
19,2026-08-15 06:24:57,"testSB_C",-7.68490596230004,1161653
20,2026-08-15 06:24:57,"ntc1_C",-7.67336206557695,1158685
20,2026-08-15 06:24:57,"ntc2_C",-7.66499877666939,1160222
20,2026-08-15 06:24:57,"testSB_C",-7.65273851083487,1156069
21,2026-08-15 06:24:57,"ntc1_C",-7.67291301397739,1156493
21,2026-08-15 06:24:57,"ntc2_C",-7.6627807502295,1158821
21,2026-08-15 06:24:57,"testSB_C",-7.67672967545553,1159633
22,2026-08-15 06:24:57,"ntc1_C",-7.65024302838918,1158591
22,2026-08-15 06:24:57,"ntc2_C",-7.63725789195178,1159195
22,2026-08-15 06:24:57,"testSB_C",-7.66513694930188,1157311
23,2026-08-15 06:24:57,"ntc1_C",-7.65676682300148,1161230
23,2026-08-15 06:24:57,"ntc2_C",-7.63824717403742,1157485
23,2026-08-15 06:24:57,"testSB_C",-7.67737858631978,1157259
24,2026-08-15 06:24:57,"ntc1_C",-7.63699761965773,1157992
24,2026-08-15 06:24:57,"ntc2_C",-7.63623156288702,1159701
24,2026-08-15 06:24:57,"testSB_C",-7.6259002008851,1154899
1,2026-08-15 09:24:57,"ntc1_C",-2.11520108268928,922798
1,2026-08-15 09:24:57,"testSB_C",-2.15559828551062,926480
2,2026-08-15 09:24:57,"ntc1_C",-2.19478495618432,927224
2,2026-08-15 09:24:57,"ntc2_C",-2.14714871634612,925221
2,2026-08-15 09:24:57,"testSB_C",-2.18666956761024,928946
3,2026-08-15 09:24:57,"ntc1_C",-1.77301213183853,913207
3,2026-08-15 09:24:57,"ntc2_C",-1.75433837199989,911513
3,2026-08-15 09:24:57,"testSB_C",-1.69649232344301,909174
4,2026-08-15 09:24:57,"ntc1_C",-1.70758132321265,910289
4,2026-08-15 09:24:57,"ntc2_C",-1.73995638943444,909405
4,2026-08-15 09:24:57,"testSB_C",-1.78490815059308,911225
5,2026-08-15 09:24:57,"ntc1_C",-1.83682757761062,913136
5,2026-08-15 09:24:57,"ntc2_C",-1.83142927548812,914262
5,2026-08-15 09:24:57,"testSB_C",-1.82909660113938,914862
6,2026-08-15 09:24:57,"ntc1_C",-1.84547628079611,914177
6,2026-08-15 09:24:57,"ntc2_C",-1.85156519247414,915305
6,2026-08-15 09:24:57,"testSB_C",-1.87556089786773,916484
7,2026-08-15 09:24:57,"ntc1_C",-1.73244153173727,909776
7,2026-08-15 09:24:57,"ntc2_C",-1.84218318331506,915377
7,2026-08-15 09:24:57,"testSB_C",-1.85187695617668,915854
8,2026-08-15 09:24:57,"ntc1_C",-1.88456439092158,918774
8,2026-08-15 09:24:57,"ntc2_C",-1.81890486039953,912792
8,2026-08-15 09:24:57,"testSB_C",-1.86711137479415,912967
9,2026-08-15 09:24:57,"ntc1_C",-1.83351445277447,913131
9,2026-08-15 09:24:57,"ntc2_C",-1.85191958605662,916812
9,2026-08-15 09:24:57,"testSB_C",-1.84104402035121,914970
10,2026-08-15 09:24:57,"ntc1_C",-1.86523703959961,916383
10,2026-08-15 09:24:57,"ntc2_C",-1.90147985259773,915370
10,2026-08-15 09:24:57,"testSB_C",-1.94087742806477,917460
11,2026-08-15 09:24:57,"ntc1_C",-1.93764478402176,919283
11,2026-08-15 09:24:57,"ntc2_C",-1.89288619274112,917208
11,2026-08-15 09:24:57,"testSB_C",-1.86937507292623,915118
12,2026-08-15 09:24:57,"ntc1_C",-1.88112924326873,916418
12,2026-08-15 09:24:57,"ntc2_C",-1.90981294038062,916955
12,2026-08-15 09:24:57,"testSB_C",-1.94074145199147,917906
13,2026-08-15 09:24:57,"ntc1_C",-1.93870847384193,921140
13,2026-08-15 09:24:57,"ntc2_C",-1.89080550725362,914649
13,2026-08-15 09:24:57,"testSB_C",-1.90829494034153,916807
14,2026-08-15 09:24:57,"ntc1_C",-1.87995159856791,914923
14,2026-08-15 09:24:57,"ntc2_C",-1.92397761453327,918753
14,2026-08-15 09:24:57,"testSB_C",-1.92309525783122,918561
15,2026-08-15 09:24:57,"ntc1_C",-1.94237790794483,916547
15,2026-08-15 09:24:57,"ntc2_C",-1.84205244912954,915869
15,2026-08-15 09:24:57,"testSB_C",-1.8630999100734,916822
16,2026-08-15 09:24:57,"ntc1_C",-1.88694513980403,915335
16,2026-08-15 09:24:57,"ntc2_C",-1.95390562420619,917233
16,2026-08-15 09:24:57,"testSB_C",-1.89376272025157,914952
17,2026-08-15 09:24:57,"ntc1_C",-1.85299698989149,914002
17,2026-08-15 09:24:57,"ntc2_C",-1.89885100469809,915365
17,2026-08-15 09:24:57,"testSB_C",-1.95978305591456,920377
18,2026-08-15 09:24:57,"ntc1_C",-1.90579879483062,918806
18,2026-08-15 09:24:57,"ntc2_C",-1.94833124894757,918160
18,2026-08-15 09:24:57,"testSB_C",-1.94503716721982,917175
19,2026-08-15 09:24:57,"ntc1_C",-1.96605576616105,920692
19,2026-08-15 09:24:57,"ntc2_C",-2.00836596193398,921283
19,2026-08-15 09:24:57,"testSB_C",-1.96097145057888,920785
20,2026-08-15 09:24:57,"ntc1_C",-1.85896194060479,915057
20,2026-08-15 09:24:57,"ntc2_C",-1.93131584745947,919281
20,2026-08-15 09:24:57,"testSB_C",-1.82909396120539,912721
21,2026-08-15 09:24:57,"ntc1_C",-1.8993899388621,915088
21,2026-08-15 09:24:57,"ntc2_C",-1.93435456341882,918425
21,2026-08-15 09:24:57,"testSB_C",-1.95760638732077,919386
22,2026-08-15 09:24:57,"ntc1_C",-1.88769435408358,916999
22,2026-08-15 09:24:57,"ntc2_C",-1.95487484955885,920576
22,2026-08-15 09:24:57,"testSB_C",-1.95478639917934,917937
23,2026-08-15 09:24:57,"ntc1_C",-1.98183893334078,922366
23,2026-08-15 09:24:57,"ntc2_C",-1.99421577923232,920528
23,2026-08-15 09:24:57,"testSB_C",-2.06142477674524,921549
24,2026-08-15 09:24:57,"ntc1_C",-1.97425143025845,920171
24,2026-08-15 09:24:57,"ntc2_C",-1.99145023072771,922252
24,2026-08-15 09:24:57,"testSB_C",-1.86158742021024,914067
1,2026-08-15 12:24:57,"ntc1_C",-0.912184288246692,879062
1,2026-08-15 12:24:57,"testSB_C",-0.927869533987973,881709
2,2026-08-15 12:24:57,"ntc1_C",-1.07570472969633,886261
2,2026-08-15 12:24:57,"ntc2_C",-0.88744309835613,879356
2,2026-08-15 12:24:57,"testSB_C",-1.02306594107728,886361
3,2026-08-15 12:24:57,"ntc1_C",-0.344390522022366,862104
3,2026-08-15 12:24:57,"ntc2_C",-0.174710121244345,855270
3,2026-08-15 12:24:57,"testSB_C",-0.112489900041282,852965
4,2026-08-15 12:24:57,"ntc1_C",-0.128587954403088,854160
4,2026-08-15 12:24:57,"ntc2_C",-0.145754383761982,852823
4,2026-08-15 12:24:57,"testSB_C",-0.238118725505046,856158
5,2026-08-15 12:24:57,"ntc1_C",-0.273301214692196,857338
5,2026-08-15 12:24:57,"ntc2_C",-0.292092742573914,859264
5,2026-08-15 12:24:57,"testSB_C",-0.285668482197252,859676
6,2026-08-15 12:24:57,"ntc1_C",-0.358875437761355,861017
6,2026-08-15 12:24:57,"ntc2_C",-0.404281948297239,863413
6,2026-08-15 12:24:57,"testSB_C",-0.438137873844539,864879
7,2026-08-15 12:24:57,"ntc1_C",-0.131291530444116,852909
7,2026-08-15 12:24:57,"ntc2_C",-0.419140600383741,864323
7,2026-08-15 12:24:57,"testSB_C",-0.407118495709597,864040
8,2026-08-15 12:24:57,"ntc1_C",-0.456552254462395,867355
8,2026-08-15 12:24:57,"ntc2_C",-0.39276061491654,861799
8,2026-08-15 12:24:57,"testSB_C",-0.547395315075278,865661
9,2026-08-15 12:24:57,"ntc1_C",-0.432871060604214,863014
9,2026-08-15 12:24:57,"ntc2_C",-0.465048871693114,866933
9,2026-08-15 12:24:57,"testSB_C",-0.534840592128319,868019
10,2026-08-15 12:24:57,"ntc1_C",-0.385895380503314,863338
10,2026-08-15 12:24:57,"ntc2_C",-0.513635384743964,865555
10,2026-08-15 12:24:57,"testSB_C",-0.521080772314406,866399
11,2026-08-15 12:24:57,"ntc1_C",-0.532946517580115,868675
11,2026-08-15 12:24:57,"ntc2_C",-0.55229334686976,868948
11,2026-08-15 12:24:57,"testSB_C",-0.423602594919885,863317
12,2026-08-15 12:24:57,"ntc1_C",-0.518506863932714,867433
12,2026-08-15 12:24:57,"ntc2_C",-0.423238161737515,863617
12,2026-08-15 12:24:57,"testSB_C",-0.66103382894363,871731
13,2026-08-15 12:24:57,"ntc1_C",-0.56537137029585,871500
13,2026-08-15 12:24:57,"ntc2_C",-0.462406183153746,863439
13,2026-08-15 12:24:57,"testSB_C",-0.512956649154546,866630
14,2026-08-15 12:24:57,"ntc1_C",-0.484781373364342,864882
14,2026-08-15 12:24:57,"ntc2_C",-0.632432021290242,872126
14,2026-08-15 12:24:57,"testSB_C",-0.605409630377324,871017
15,2026-08-15 12:24:57,"ntc1_C",-0.654897678941722,870185
15,2026-08-15 12:24:57,"ntc2_C",-0.475350205903737,866752
15,2026-08-15 12:24:57,"testSB_C",-0.562021047897815,869944
16,2026-08-15 12:24:57,"ntc1_C",-0.597300931656889,868934
16,2026-08-15 12:24:57,"ntc2_C",-0.696378249142242,871850
16,2026-08-15 12:24:57,"testSB_C",-0.700216477547826,871930
17,2026-08-15 12:24:57,"ntc1_C",-0.618937129650305,869612
17,2026-08-15 12:24:57,"ntc2_C",-0.689608815937675,871790
17,2026-08-15 12:24:57,"testSB_C",-0.76788219943711,877160
18,2026-08-15 12:24:57,"ntc1_C",-0.717683675567116,875815
18,2026-08-15 12:24:57,"ntc2_C",-0.78793314576734,876195
18,2026-08-15 12:24:57,"testSB_C",-0.74377426624028,873768
19,2026-08-15 12:24:57,"ntc1_C",-0.752152297424459,876680
19,2026-08-15 12:24:57,"ntc2_C",-0.874298128806572,880062
19,2026-08-15 12:24:57,"testSB_C",-0.785925455558527,878138
20,2026-08-15 12:24:57,"ntc1_C",-0.585921462394083,869238
20,2026-08-15 12:24:57,"ntc2_C",-0.764195639406807,876982
20,2026-08-15 12:24:57,"testSB_C",-0.565133651528868,867356
21,2026-08-15 12:24:57,"ntc1_C",-0.550992142356506,866688
21,2026-08-15 12:24:57,"ntc2_C",-0.682262824446696,873183
21,2026-08-15 12:24:57,"testSB_C",-0.721073024704083,874640
22,2026-08-15 12:24:57,"ntc1_C",-0.561268187477481,869235
22,2026-08-15 12:24:57,"ntc2_C",-0.689852014862538,874808
22,2026-08-15 12:24:57,"testSB_C",-0.635384466041785,870373
23,2026-08-15 12:24:57,"ntc1_C",-0.611024332082593,872748
23,2026-08-15 12:24:57,"ntc2_C",-0.6685748553802,872596
23,2026-08-15 12:24:57,"testSB_C",-0.71447879176668,872849
24,2026-08-15 12:24:57,"ntc1_C",-0.62117813450152,871277
24,2026-08-15 12:24:57,"ntc2_C",-0.644127662653034,873461
24,2026-08-15 12:24:57,"testSB_C",-0.459925416061367,863846
1,2026-08-15 15:24:57,"ntc1_C",0.497614165887398,830576
1,2026-08-15 15:24:57,"testSB_C",0.399330524754305,835867
2,2026-08-15 15:24:57,"ntc1_C",0.330083029408513,837487
2,2026-08-15 15:24:57,"ntc2_C",1.14083564082586,810477
2,2026-08-15 15:24:57,"testSB_C",0.974539339917783,817983
3,2026-08-15 15:24:57,"ntc1_C",1.33045942348383,806011
3,2026-08-15 15:24:57,"ntc2_C",1.60509540332288,796262
3,2026-08-15 15:24:57,"testSB_C",2.07410572135296,781334
4,2026-08-15 15:24:57,"ntc1_C",2.51254700440802,768301
4,2026-08-15 15:24:57,"ntc2_C",1.60652622457729,794897
4,2026-08-15 15:24:57,"testSB_C",2.15286714020641,777851
5,2026-08-15 15:24:57,"ntc1_C",1.92542930639621,784890
5,2026-08-15 15:24:57,"ntc2_C",1.57202000789425,797304
5,2026-08-15 15:24:57,"testSB_C",1.9522086158961,785824
6,2026-08-15 15:24:57,"ntc1_C",1.86172027172444,787607
6,2026-08-15 15:24:57,"ntc2_C",2.03851091442698,782755
6,2026-08-15 15:24:57,"testSB_C",2.03078690645003,783275
7,2026-08-15 15:24:57,"ntc1_C",1.96034567916666,784222
7,2026-08-15 15:24:57,"ntc2_C",1.1759470338036,810650
7,2026-08-15 15:24:57,"testSB_C",1.78110463227443,791378
8,2026-08-15 15:24:57,"ntc1_C",1.82002418080242,791572
8,2026-08-15 15:24:57,"ntc2_C",1.85585407172312,787426
8,2026-08-15 15:24:57,"testSB_C",1.34435752738892,802317
9,2026-08-15 15:24:57,"ntc1_C",1.80248549749842,788964
9,2026-08-15 15:24:57,"ntc2_C",1.61022717589924,797582
9,2026-08-15 15:24:57,"testSB_C",1.73649917437365,792339
10,2026-08-15 15:24:57,"ntc1_C",2.18530709425232,778719
10,2026-08-15 15:24:57,"ntc2_C",2.06757361009448,780373
10,2026-08-15 15:24:57,"testSB_C",1.72191410110077,791757
11,2026-08-15 15:24:57,"ntc1_C",2.10853572931069,781315
11,2026-08-15 15:24:57,"ntc2_C",1.56200264892186,798209
11,2026-08-15 15:24:57,"testSB_C",1.7549716671877,791033
12,2026-08-15 15:24:57,"ntc1_C",2.433701703027,770550
12,2026-08-15 15:24:57,"ntc2_C",1.63988705263944,794958
12,2026-08-15 15:24:57,"testSB_C",1.65955563324707,794143
13,2026-08-15 15:24:57,"ntc1_C",2.06043619287937,784281
13,2026-08-15 15:24:57,"ntc2_C",1.57702697589815,795505
13,2026-08-15 15:24:57,"testSB_C",1.76318034372201,790900
14,2026-08-15 15:24:57,"ntc1_C",1.81602783639534,788567
14,2026-08-15 15:24:57,"ntc2_C",1.31065581543129,806621
14,2026-08-15 15:24:57,"testSB_C",1.67804665679239,794673
15,2026-08-15 15:24:57,"ntc1_C",1.51233307066059,797645
15,2026-08-15 15:24:57,"ntc2_C",1.7854052973932,791512
15,2026-08-15 15:24:57,"testSB_C",1.40437242971404,803833
16,2026-08-15 15:24:57,"ntc1_C",1.64662733249344,794017
16,2026-08-15 15:24:57,"ntc2_C",2.2408381546436,774838
16,2026-08-15 15:24:57,"testSB_C",2.14954313453507,777620
17,2026-08-15 15:24:57,"ntc1_C",1.9970490891767,782865
17,2026-08-15 15:24:57,"ntc2_C",1.96363561182943,783668
17,2026-08-15 15:24:57,"testSB_C",1.75705561027729,792521
18,2026-08-15 15:24:57,"ntc1_C",1.6207202203239,797277
18,2026-08-15 15:24:57,"ntc2_C",1.76181116871106,790931
18,2026-08-15 15:24:57,"testSB_C",1.73387368742419,790940
19,2026-08-15 15:24:57,"ntc1_C",1.92544818583673,787259
19,2026-08-15 15:24:57,"ntc2_C",1.3511618761238,804718
19,2026-08-15 15:24:57,"testSB_C",1.54304196311637,799648
20,2026-08-15 15:24:57,"ntc1_C",1.93849596589035,785390
20,2026-08-15 15:24:57,"ntc2_C",1.81036839922126,790766
20,2026-08-15 15:24:57,"testSB_C",3.12020850803736,748184
21,2026-08-15 15:24:57,"ntc1_C",3.24101510934594,744536
21,2026-08-15 15:24:57,"ntc2_C",1.44271967036292,801697
21,2026-08-15 15:24:57,"testSB_C",1.83246274334078,789352
22,2026-08-15 15:24:57,"ntc1_C",1.99006151972179,784601
22,2026-08-15 15:24:57,"ntc2_C",1.70330365449161,794675
22,2026-08-15 15:24:57,"testSB_C",1.65694025314326,793823
23,2026-08-15 15:24:57,"ntc1_C",1.60320326163401,798457
23,2026-08-15 15:24:57,"ntc2_C",1.89603107150651,787190
23,2026-08-15 15:24:57,"testSB_C",1.67658664026976,792974
24,2026-08-15 15:24:57,"ntc1_C",1.71571369266059,793175
24,2026-08-15 15:24:57,"ntc2_C",1.63440947423754,797042
24,2026-08-15 15:24:57,"testSB_C",2.01648558091318,782108
1,2026-08-15 18:24:57,"ntc1_C",-0.397042568779227,861007
1,2026-08-15 18:24:57,"testSB_C",-0.448784023262135,864862
2,2026-08-15 18:24:57,"ntc1_C",-0.481217137177453,865279
2,2026-08-15 18:24:57,"ntc2_C",0.524872207213434,830770
2,2026-08-15 18:24:57,"testSB_C",0.134064808600385,846047
3,2026-08-15 18:24:57,"ntc1_C",-0.0682612530346773,852579
3,2026-08-15 18:24:57,"ntc2_C",0.352971537841142,837307
3,2026-08-15 18:24:57,"testSB_C",1.10010767042968,812420
4,2026-08-15 18:24:57,"ntc1_C",0.263384648324177,840800
4,2026-08-15 18:24:57,"ntc2_C",0.252650723537045,839271
4,2026-08-15 18:24:57,"testSB_C",1.2138587922019,807658
5,2026-08-15 18:24:57,"ntc1_C",0.96914922414669,815568
5,2026-08-15 18:24:57,"ntc2_C",0.382034443079021,836288
5,2026-08-15 18:24:57,"testSB_C",0.969349161979949,817395
6,2026-08-15 18:24:57,"ntc1_C",0.90780318721977,818295
6,2026-08-15 18:24:57,"ntc2_C",0.290729673807277,839605
6,2026-08-15 18:24:57,"testSB_C",1.07692416647859,813791
7,2026-08-15 18:24:57,"ntc1_C",1.130366692839,810748
7,2026-08-15 18:24:57,"ntc2_C",-0.0704521450285824,852277
7,2026-08-15 18:24:57,"testSB_C",0.890001419613441,820154
8,2026-08-15 18:24:57,"ntc1_C",0.983031207351871,818584
8,2026-08-15 18:24:57,"ntc2_C",1.14922481745737,810035
8,2026-08-15 18:24:57,"testSB_C",0.249783954533143,838345
9,2026-08-15 18:24:57,"ntc1_C",1.16655359031552,809318
9,2026-08-15 18:24:57,"ntc2_C",0.664500230378508,828427
9,2026-08-15 18:24:57,"testSB_C",1.03830891120566,814828
10,2026-08-15 18:24:57,"ntc1_C",1.03233435584485,815521
10,2026-08-15 18:24:57,"ntc2_C",0.247853559545945,839445
10,2026-08-15 18:24:57,"testSB_C",0.712835140533855,824457
11,2026-08-15 18:24:57,"ntc1_C",2.61017062971712,765806
11,2026-08-15 18:24:57,"ntc2_C",0.580568122474858,830255
11,2026-08-15 18:24:57,"testSB_C",1.00420537071631,815190
12,2026-08-15 18:24:57,"ntc1_C",-0.0172117382564352,850113
12,2026-08-15 18:24:57,"ntc2_C",0.671521161329053,826435
12,2026-08-15 18:24:57,"testSB_C",0.637296630250034,827380
13,2026-08-15 18:24:57,"ntc1_C",1.91466185433688,788872
13,2026-08-15 18:24:57,"ntc2_C",0.599766732820342,827323
13,2026-08-15 18:24:57,"testSB_C",0.984934366024788,815973
14,2026-08-15 18:24:57,"ntc1_C",2.68142314649839,761741
14,2026-08-15 18:24:57,"ntc2_C",2.1431549589737,780170
14,2026-08-15 18:24:57,"testSB_C",0.982362763213018,817152
15,2026-08-15 18:24:57,"ntc1_C",0.872785563326261,818361
15,2026-08-15 18:24:57,"ntc2_C",0.613728609041573,829603
15,2026-08-15 18:24:57,"testSB_C",0.358861905208755,838295
16,2026-08-15 18:24:57,"ntc1_C",1.01135888586299,814506
16,2026-08-15 18:24:57,"ntc2_C",0.931548821957392,816588
16,2026-08-15 18:24:57,"testSB_C",0.975494996210159,815094
17,2026-08-15 18:24:57,"ntc1_C",1.0899651532734,811858
17,2026-08-15 18:24:57,"ntc2_C",0.934819714433957,816664
17,2026-08-15 18:24:57,"testSB_C",1.14821483850255,812107
18,2026-08-15 18:24:57,"ntc1_C",0.927369036549862,819756
18,2026-08-15 18:24:57,"ntc2_C",0.236134522442853,840837
18,2026-08-15 18:24:57,"testSB_C",0.848687533344901,819535
19,2026-08-15 18:24:57,"ntc1_C",0.897994402546658,820374
19,2026-08-15 18:24:57,"ntc2_C",0.405393178635848,835869
19,2026-08-15 18:24:57,"testSB_C",0.701464242523002,827118
20,2026-08-15 18:24:57,"ntc1_C",1.04551305088074,814027
20,2026-08-15 18:24:57,"ntc2_C",0.13160223255386,845908
20,2026-08-15 18:24:57,"testSB_C",1.08258806154072,811759
21,2026-08-15 18:24:57,"ntc1_C",2.69491004542817,760937
21,2026-08-15 18:24:57,"ntc2_C",0.104097496136717,845974
21,2026-08-15 18:24:57,"testSB_C",0.987674239996238,816549
22,2026-08-15 18:24:57,"ntc1_C",2.25747140549231,776251
22,2026-08-15 18:24:57,"ntc2_C",0.224353174823477,843230
22,2026-08-15 18:24:57,"testSB_C",1.88639432365454,786564
23,2026-08-15 18:24:57,"ntc1_C",1.76033345872639,793446
23,2026-08-15 18:24:57,"ntc2_C",2.07767594634407,781487
23,2026-08-15 18:24:57,"testSB_C",0.491004802307884,831564
24,2026-08-15 18:24:57,"ntc1_C",1.56657194006061,797931
24,2026-08-15 18:24:57,"ntc2_C",0.157112108855983,845741
24,2026-08-15 18:24:57,"testSB_C",1.0021317651474,814551
1,2026-08-15 21:24:57,"ntc1_C",-5.23270759795213,1047076
1,2026-08-15 21:24:57,"testSB_C",-5.27566567307292,1051305
2,2026-08-15 21:24:57,"ntc1_C",-5.23155088733444,1048673
2,2026-08-15 21:24:57,"ntc2_C",-5.24396779621509,1048938
2,2026-08-15 21:24:57,"testSB_C",-5.2147883148171,1050106
3,2026-08-15 21:24:57,"ntc1_C",-4.92427651545756,1037475
3,2026-08-15 21:24:57,"ntc2_C",-4.9392251289562,1037018
3,2026-08-15 21:24:57,"testSB_C",-4.93106288315647,1036355
4,2026-08-15 21:24:57,"ntc1_C",-4.91793988478975,1036663
4,2026-08-15 21:24:57,"ntc2_C",-4.9118129698972,1034006
4,2026-08-15 21:24:57,"testSB_C",-4.9397395680756,1035366
5,2026-08-15 21:24:57,"ntc1_C",-4.94364801293011,1035605
5,2026-08-15 21:24:57,"ntc2_C",-4.91267459345187,1035730
5,2026-08-15 21:24:57,"testSB_C",-4.92214283911721,1036929
6,2026-08-15 21:24:57,"ntc1_C",-4.93397396598124,1035912
6,2026-08-15 21:24:57,"ntc2_C",-4.90771777497548,1035912
6,2026-08-15 21:24:57,"testSB_C",-4.92985347629298,1037135
7,2026-08-15 21:24:57,"ntc1_C",-4.88883635099353,1033836
7,2026-08-15 21:24:57,"ntc2_C",-4.85592752200591,1034216
7,2026-08-15 21:24:57,"testSB_C",-4.89500811030916,1035933
8,2026-08-15 21:24:57,"ntc1_C",-4.89938328857096,1038103
8,2026-08-15 21:24:57,"ntc2_C",-4.89402637679137,1033817
8,2026-08-15 21:24:57,"testSB_C",-4.8530719313809,1030287
9,2026-08-15 21:24:57,"ntc1_C",-4.89022510541281,1033402
9,2026-08-15 21:24:57,"ntc2_C",-4.85368145497199,1035356
9,2026-08-15 21:24:57,"testSB_C",-4.87975826637302,1034797
10,2026-08-15 21:24:57,"ntc1_C",-4.87062606895347,1034942
10,2026-08-15 21:24:57,"ntc2_C",-4.83519957817407,1030824
10,2026-08-15 21:24:57,"testSB_C",-4.88961134618586,1033843
11,2026-08-15 21:24:57,"ntc1_C",-5.03691374617904,1042179
11,2026-08-15 21:24:57,"ntc2_C",-4.84420261975777,1033620
11,2026-08-15 21:24:57,"testSB_C",-4.85337891189636,1032608
12,2026-08-15 21:24:57,"ntc1_C",-4.81600977771006,1032028
12,2026-08-15 21:24:57,"ntc2_C",-4.8276493941915,1031929
12,2026-08-15 21:24:57,"testSB_C",-4.85898339885085,1033049
13,2026-08-15 21:24:57,"ntc1_C",-5.05663616634143,1045139
13,2026-08-15 21:24:57,"ntc2_C",-4.82298902925925,1029995
13,2026-08-15 21:24:57,"testSB_C",-4.8369686895515,1032271
14,2026-08-15 21:24:57,"ntc1_C",-4.83397815913179,1031146
14,2026-08-15 21:24:57,"ntc2_C",-4.80967316710627,1032611
14,2026-08-15 21:24:57,"testSB_C",-4.83375426411669,1033469
15,2026-08-15 21:24:57,"ntc1_C",-4.8268457637833,1030056
15,2026-08-15 21:24:57,"ntc2_C",-4.79785575929918,1032334
15,2026-08-15 21:24:57,"testSB_C",-4.8073042409959,1032933
16,2026-08-15 21:24:57,"ntc1_C",-4.83666307752992,1031489
16,2026-08-15 21:24:57,"ntc2_C",-4.81629491583436,1030005
16,2026-08-15 21:24:57,"testSB_C",-4.80868116039369,1029632
17,2026-08-15 21:24:57,"ntc1_C",-4.8099501916326,1030290
17,2026-08-15 21:24:57,"ntc2_C",-4.80333198772234,1029599
17,2026-08-15 21:24:57,"testSB_C",-4.84314377999533,1034391
18,2026-08-15 21:24:57,"ntc1_C",-4.82393249812009,1034032
18,2026-08-15 21:24:57,"ntc2_C",-4.80150758578793,1030535
18,2026-08-15 21:24:57,"testSB_C",-4.81574403716968,1030300
19,2026-08-15 21:24:57,"ntc1_C",-4.82113054226073,1033567
19,2026-08-15 21:24:57,"ntc2_C",-4.79817877105745,1031516
19,2026-08-15 21:24:57,"testSB_C",-4.80113710290408,1033062
20,2026-08-15 21:24:57,"ntc1_C",-4.80540847201513,1031071
20,2026-08-15 21:24:57,"ntc2_C",-4.77227279417713,1031411
20,2026-08-15 21:24:57,"testSB_C",-4.77870314838879,1028524
21,2026-08-15 21:24:57,"ntc1_C",-4.96868221961932,1036116
21,2026-08-15 21:24:57,"ntc2_C",-4.77721976579238,1030497
21,2026-08-15 21:24:57,"testSB_C",-4.82578508105564,1032652
22,2026-08-15 21:24:57,"ntc1_C",-5.05254966863441,1042410
22,2026-08-15 21:24:57,"ntc2_C",-4.77628868871614,1031931
22,2026-08-15 21:24:57,"testSB_C",-5.0192227458831,1039227
23,2026-08-15 21:24:57,"ntc1_C",-4.81694877373212,1034583
23,2026-08-15 21:24:57,"ntc2_C",-5.03781325616654,1041305
23,2026-08-15 21:24:57,"testSB_C",-4.82450589147982,1030575
24,2026-08-15 21:24:57,"ntc1_C",-5.03585366989904,1041702
24,2026-08-15 21:24:57,"ntc2_C",-4.78955253381287,1032918
24,2026-08-15 21:24:57,"testSB_C",-4.78448220693593,1028888
1,2026-08-16 00:24:57,"ntc1_C",-7.44093832561396,1145522
1,2026-08-16 00:24:57,"testSB_C",-7.45261713704593,1148637
2,2026-08-16 00:24:57,"ntc1_C",-7.41816775613609,1146252
2,2026-08-16 00:24:57,"ntc2_C",-7.39975385869786,1145093
2,2026-08-16 00:24:57,"testSB_C",-7.45846855268394,1150370
3,2026-08-16 00:24:57,"ntc1_C",-7.3038284157048,1142859
3,2026-08-16 00:24:57,"ntc2_C",-7.2985753019957,1141465
3,2026-08-16 00:24:57,"testSB_C",-7.30196891758612,1141213
4,2026-08-16 00:24:57,"ntc1_C",-7.28845137202512,1141575
4,2026-08-16 00:24:57,"ntc2_C",-7.28734079592584,1138852
4,2026-08-16 00:24:57,"testSB_C",-7.30106970389056,1139692
5,2026-08-16 00:24:57,"ntc1_C",-7.2953177573421,1139569
5,2026-08-16 00:24:57,"ntc2_C",-7.28190705457689,1140457
5,2026-08-16 00:24:57,"testSB_C",-7.28273537079878,1141394
6,2026-08-16 00:24:57,"ntc1_C",-7.29361057570759,1140183
6,2026-08-16 00:24:57,"ntc2_C",-7.28445415533298,1141045
6,2026-08-16 00:24:57,"testSB_C",-7.29836376597797,1141976
7,2026-08-16 00:24:57,"ntc1_C",-7.27125645240955,1139030
7,2026-08-16 00:24:57,"ntc2_C",-7.26004174887066,1140449
7,2026-08-16 00:24:57,"testSB_C",-7.27846712453481,1141336
8,2026-08-16 00:24:57,"ntc1_C",-7.27249857984862,1143291
8,2026-08-16 00:24:57,"ntc2_C",-7.26752624513676,1138563
8,2026-08-16 00:24:57,"testSB_C",-7.25981478257194,1136204
9,2026-08-16 00:24:57,"ntc1_C",-7.26094783913857,1137951
9,2026-08-16 00:24:57,"ntc2_C",-7.25380870869265,1141542
9,2026-08-16 00:24:57,"testSB_C",-7.26426455059749,1140182
10,2026-08-16 00:24:57,"ntc1_C",-7.26081847158287,1140548
10,2026-08-16 00:24:57,"ntc2_C",-7.24404571535098,1136892
10,2026-08-16 00:24:57,"testSB_C",-7.2554278129744,1138253
11,2026-08-16 00:24:57,"ntc1_C",-7.34657833849514,1144773
11,2026-08-16 00:24:57,"ntc2_C",-7.22290614767519,1138567
11,2026-08-16 00:24:57,"testSB_C",-7.23390359237851,1137523
12,2026-08-16 00:24:57,"ntc1_C",-7.21787729553563,1137867
12,2026-08-16 00:24:57,"ntc2_C",-7.22408532865899,1137512
12,2026-08-16 00:24:57,"testSB_C",-7.23179433081845,1137683
13,2026-08-16 00:24:57,"ntc1_C",-7.34230207912566,1146943
13,2026-08-16 00:24:57,"ntc2_C",-7.20377939664439,1134714
13,2026-08-16 00:24:57,"testSB_C",-7.2098650059711,1136843
14,2026-08-16 00:24:57,"ntc1_C",-7.20758715403832,1135588
14,2026-08-16 00:24:57,"ntc2_C",-7.2002699806871,1137987
14,2026-08-16 00:24:57,"testSB_C",-7.20781171395504,1138196
15,2026-08-16 00:24:57,"ntc1_C",-7.18928784952669,1133854
15,2026-08-16 00:24:57,"ntc2_C",-7.18667891237266,1137646
15,2026-08-16 00:24:57,"testSB_C",-7.18115996252959,1137615
16,2026-08-16 00:24:57,"ntc1_C",-7.17752937495061,1134504
16,2026-08-16 00:24:57,"ntc2_C",-7.17356520166015,1133648
16,2026-08-16 00:24:57,"testSB_C",-7.1622325793245,1133071
17,2026-08-16 00:24:57,"ntc1_C",-7.16857933874473,1134003
17,2026-08-16 00:24:57,"ntc2_C",-7.15586842846704,1132922
17,2026-08-16 00:24:57,"testSB_C",-7.15617215968388,1136394
18,2026-08-16 00:24:57,"ntc1_C",-7.15382236909204,1136741
18,2026-08-16 00:24:57,"ntc2_C",-7.13827597011738,1133163
18,2026-08-16 00:24:57,"testSB_C",-7.1522854467363,1133023
19,2026-08-16 00:24:57,"ntc1_C",-7.14176203713532,1135848
19,2026-08-16 00:24:57,"ntc2_C",-7.13994757483249,1134580
19,2026-08-16 00:24:57,"testSB_C",-7.13630154158159,1135980
20,2026-08-16 00:24:57,"ntc1_C",-7.14163798293873,1133854
20,2026-08-16 00:24:57,"ntc2_C",-7.13354862719939,1135373
20,2026-08-16 00:24:57,"testSB_C",-7.13862384842042,1132112
21,2026-08-16 00:24:57,"ntc1_C",-7.2414217688733,1136361
21,2026-08-16 00:24:57,"ntc2_C",-7.13652416500128,1134248
21,2026-08-16 00:24:57,"testSB_C",-7.15375897606083,1135191
22,2026-08-16 00:24:57,"ntc1_C",-7.23215925205449,1139029
22,2026-08-16 00:24:57,"ntc2_C",-7.12472464200988,1135261
22,2026-08-16 00:24:57,"testSB_C",-7.25013734224052,1137914
23,2026-08-16 00:24:57,"ntc1_C",-7.14429150300549,1137249
23,2026-08-16 00:24:57,"ntc2_C",-7.10321106748347,1132537
23,2026-08-16 00:24:57,"testSB_C",-7.14564958388775,1132487
24,2026-08-16 00:24:57,"ntc1_C",-7.2098177073517,1138015
24,2026-08-16 00:24:57,"ntc2_C",-7.12310437105822,1135718
24,2026-08-16 00:24:57,"testSB_C",-7.13582944917249,1132082
1,2026-08-16 03:24:57,"ntc1_C",-6.8983134852254,1120480
1,2026-08-16 03:24:57,"testSB_C",-6.89948638768965,1123059
2,2026-08-16 03:24:57,"ntc1_C",-6.85994214582149,1120485
2,2026-08-16 03:24:57,"ntc2_C",-6.87779040961033,1121009
2,2026-08-16 03:24:57,"testSB_C",-6.8933314226519,1124222
3,2026-08-16 03:24:57,"ntc1_C",-6.76047439608493,1117862
3,2026-08-16 03:24:57,"ntc2_C",-6.7590680972379,1116663
3,2026-08-16 03:24:57,"testSB_C",-6.75501876778446,1116091
4,2026-08-16 03:24:57,"ntc1_C",-6.74278317648634,1116494
4,2026-08-16 03:24:57,"ntc2_C",-6.74290782663502,1113893
4,2026-08-16 03:24:57,"testSB_C",-6.75137085497045,1114476
5,2026-08-16 03:24:57,"ntc1_C",-6.74804558542746,1114452
5,2026-08-16 03:24:57,"ntc2_C",-6.73632214520023,1115411
5,2026-08-16 03:24:57,"testSB_C",-6.73121180209392,1116054
6,2026-08-16 03:24:57,"ntc1_C",-6.74338660458568,1114940
6,2026-08-16 03:24:57,"ntc2_C",-6.7314607909131,1115641
6,2026-08-16 03:24:57,"testSB_C",-6.74124455771164,1116372
7,2026-08-16 03:24:57,"ntc1_C",-6.71097145358181,1113338
7,2026-08-16 03:24:57,"ntc2_C",-6.70487115242992,1114958
7,2026-08-16 03:24:57,"testSB_C",-6.70758007113852,1115123
8,2026-08-16 03:24:57,"ntc1_C",-6.71091618558324,1117446
8,2026-08-16 03:24:57,"ntc2_C",-6.70713631930903,1112884
8,2026-08-16 03:24:57,"testSB_C",-6.69185881890331,1110237
9,2026-08-16 03:24:57,"ntc1_C",-6.69932127952245,1112236
9,2026-08-16 03:24:57,"ntc2_C",-6.69100644161568,1115675
9,2026-08-16 03:24:57,"testSB_C",-6.69766443802803,1114178
10,2026-08-16 03:24:57,"ntc1_C",-6.69238065273572,1114466
10,2026-08-16 03:24:57,"ntc2_C",-6.68027461231952,1111099
10,2026-08-16 03:24:57,"testSB_C",-6.69113798277931,1112401
11,2026-08-16 03:24:57,"ntc1_C",-6.78142995311811,1118745
11,2026-08-16 03:24:57,"ntc2_C",-6.66455655294055,1112985
11,2026-08-16 03:24:57,"testSB_C",-6.67594528621834,1111985
12,2026-08-16 03:24:57,"ntc1_C",-6.6611046686844,1112376
12,2026-08-16 03:24:57,"ntc2_C",-6.66152432853198,1111766
12,2026-08-16 03:24:57,"testSB_C",-6.6583465650603,1111434
13,2026-08-16 03:24:57,"ntc1_C",-6.75522388381569,1119858
13,2026-08-16 03:24:57,"ntc2_C",-6.64620923242057,1109244
13,2026-08-16 03:24:57,"testSB_C",-6.65990297751244,1111673
14,2026-08-16 03:24:57,"ntc1_C",-6.65079360437011,1110148
14,2026-08-16 03:24:57,"ntc2_C",-6.64669707186886,1112639
14,2026-08-16 03:24:57,"testSB_C",-6.65680035000241,1112953
15,2026-08-16 03:24:57,"ntc1_C",-6.64362440771146,1108959
15,2026-08-16 03:24:57,"ntc2_C",-6.63876607410816,1112551
15,2026-08-16 03:24:57,"testSB_C",-6.63656083133418,1112671
16,2026-08-16 03:24:57,"ntc1_C",-6.631760195901,1109575
16,2026-08-16 03:24:57,"ntc2_C",-6.64027279105375,1109296
16,2026-08-16 03:24:57,"testSB_C",-6.63340782962024,1108932
17,2026-08-16 03:24:57,"ntc1_C",-6.64468252610027,1110073
17,2026-08-16 03:24:57,"ntc2_C",-6.63273369929095,1109058
17,2026-08-16 03:24:57,"testSB_C",-6.64118592324007,1112821
18,2026-08-16 03:24:57,"ntc1_C",-6.63873234701555,1113164
18,2026-08-16 03:24:57,"ntc2_C",-6.61867395662802,1109467
18,2026-08-16 03:24:57,"testSB_C",-6.6395298705965,1109611
19,2026-08-16 03:24:57,"ntc1_C",-6.63024122036205,1112441
19,2026-08-16 03:24:57,"ntc2_C",-6.63122632662822,1111323
19,2026-08-16 03:24:57,"testSB_C",-6.63194526451167,1112891
20,2026-08-16 03:24:57,"ntc1_C",-6.62854002473625,1110410
20,2026-08-16 03:24:57,"ntc2_C",-6.61888940660884,1111829
20,2026-08-16 03:24:57,"testSB_C",-6.61776939358106,1108360
21,2026-08-16 03:24:57,"ntc1_C",-6.72446476855964,1112714
21,2026-08-16 03:24:57,"ntc2_C",-6.62863051135076,1111039
21,2026-08-16 03:24:57,"testSB_C",-6.63929741295436,1111662
22,2026-08-16 03:24:57,"ntc1_C",-6.69914936652725,1114580
22,2026-08-16 03:24:57,"ntc2_C",-6.61510917918741,1111966
22,2026-08-16 03:24:57,"testSB_C",-6.72470202863389,1113833
23,2026-08-16 03:24:57,"ntc1_C",-6.6381608681483,1114063
23,2026-08-16 03:24:57,"ntc2_C",-6.60601412113147,1109848
23,2026-08-16 03:24:57,"testSB_C",-6.63316221916546,1109126
24,2026-08-16 03:24:57,"ntc1_C",-6.69893824037109,1114587
24,2026-08-16 03:24:57,"ntc2_C",-6.62041705275936,1112716
24,2026-08-16 03:24:57,"testSB_C",-6.62928894022298,1108984
1,2026-08-16 06:24:57,"ntc1_C",-7.16236636325704,1132595
1,2026-08-16 06:24:57,"testSB_C",-7.16752795530226,1135380
2,2026-08-16 06:24:57,"ntc1_C",-7.14182014159292,1133421
2,2026-08-16 06:24:57,"ntc2_C",-7.13995699229224,1133040
2,2026-08-16 06:24:57,"testSB_C",-7.14118734298086,1135614
3,2026-08-16 06:24:57,"ntc1_C",-7.0499565044048,1131109
3,2026-08-16 06:24:57,"ntc2_C",-7.04647621412198,1129806
3,2026-08-16 06:24:57,"testSB_C",-7.03349561734223,1128810
4,2026-08-16 06:24:57,"ntc1_C",-7.02875461748806,1129567
4,2026-08-16 06:24:57,"ntc2_C",-7.02427325639627,1126721
4,2026-08-16 06:24:57,"testSB_C",-7.02679620324494,1127038
5,2026-08-16 06:24:57,"ntc1_C",-7.02674380691019,1127171
5,2026-08-16 06:24:57,"ntc2_C",-7.01672457075875,1128212
5,2026-08-16 06:24:57,"testSB_C",-7.01184890209356,1128875
6,2026-08-16 06:24:57,"ntc1_C",-7.0154250885156,1127348
6,2026-08-16 06:24:57,"ntc2_C",-7.01534440476075,1128609
6,2026-08-16 06:24:57,"testSB_C",-7.01361242590747,1128815
7,2026-08-16 06:24:57,"ntc1_C",-6.98603738655834,1125876
7,2026-08-16 06:24:57,"ntc2_C",-6.99272254519747,1128101
7,2026-08-16 06:24:57,"testSB_C",-6.9919929999358,1128104
8,2026-08-16 06:24:57,"ntc1_C",-6.98932432914154,1130183
8,2026-08-16 06:24:57,"ntc2_C",-6.98302590799705,1125451
8,2026-08-16 06:24:57,"testSB_C",-6.97878106613013,1123278
9,2026-08-16 06:24:57,"ntc1_C",-6.97465163949732,1124767
9,2026-08-16 06:24:57,"ntc2_C",-6.9697445390438,1128410
9,2026-08-16 06:24:57,"testSB_C",-6.97704287280789,1126923
10,2026-08-16 06:24:57,"ntc1_C",-6.9741027536935,1127315
10,2026-08-16 06:24:57,"ntc2_C",-6.96544993058194,1124070
10,2026-08-16 06:24:57,"testSB_C",-6.97007945188943,1125104
11,2026-08-16 06:24:57,"ntc1_C",-6.98483199978159,1128042
11,2026-08-16 06:24:57,"ntc2_C",-6.95670690594858,1126296
11,2026-08-16 06:24:57,"testSB_C",-6.95375508259468,1124626
12,2026-08-16 06:24:57,"ntc1_C",-6.95533544041643,1125773
12,2026-08-16 06:24:57,"ntc2_C",-6.94786635975237,1124795
12,2026-08-16 06:24:57,"testSB_C",-6.95392061619094,1124885
13,2026-08-16 06:24:57,"ntc1_C",-6.97624454922294,1129977
13,2026-08-16 06:24:57,"ntc2_C",-6.94036234953359,1122607
13,2026-08-16 06:24:57,"testSB_C",-6.94109545452773,1124470
14,2026-08-16 06:24:57,"ntc1_C",-6.93877472450407,1123232
14,2026-08-16 06:24:57,"ntc2_C",-6.93866298854772,1125935
14,2026-08-16 06:24:57,"testSB_C",-6.93988261397493,1125849
15,2026-08-16 06:24:57,"ntc1_C",-6.9320237611899,1122046
15,2026-08-16 06:24:57,"ntc2_C",-6.92554335710059,1125614
15,2026-08-16 06:24:57,"testSB_C",-6.92542532082223,1125831
16,2026-08-16 06:24:57,"ntc1_C",-6.92487894872761,1122893
16,2026-08-16 06:24:57,"ntc2_C",-6.92758117161782,1122348
16,2026-08-16 06:24:57,"testSB_C",-6.9161773094628,1121773
17,2026-08-16 06:24:57,"ntc1_C",-6.92417186949586,1122774
17,2026-08-16 06:24:57,"ntc2_C",-6.91864815516499,1122036
17,2026-08-16 06:24:57,"testSB_C",-6.9264714556079,1125817
18,2026-08-16 06:24:57,"ntc1_C",-6.91782878269544,1125876
18,2026-08-16 06:24:57,"ntc2_C",-6.91669329423729,1122995
18,2026-08-16 06:24:57,"testSB_C",-6.92494805167667,1122581
19,2026-08-16 06:24:57,"ntc1_C",-6.91934997017358,1125609
19,2026-08-16 06:24:57,"ntc2_C",-6.92196490537611,1124554
19,2026-08-16 06:24:57,"testSB_C",-6.91787858598303,1125921
20,2026-08-16 06:24:57,"ntc1_C",-6.91321548190024,1123355
20,2026-08-16 06:24:57,"ntc2_C",-6.91034649358033,1125100
20,2026-08-16 06:24:57,"testSB_C",-6.90015234939005,1121173
21,2026-08-16 06:24:57,"ntc1_C",-6.92314944725086,1121742
21,2026-08-16 06:24:57,"ntc2_C",-6.90891282552224,1123786
21,2026-08-16 06:24:57,"testSB_C",-6.91322220324298,1124127
22,2026-08-16 06:24:57,"ntc1_C",-6.91348379711911,1124346
22,2026-08-16 06:24:57,"ntc2_C",-6.89763117387577,1124819
22,2026-08-16 06:24:57,"testSB_C",-6.91420359782296,1122457
23,2026-08-16 06:24:57,"ntc1_C",-6.9002679693009,1126009
23,2026-08-16 06:24:57,"ntc2_C",-6.88313781750594,1122436
23,2026-08-16 06:24:57,"testSB_C",-6.91324104771621,1121831
24,2026-08-16 06:24:57,"ntc1_C",-6.91379443429065,1124379
24,2026-08-16 06:24:57,"ntc2_C",-6.88994564158713,1124989
24,2026-08-16 06:24:57,"testSB_C",-6.88194841951491,1120444
1,2026-08-16 09:24:57,"ntc1_C",-4.6731618987003,1023548
1,2026-08-16 09:24:57,"testSB_C",-4.64767324603406,1024842
2,2026-08-16 09:24:57,"ntc1_C",-4.73612865396728,1027782
2,2026-08-16 09:24:57,"ntc2_C",-4.56546572599268,1020432
2,2026-08-16 09:24:57,"testSB_C",-4.45076793642374,1018062
3,2026-08-16 09:24:57,"ntc1_C",-4.46032445738155,1018126
3,2026-08-16 09:24:57,"ntc2_C",-4.42000357531248,1015389
3,2026-08-16 09:24:57,"testSB_C",-4.33037596063093,1011405
4,2026-08-16 09:24:57,"ntc1_C",-4.37941961871348,1014251
4,2026-08-16 09:24:57,"ntc2_C",-4.36398236567732,1011276
4,2026-08-16 09:24:57,"testSB_C",-4.30384938581489,1008996
5,2026-08-16 09:24:57,"ntc1_C",-4.40067181616757,1013026
5,2026-08-16 09:24:57,"ntc2_C",-4.45487164292138,1016668
5,2026-08-16 09:24:57,"testSB_C",-4.41848911763401,1015950
6,2026-08-16 09:24:57,"ntc1_C",-4.35219571419691,1011752
6,2026-08-16 09:24:57,"ntc2_C",-4.49559144122981,1018726
6,2026-08-16 09:24:57,"testSB_C",-4.39530229272242,1014881
7,2026-08-16 09:24:57,"ntc1_C",-4.28745132072936,1008906
7,2026-08-16 09:24:57,"ntc2_C",-4.53853481719852,1020976
7,2026-08-16 09:24:57,"testSB_C",-4.47666605160822,1018497
8,2026-08-16 09:24:57,"ntc1_C",-4.38164356950199,1016515
8,2026-08-16 09:24:57,"ntc2_C",-4.36956095141164,1012048
8,2026-08-16 09:24:57,"testSB_C",-4.52899264486319,1016826
9,2026-08-16 09:24:57,"ntc1_C",-4.40203083058515,1013136
9,2026-08-16 09:24:57,"ntc2_C",-4.45642193662206,1018791
9,2026-08-16 09:24:57,"testSB_C",-4.45834081582598,1017246
10,2026-08-16 09:24:57,"ntc1_C",-4.43512021007996,1016816
10,2026-08-16 09:24:57,"ntc2_C",-4.51400352934547,1017475
10,2026-08-16 09:24:57,"testSB_C",-4.42019047004919,1014332
11,2026-08-16 09:24:57,"ntc1_C",-3.56838012705401,981940
11,2026-08-16 09:24:57,"ntc2_C",-4.51032189539717,1019711
11,2026-08-16 09:24:57,"testSB_C",-4.35015161117104,1011742
12,2026-08-16 09:24:57,"ntc1_C",-4.55081160779446,1020983
12,2026-08-16 09:24:57,"ntc2_C",-4.41913411405574,1014967
12,2026-08-16 09:24:57,"testSB_C",-4.55547515780489,1020402
13,2026-08-16 09:24:57,"ntc1_C",-3.69755212443829,989078
13,2026-08-16 09:24:57,"ntc2_C",-4.4485287301062,1014457
13,2026-08-16 09:24:57,"testSB_C",-4.40829494888465,1014466
14,2026-08-16 09:24:57,"ntc1_C",-4.40621407121387,1013406
14,2026-08-16 09:24:57,"ntc2_C",-4.47713763110261,1018773
14,2026-08-16 09:24:57,"testSB_C",-4.40935915139983,1015823
15,2026-08-16 09:24:57,"ntc1_C",-4.45971507080526,1014830
15,2026-08-16 09:24:57,"ntc2_C",-4.37238685504593,1014661
15,2026-08-16 09:24:57,"testSB_C",-4.42779691390655,1017144
16,2026-08-16 09:24:57,"ntc1_C",-4.4561447665094,1015680
16,2026-08-16 09:24:57,"ntc2_C",-4.45374199436617,1014956
16,2026-08-16 09:24:57,"testSB_C",-4.4444586579757,1014519
17,2026-08-16 09:24:57,"ntc1_C",-4.41758836979318,1014012
17,2026-08-16 09:24:57,"ntc2_C",-4.4527865604835,1015058
17,2026-08-16 09:24:57,"testSB_C",-4.48009724424367,1019261
18,2026-08-16 09:24:57,"ntc1_C",-4.4047874230684,1016597
18,2026-08-16 09:24:57,"ntc2_C",-4.59545762439944,1021959
18,2026-08-16 09:24:57,"testSB_C",-4.49314235791911,1016893
19,2026-08-16 09:24:57,"ntc1_C",-4.49074529121242,1019799
19,2026-08-16 09:24:57,"ntc2_C",-4.56976188309824,1021995
19,2026-08-16 09:24:57,"testSB_C",-4.5448713003438,1022370
20,2026-08-16 09:24:57,"ntc1_C",-4.43457872137702,1015664
20,2026-08-16 09:24:57,"ntc2_C",-4.55570459452383,1022382
20,2026-08-16 09:24:57,"testSB_C",-4.44942884154898,1014870
21,2026-08-16 09:24:57,"ntc1_C",-3.52297939996816,977154
21,2026-08-16 09:24:57,"ntc2_C",-4.49522617880052,1018770
21,2026-08-16 09:24:57,"testSB_C",-4.48973241401427,1018661
22,2026-08-16 09:24:57,"ntc1_C",-3.72567423122405,987783
22,2026-08-16 09:24:57,"ntc2_C",-4.6239311894218,1025573
22,2026-08-16 09:24:57,"testSB_C",-3.50968466466281,977516
23,2026-08-16 09:24:57,"ntc1_C",-4.38350728723339,1016546
23,2026-08-16 09:24:57,"ntc2_C",-4.68178921127827,1026363
23,2026-08-16 09:24:57,"testSB_C",-4.64910863158275,1023270
24,2026-08-16 09:24:57,"ntc1_C",-3.93523148298772,996194
24,2026-08-16 09:24:57,"ntc2_C",-4.57639041263889,1024020
24,2026-08-16 09:24:57,"testSB_C",-4.47577340046564,1016081
1,2026-08-16 12:24:57,"ntc1_C",-3.28212109368684,967409
1,2026-08-16 12:24:57,"testSB_C",-3.27046988506686,969205
2,2026-08-16 12:24:57,"ntc1_C",-3.4289410197419,974710
2,2026-08-16 12:24:57,"ntc2_C",-3.18659659662967,964955
2,2026-08-16 12:24:57,"testSB_C",-3.01388978151283,960522
3,2026-08-16 12:24:57,"ntc1_C",-2.9776087707699,958767
3,2026-08-16 12:24:57,"ntc2_C",-2.9616709636411,957113
3,2026-08-16 12:24:57,"testSB_C",-2.77728015591651,949751
4,2026-08-16 12:24:57,"ntc1_C",-2.90255554740503,955337
4,2026-08-16 12:24:57,"ntc2_C",-2.90236458789633,953141
4,2026-08-16 12:24:57,"testSB_C",-2.7360138518211,946923
5,2026-08-16 12:24:57,"ntc1_C",-2.84710314117314,951209
5,2026-08-16 12:24:57,"ntc2_C",-3.00765501430402,958774
5,2026-08-16 12:24:57,"testSB_C",-2.90728356559435,955613
6,2026-08-16 12:24:57,"ntc1_C",-2.86464961127723,952606
6,2026-08-16 12:24:57,"ntc2_C",-3.12030167503934,963490
6,2026-08-16 12:24:57,"testSB_C",-2.92637752347349,956249
7,2026-08-16 12:24:57,"ntc1_C",-2.74256258757015,947691
7,2026-08-16 12:24:57,"ntc2_C",-3.1253373134806,964130
7,2026-08-16 12:24:57,"testSB_C",-2.87680042279919,954584
8,2026-08-16 12:24:57,"ntc1_C",-2.91008918468196,957670
8,2026-08-16 12:24:57,"ntc2_C",-2.81755098247874,950382
8,2026-08-16 12:24:57,"testSB_C",-3.06684002849278,958332
9,2026-08-16 12:24:57,"ntc1_C",-2.87113569923537,952227
9,2026-08-16 12:24:57,"ntc2_C",-2.97187619757699,959290
9,2026-08-16 12:24:57,"testSB_C",-2.90004695239367,954993
10,2026-08-16 12:24:57,"ntc1_C",-2.88833565419145,955064
10,2026-08-16 12:24:57,"ntc2_C",-3.10474953756801,960998
10,2026-08-16 12:24:57,"testSB_C",-2.94622808197903,955521
11,2026-08-16 12:24:57,"ntc1_C",-2.37618389861444,935710
11,2026-08-16 12:24:57,"ntc2_C",-3.02907098190184,960313
11,2026-08-16 12:24:57,"testSB_C",-2.76197603721675,948722
12,2026-08-16 12:24:57,"ntc1_C",-3.12056680805722,963499
12,2026-08-16 12:24:57,"ntc2_C",-2.92306908564393,955285
12,2026-08-16 12:24:57,"testSB_C",-3.11100866719283,962382
13,2026-08-16 12:24:57,"ntc1_C",-2.35559444835184,936789
13,2026-08-16 12:24:57,"ntc2_C",-3.03715152621339,958050
13,2026-08-16 12:24:57,"testSB_C",-2.8901719130667,953937
14,2026-08-16 12:24:57,"ntc1_C",-2.87134943111101,952323
14,2026-08-16 12:24:57,"ntc2_C",-3.10731153910041,963771
14,2026-08-16 12:24:57,"testSB_C",-2.88385462894041,954939
15,2026-08-16 12:24:57,"ntc1_C",-3.0471006624332,958394
15,2026-08-16 12:24:57,"ntc2_C",-2.91313457508238,956401
15,2026-08-16 12:24:57,"testSB_C",-2.89415498187913,955851
16,2026-08-16 12:24:57,"ntc1_C",-2.85343040506319,951810
16,2026-08-16 12:24:57,"ntc2_C",-2.99314570565207,956608
16,2026-08-16 12:24:57,"testSB_C",-2.95187025694139,954956
17,2026-08-16 12:24:57,"ntc1_C",-2.90430803760074,953693
17,2026-08-16 12:24:57,"ntc2_C",-2.96027436191872,955496
17,2026-08-16 12:24:57,"testSB_C",-3.00400772715625,960074
18,2026-08-16 12:24:57,"ntc1_C",-2.90958838753937,956851
18,2026-08-16 12:24:57,"ntc2_C",-3.13255060634981,963165
18,2026-08-16 12:24:57,"testSB_C",-2.95864300719501,955560
19,2026-08-16 12:24:57,"ntc1_C",-3.02356380342104,960922
19,2026-08-16 12:24:57,"ntc2_C",-3.21160620669883,967238
19,2026-08-16 12:24:57,"testSB_C",-3.10277671717415,964310
20,2026-08-16 12:24:57,"ntc1_C",-2.90610008277508,954643
20,2026-08-16 12:24:57,"ntc2_C",-3.16772766248164,966432
20,2026-08-16 12:24:57,"testSB_C",-2.96483549663247,955610
21,2026-08-16 12:24:57,"ntc1_C",-2.01279230384057,919286
21,2026-08-16 12:24:57,"ntc2_C",-3.13787058461315,964233
21,2026-08-16 12:24:57,"testSB_C",-2.96713903471351,957697
22,2026-08-16 12:24:57,"ntc1_C",-2.39073888469295,935828
22,2026-08-16 12:24:57,"ntc2_C",-3.29054487342353,971639
22,2026-08-16 12:24:57,"testSB_C",-1.8036361665321,912352
23,2026-08-16 12:24:57,"ntc1_C",-3.07307672782827,963976
23,2026-08-16 12:24:57,"ntc2_C",-2.75738705601037,949369
23,2026-08-16 12:24:57,"testSB_C",-3.24703242563686,966777
24,2026-08-16 12:24:57,"ntc1_C",-2.63270334219425,944998
24,2026-08-16 12:24:57,"ntc2_C",-3.1875064375223,967961
24,2026-08-16 12:24:57,"testSB_C",-2.89878264500737,953198
1,2026-08-16 15:24:57,"ntc1_C",-2.97802116101929,955570
1,2026-08-16 15:24:57,"testSB_C",-2.83271344244486,952188
2,2026-08-16 15:24:57,"ntc1_C",-2.94762428907364,955895
2,2026-08-16 15:24:57,"ntc2_C",-2.69384596284442,945901
2,2026-08-16 15:24:57,"testSB_C",-2.92384353918084,957031
3,2026-08-16 15:24:57,"ntc1_C",-2.07078354508604,924254
3,2026-08-16 15:24:57,"ntc2_C",-1.99315825740393,920349
3,2026-08-16 15:24:57,"testSB_C",-1.66469203890864,908008
4,2026-08-16 15:24:57,"ntc1_C",-1.72784384338286,911034
4,2026-08-16 15:24:57,"ntc2_C",-1.80706976232528,911872
4,2026-08-16 15:24:57,"testSB_C",-1.64975437865246,906268
5,2026-08-16 15:24:57,"ntc1_C",-1.75442730094386,910102
5,2026-08-16 15:24:57,"ntc2_C",-1.84592033097465,914797
5,2026-08-16 15:24:57,"testSB_C",-1.66591449836596,908855
6,2026-08-16 15:24:57,"ntc1_C",-1.70963287299924,909179
6,2026-08-16 15:24:57,"ntc2_C",-2.01901060041882,921517
6,2026-08-16 15:24:57,"testSB_C",-1.71730170817619,910647
7,2026-08-16 15:24:57,"ntc1_C",-1.53643147859356,902605
7,2026-08-16 15:24:57,"ntc2_C",-1.99123357247657,920905
7,2026-08-16 15:24:57,"testSB_C",-1.80184253602482,914006
8,2026-08-16 15:24:57,"ntc1_C",-1.79198100859372,915345
8,2026-08-16 15:24:57,"ntc2_C",-1.67479989888858,907498
8,2026-08-16 15:24:57,"testSB_C",-1.94092555902148,915692
9,2026-08-16 15:24:57,"ntc1_C",-1.67807509718591,907421
9,2026-08-16 15:24:57,"ntc2_C",-1.78653890720955,914394
9,2026-08-16 15:24:57,"testSB_C",-1.71693154195236,910396
10,2026-08-16 15:24:57,"ntc1_C",-1.77564782904977,913075
10,2026-08-16 15:24:57,"ntc2_C",-1.96149315208197,917591
10,2026-08-16 15:24:57,"testSB_C",-2.0038569140217,919797
11,2026-08-16 15:24:57,"ntc1_C",-1.72883673330244,911568
11,2026-08-16 15:24:57,"ntc2_C",-1.9896292333828,920798
11,2026-08-16 15:24:57,"testSB_C",-1.77372849470476,911592
12,2026-08-16 15:24:57,"ntc1_C",-2.13365383868717,925811
12,2026-08-16 15:24:57,"ntc2_C",-1.98989787414541,919925
12,2026-08-16 15:24:57,"testSB_C",-2.06101453040259,922376
13,2026-08-16 15:24:57,"ntc1_C",-1.83808471392979,917404
13,2026-08-16 15:24:57,"ntc2_C",-1.88127681588401,914297
13,2026-08-16 15:24:57,"testSB_C",-1.683491572462,908521
14,2026-08-16 15:24:57,"ntc1_C",-1.65573485907197,906680
14,2026-08-16 15:24:57,"ntc2_C",-1.90539826411083,918064
14,2026-08-16 15:24:57,"testSB_C",-1.68281188983036,909692
15,2026-08-16 15:24:57,"ntc1_C",-1.8819515224879,914314
15,2026-08-16 15:24:57,"ntc2_C",-1.69458034072363,910431
15,2026-08-16 15:24:57,"testSB_C",-1.90241030033957,918279
16,2026-08-16 15:24:57,"ntc1_C",-1.7493350393558,910262
16,2026-08-16 15:24:57,"ntc2_C",-1.83672443998319,912901
16,2026-08-16 15:24:57,"testSB_C",-1.87920428165199,914414
17,2026-08-16 15:24:57,"ntc1_C",-1.80761190487652,912328
17,2026-08-16 15:24:57,"ntc2_C",-1.86601423171419,914152
17,2026-08-16 15:24:57,"testSB_C",-1.87866412759928,917366
18,2026-08-16 15:24:57,"ntc1_C",-1.91417952557629,919117
18,2026-08-16 15:24:57,"ntc2_C",-2.1923969646237,927252
18,2026-08-16 15:24:57,"testSB_C",-1.94959656613787,917344
19,2026-08-16 15:24:57,"ntc1_C",-2.00020025597928,921963
19,2026-08-16 15:24:57,"ntc2_C",-2.21946155731609,929177
19,2026-08-16 15:24:57,"testSB_C",-2.04248515390174,923823
20,2026-08-16 15:24:57,"ntc1_C",-1.91542361408068,917147
20,2026-08-16 15:24:57,"ntc2_C",-2.19937232090342,929295
20,2026-08-16 15:24:57,"testSB_C",-1.92236624912425,916166
21,2026-08-16 15:24:57,"ntc1_C",-1.67637844477008,906891
21,2026-08-16 15:24:57,"ntc2_C",-2.27729167482607,931241
21,2026-08-16 15:24:57,"testSB_C",-2.0074409762392,921239
22,2026-08-16 15:24:57,"ntc1_C",-1.73895083411389,911508
22,2026-08-16 15:24:57,"ntc2_C",-2.3195963621618,934234
22,2026-08-16 15:24:57,"testSB_C",-1.78698699380402,911739
23,2026-08-16 15:24:57,"ntc1_C",-2.24875454278867,932367
23,2026-08-16 15:24:57,"ntc2_C",-2.19402120012796,927989
23,2026-08-16 15:24:57,"testSB_C",-2.37682362089714,933360
24,2026-08-16 15:24:57,"ntc1_C",-1.88827366635519,916980
24,2026-08-16 15:24:57,"ntc2_C",-2.31675925655867,934456
24,2026-08-16 15:24:57,"testSB_C",-2.034586124648,920475
1,2026-08-16 18:24:57,"ntc1_C",-3.61194726573211,980423
1,2026-08-16 18:24:57,"testSB_C",-3.62503559265173,983221
2,2026-08-16 18:24:57,"ntc1_C",-3.62727236944738,982575
2,2026-08-16 18:24:57,"ntc2_C",-3.48589887868292,976724
2,2026-08-16 18:24:57,"testSB_C",-3.60426003988368,983742
3,2026-08-16 18:24:57,"ntc1_C",-3.28475384018691,970760
3,2026-08-16 18:24:57,"ntc2_C",-3.25466723589778,968535
3,2026-08-16 18:24:57,"testSB_C",-3.06611575615938,960913
4,2026-08-16 18:24:57,"ntc1_C",-3.05529628416014,961261
4,2026-08-16 18:24:57,"ntc2_C",-3.15624342466589,962983
4,2026-08-16 18:24:57,"testSB_C",-3.01226885177499,957564
5,2026-08-16 18:24:57,"ntc1_C",-3.09318176385068,960732
5,2026-08-16 18:24:57,"ntc2_C",-3.12824480219552,963464
5,2026-08-16 18:24:57,"testSB_C",-3.06696503942226,961808
6,2026-08-16 18:24:57,"ntc1_C",-3.06185309557105,960235
6,2026-08-16 18:24:57,"ntc2_C",-3.30251040466902,970625
6,2026-08-16 18:24:57,"testSB_C",-3.04703218257362,960929
7,2026-08-16 18:24:57,"ntc1_C",-2.94154499061574,955353
7,2026-08-16 18:24:57,"ntc2_C",-3.30761739966687,971273
7,2026-08-16 18:24:57,"testSB_C",-3.04039661670623,960923
8,2026-08-16 18:24:57,"ntc1_C",-3.12611488125879,966081
8,2026-08-16 18:24:57,"ntc2_C",-3.02553869791024,958413
8,2026-08-16 18:24:57,"testSB_C",-3.24281286859298,965182
9,2026-08-16 18:24:57,"ntc1_C",-3.06340440028521,959662
9,2026-08-16 18:24:57,"ntc2_C",-3.12303180839677,965179
9,2026-08-16 18:24:57,"testSB_C",-3.11663302750628,963402
10,2026-08-16 18:24:57,"ntc1_C",-3.09754177761897,963182
10,2026-08-16 18:24:57,"ntc2_C",-3.24783291290674,966580
10,2026-08-16 18:24:57,"testSB_C",-3.19789639834556,965305
11,2026-08-16 18:24:57,"ntc1_C",-3.09543094826677,963321
11,2026-08-16 18:24:57,"ntc2_C",-3.19994766356484,966977
11,2026-08-16 18:24:57,"testSB_C",-3.10832529820061,962107
12,2026-08-16 18:24:57,"ntc1_C",-3.39298318939183,974182
12,2026-08-16 18:24:57,"ntc2_C",-3.16957147124765,964861
12,2026-08-16 18:24:57,"testSB_C",-3.14425526143469,963678
13,2026-08-16 18:24:57,"ntc1_C",-3.19005044328355,968954
13,2026-08-16 18:24:57,"ntc2_C",-3.134922006512,961850
13,2026-08-16 18:24:57,"testSB_C",-3.03653341969732,959605
14,2026-08-16 18:24:57,"ntc1_C",-2.95779301593859,955659
14,2026-08-16 18:24:57,"ntc2_C",-3.07326410700676,962444
14,2026-08-16 18:24:57,"testSB_C",-2.96407821578373,958044
15,2026-08-16 18:24:57,"ntc1_C",-2.99083341359443,956215
15,2026-08-16 18:24:57,"ntc2_C",-2.9642593889684,958382
15,2026-08-16 18:24:57,"testSB_C",-3.15595365936059,966035
16,2026-08-16 18:24:57,"ntc1_C",-3.04941164293444,959390
16,2026-08-16 18:24:57,"ntc2_C",-3.001226356659,956921
16,2026-08-16 18:24:57,"testSB_C",-3.06231941151987,959236
17,2026-08-16 18:24:57,"ntc1_C",-3.04490094595394,959136
17,2026-08-16 18:24:57,"ntc2_C",-2.98625362790159,956501
17,2026-08-16 18:24:57,"testSB_C",-2.96215523760878,958449
18,2026-08-16 18:24:57,"ntc1_C",-3.12111123540456,965076
18,2026-08-16 18:24:57,"ntc2_C",-3.09553768480288,961724
18,2026-08-16 18:24:57,"testSB_C",-3.03781165845618,958628
19,2026-08-16 18:24:57,"ntc1_C",-3.14303228522795,965581
19,2026-08-16 18:24:57,"ntc2_C",-3.22939255217352,967935
19,2026-08-16 18:24:57,"testSB_C",-3.20224066428688,968202
20,2026-08-16 18:24:57,"ntc1_C",-3.09592920787736,962009
20,2026-08-16 18:24:57,"ntc2_C",-3.24463149198488,969447
20,2026-08-16 18:24:57,"testSB_C",-3.0896414012895,960450
21,2026-08-16 18:24:57,"ntc1_C",-3.05419534583876,958794
21,2026-08-16 18:24:57,"ntc2_C",-3.23100463239012,967876
21,2026-08-16 18:24:57,"testSB_C",-3.06645107867359,961555
22,2026-08-16 18:24:57,"ntc1_C",-3.05140109033971,961174
22,2026-08-16 18:24:57,"ntc2_C",-3.19705096231729,967970
22,2026-08-16 18:24:57,"testSB_C",-3.06822464764468,960200
23,2026-08-16 18:24:57,"ntc1_C",-3.20709805845314,969220
23,2026-08-16 18:24:57,"ntc2_C",-3.35140187927379,972471
23,2026-08-16 18:24:57,"testSB_C",-3.20998153648281,965329
24,2026-08-16 18:24:57,"ntc1_C",-3.06926204838072,961844
24,2026-08-16 18:24:57,"ntc2_C",-3.24805491326089,970337
24,2026-08-16 18:24:57,"testSB_C",-3.14363472637132,962689
1,2026-08-16 21:24:57,"ntc1_C",-4.57772158738953,1019590
1,2026-08-16 21:24:57,"testSB_C",-4.57102985413957,1021660
2,2026-08-16 21:24:57,"ntc1_C",-4.58081585422417,1021322
2,2026-08-16 21:24:57,"ntc2_C",-4.55810021248624,1020127
2,2026-08-16 21:24:57,"testSB_C",-4.57980663864231,1023402
3,2026-08-16 21:24:57,"ntc1_C",-4.57390569943317,1022828
3,2026-08-16 21:24:57,"ntc2_C",-4.55603594400441,1021010
3,2026-08-16 21:24:57,"testSB_C",-4.52904205737889,1019587
4,2026-08-16 21:24:57,"ntc1_C",-4.50850488721574,1019577
4,2026-08-16 21:24:57,"ntc2_C",-4.52954212651173,1018090
4,2026-08-16 21:24:57,"testSB_C",-4.52466161905994,1018073
5,2026-08-16 21:24:57,"ntc1_C",-4.53480975299306,1018556
5,2026-08-16 21:24:57,"ntc2_C",-4.516918003635,1019230
5,2026-08-16 21:24:57,"testSB_C",-4.51022375985855,1019738
6,2026-08-16 21:24:57,"ntc1_C",-4.51801666243659,1018578
6,2026-08-16 21:24:57,"ntc2_C",-4.56262320727569,1021501
6,2026-08-16 21:24:57,"testSB_C",-4.52561519343715,1020260
7,2026-08-16 21:24:57,"ntc1_C",-4.50629600605441,1017905
7,2026-08-16 21:24:57,"ntc2_C",-4.55532563837153,1021672
7,2026-08-16 21:24:57,"testSB_C",-4.54089349258481,1021154
8,2026-08-16 21:24:57,"ntc1_C",-4.56024674159914,1023909
8,2026-08-16 21:24:57,"ntc2_C",-4.52759672760692,1018557
8,2026-08-16 21:24:57,"testSB_C",-4.56682632698505,1018388
9,2026-08-16 21:24:57,"ntc1_C",-4.52757874102286,1018308
9,2026-08-16 21:24:57,"ntc2_C",-4.54052906340257,1022275
9,2026-08-16 21:24:57,"testSB_C",-4.53056836744923,1020232
10,2026-08-16 21:24:57,"ntc1_C",-4.55257894877099,1021672
10,2026-08-16 21:24:57,"ntc2_C",-4.55193381221829,1019042
10,2026-08-16 21:24:57,"testSB_C",-4.56314641202039,1020233
11,2026-08-16 21:24:57,"ntc1_C",-4.52886935127628,1020916
11,2026-08-16 21:24:57,"ntc2_C",-4.55601562531871,1021603
11,2026-08-16 21:24:57,"testSB_C",-4.5437233112811,1019716
12,2026-08-16 21:24:57,"ntc1_C",-4.5880626567332,1022527
12,2026-08-16 21:24:57,"ntc2_C",-4.56219815815416,1020874
12,2026-08-16 21:24:57,"testSB_C",-4.55578913848768,1020415
13,2026-08-16 21:24:57,"ntc1_C",-4.54095329514837,1023489
13,2026-08-16 21:24:57,"ntc2_C",-4.54031580966824,1018243
13,2026-08-16 21:24:57,"testSB_C",-4.5216984064636,1019145
14,2026-08-16 21:24:57,"ntc1_C",-4.51387953213685,1017841
14,2026-08-16 21:24:57,"ntc2_C",-4.51698509044223,1020421
14,2026-08-16 21:24:57,"testSB_C",-4.50598639260932,1019813
15,2026-08-16 21:24:57,"ntc1_C",-4.51711376988868,1017195
15,2026-08-16 21:24:57,"ntc2_C",-4.50276535955146,1020043
15,2026-08-16 21:24:57,"testSB_C",-4.53436008751345,1021552
16,2026-08-16 21:24:57,"ntc1_C",-4.53658792983401,1019001
16,2026-08-16 21:24:57,"ntc2_C",-4.53471138613941,1018297
16,2026-08-16 21:24:57,"testSB_C",-4.52393444510722,1017797
17,2026-08-16 21:24:57,"ntc1_C",-4.53030983845883,1018661
17,2026-08-16 21:24:57,"ntc2_C",-4.52434694347511,1018009
17,2026-08-16 21:24:57,"testSB_C",-4.52304934391572,1021039
18,2026-08-16 21:24:57,"ntc1_C",-4.55126382751223,1022655
18,2026-08-16 21:24:57,"ntc2_C",-4.53432824214309,1019429
18,2026-08-16 21:24:57,"testSB_C",-4.52802698093893,1018334
19,2026-08-16 21:24:57,"ntc1_C",-4.56433217772957,1022849
19,2026-08-16 21:24:57,"ntc2_C",-4.56566341156673,1021825
19,2026-08-16 21:24:57,"testSB_C",-4.55922923869406,1022966
20,2026-08-16 21:24:57,"ntc1_C",-4.54918684788555,1020400
20,2026-08-16 21:24:57,"ntc2_C",-4.56100502021332,1022602
20,2026-08-16 21:24:57,"testSB_C",-4.54525263085139,1018824
21,2026-08-16 21:24:57,"ntc1_C",-4.54776214026259,1018577
21,2026-08-16 21:24:57,"ntc2_C",-4.57120576198054,1021916
21,2026-08-16 21:24:57,"testSB_C",-4.55251911530013,1021260
22,2026-08-16 21:24:57,"ntc1_C",-4.56056769516022,1021798
22,2026-08-16 21:24:57,"ntc2_C",-4.56307967894554,1023045
22,2026-08-16 21:24:57,"testSB_C",-4.54322464711998,1019342
23,2026-08-16 21:24:57,"ntc1_C",-4.57189373221064,1024345
23,2026-08-16 21:24:57,"ntc2_C",-4.60522908804188,1023179
23,2026-08-16 21:24:57,"testSB_C",-4.56908439759479,1019955
24,2026-08-16 21:24:57,"ntc1_C",-4.53979840025579,1020930
24,2026-08-16 21:24:57,"ntc2_C",-4.55614396231999,1023179
24,2026-08-16 21:24:57,"testSB_C",-4.53143811381568,1018378
1,2026-08-17 00:24:57,"ntc1_C",-5.15211680343862,1043653
1,2026-08-17 00:24:57,"testSB_C",-5.14813015100987,1045874
2,2026-08-17 00:24:57,"ntc1_C",-5.15002044145939,1045205
2,2026-08-17 00:24:57,"ntc2_C",-5.15338329162603,1045085
2,2026-08-17 00:24:57,"testSB_C",-5.15168073596845,1047420
3,2026-08-17 00:24:57,"ntc1_C",-5.18691834296521,1048597
3,2026-08-17 00:24:57,"ntc2_C",-5.18396253963442,1047378
3,2026-08-17 00:24:57,"testSB_C",-5.18385580105979,1047045
4,2026-08-17 00:24:57,"ntc1_C",-5.16713128872198,1047207
4,2026-08-17 00:24:57,"ntc2_C",-5.17241445358383,1045004
4,2026-08-17 00:24:57,"testSB_C",-5.18450597500009,1045706
5,2026-08-17 00:24:57,"ntc1_C",-5.18047390508087,1045616
5,2026-08-17 00:24:57,"ntc2_C",-5.16677796573015,1046470
5,2026-08-17 00:24:57,"testSB_C",-5.1747334961928,1047619
6,2026-08-17 00:24:57,"ntc1_C",-5.17945392522819,1046285
6,2026-08-17 00:24:57,"ntc2_C",-5.18953836882548,1047837
6,2026-08-17 00:24:57,"testSB_C",-5.18897479084677,1048104
7,2026-08-17 00:24:57,"ntc1_C",-5.1730628647145,1045840
7,2026-08-17 00:24:57,"ntc2_C",-5.1787436798179,1047865
7,2026-08-17 00:24:57,"testSB_C",-5.18760822011859,1048312
8,2026-08-17 00:24:57,"ntc1_C",-5.19870250766905,1050800
8,2026-08-17 00:24:57,"ntc2_C",-5.19002370127339,1046317
8,2026-08-17 00:24:57,"testSB_C",-5.18731403116175,1044364
9,2026-08-17 00:24:57,"ntc1_C",-5.18318510536727,1045765
9,2026-08-17 00:24:57,"ntc2_C",-5.18387380546142,1049337
9,2026-08-17 00:24:57,"testSB_C",-5.18839254754118,1047850
10,2026-08-17 00:24:57,"ntc1_C",-5.19499538289307,1048660
10,2026-08-17 00:24:57,"ntc2_C",-5.18246309759519,1045461
10,2026-08-17 00:24:57,"testSB_C",-5.19674415141679,1046819
11,2026-08-17 00:24:57,"ntc1_C",-5.18848026789237,1048611
11,2026-08-17 00:24:57,"ntc2_C",-5.18816635072744,1048155
11,2026-08-17 00:24:57,"testSB_C",-5.19163078882411,1046884
12,2026-08-17 00:24:57,"ntc1_C",-5.19293872622399,1047940
12,2026-08-17 00:24:57,"ntc2_C",-5.19476837598376,1047423
12,2026-08-17 00:24:57,"testSB_C",-5.18998220427198,1047027
13,2026-08-17 00:24:57,"ntc1_C",-5.18672278881172,1050675
13,2026-08-17 00:24:57,"ntc2_C",-5.1839608020336,1045207
13,2026-08-17 00:24:57,"testSB_C",-5.18437372463688,1046938
14,2026-08-17 00:24:57,"ntc1_C",-5.18566390197941,1045972
14,2026-08-17 00:24:57,"ntc2_C",-5.17261754539118,1047937
14,2026-08-17 00:24:57,"testSB_C",-5.1737056898009,1047833
15,2026-08-17 00:24:57,"ntc1_C",-5.17611028348074,1044761
15,2026-08-17 00:24:57,"ntc2_C",-5.16864452503489,1047996
15,2026-08-17 00:24:57,"testSB_C",-5.18281736113966,1048806
16,2026-08-17 00:24:57,"ntc1_C",-5.18460720768417,1046168
16,2026-08-17 00:24:57,"ntc2_C",-5.18601570323426,1045590
16,2026-08-17 00:24:57,"testSB_C",-5.18244936730486,1045384
17,2026-08-17 00:24:57,"ntc1_C",-5.19248104124171,1046421
17,2026-08-17 00:24:57,"ntc2_C",-5.18130940357236,1045520
17,2026-08-17 00:24:57,"testSB_C",-5.18209783880098,1048727
18,2026-08-17 00:24:57,"ntc1_C",-5.19345959650042,1049660
18,2026-08-17 00:24:57,"ntc2_C",-5.17573578740286,1046302
18,2026-08-17 00:24:57,"testSB_C",-5.18311617680638,1045791
19,2026-08-17 00:24:57,"ntc1_C",-5.19711900051573,1049470
19,2026-08-17 00:24:57,"ntc2_C",-5.19359908456386,1048216
19,2026-08-17 00:24:57,"testSB_C",-5.19503923609813,1049723
20,2026-08-17 00:24:57,"ntc1_C",-5.19752214696535,1047626
20,2026-08-17 00:24:57,"ntc2_C",-5.18963152829878,1049045
20,2026-08-17 00:24:57,"testSB_C",-5.19321820153709,1045984
21,2026-08-17 00:24:57,"ntc1_C",-5.19795907927886,1045801
21,2026-08-17 00:24:57,"ntc2_C",-5.19289449945222,1048039
21,2026-08-17 00:24:57,"testSB_C",-5.19447038674645,1048231
22,2026-08-17 00:24:57,"ntc1_C",-5.20260203106471,1048782
22,2026-08-17 00:24:57,"ntc2_C",-5.19090025304081,1049441
22,2026-08-17 00:24:57,"testSB_C",-5.18863471157158,1046401
23,2026-08-17 00:24:57,"ntc1_C",-5.19835661745361,1050729
23,2026-08-17 00:24:57,"ntc2_C",-5.20036642013957,1048202
23,2026-08-17 00:24:57,"testSB_C",-5.19745483161711,1046288
24,2026-08-17 00:24:57,"ntc1_C",-5.18723928602526,1048128
24,2026-08-17 00:24:57,"ntc2_C",-5.18528234291472,1049650
24,2026-08-17 00:24:57,"testSB_C",-5.18213329789273,1045632
1,2026-08-17 03:24:57,"ntc1_C",-4.87103712141999,1031805
1,2026-08-17 03:24:57,"testSB_C",-4.86345479545491,1033856
2,2026-08-17 03:24:57,"ntc1_C",-4.86306005576029,1033093
2,2026-08-17 03:24:57,"ntc2_C",-4.86464192188146,1032901
2,2026-08-17 03:24:57,"testSB_C",-4.8626058043377,1035207
3,2026-08-17 03:24:57,"ntc1_C",-4.88382724766626,1035773
3,2026-08-17 03:24:57,"ntc2_C",-4.88480980958997,1034729
3,2026-08-17 03:24:57,"testSB_C",-4.88444436303217,1034396
4,2026-08-17 03:24:57,"ntc1_C",-4.86261483698536,1034337
4,2026-08-17 03:24:57,"ntc2_C",-4.87000966380401,1032253
4,2026-08-17 03:24:57,"testSB_C",-4.88115765116333,1032907
5,2026-08-17 03:24:57,"ntc1_C",-4.87908284016953,1032893
5,2026-08-17 03:24:57,"ntc2_C",-4.86238433252521,1033618
5,2026-08-17 03:24:57,"testSB_C",-4.86632500979943,1034582
6,2026-08-17 03:24:57,"ntc1_C",-4.87233118943027,1033324
6,2026-08-17 03:24:57,"ntc2_C",-4.88121937411239,1034798
6,2026-08-17 03:24:57,"testSB_C",-4.88177784460515,1035113
7,2026-08-17 03:24:57,"ntc1_C",-4.87053563408796,1033068
7,2026-08-17 03:24:57,"ntc2_C",-4.87190047879704,1034887
7,2026-08-17 03:24:57,"testSB_C",-4.88018672816781,1035310
8,2026-08-17 03:24:57,"ntc1_C",-4.89456700500693,1037900
8,2026-08-17 03:24:57,"ntc2_C",-4.88413570197537,1033402
8,2026-08-17 03:24:57,"testSB_C",-4.88045899974907,1031433
9,2026-08-17 03:24:57,"ntc1_C",-4.87839590367895,1032906
9,2026-08-17 03:24:57,"ntc2_C",-4.87966118154725,1036449
9,2026-08-17 03:24:57,"testSB_C",-4.88059121828172,1034832
10,2026-08-17 03:24:57,"ntc1_C",-4.88937907248521,1035730
10,2026-08-17 03:24:57,"ntc2_C",-4.87469623191322,1032478
10,2026-08-17 03:24:57,"testSB_C",-4.89599504328208,1034111
11,2026-08-17 03:24:57,"ntc1_C",-4.88354191466937,1035712
11,2026-08-17 03:24:57,"ntc2_C",-4.88271524703407,1035237
11,2026-08-17 03:24:57,"testSB_C",-4.89110057763185,1034190
12,2026-08-17 03:24:57,"ntc1_C",-4.89100886038796,1035174
12,2026-08-17 03:24:57,"ntc2_C",-4.89567643187735,1034782
12,2026-08-17 03:24:57,"testSB_C",-4.89112949326687,1034398
13,2026-08-17 03:24:57,"ntc1_C",-4.88288832385183,1037792
13,2026-08-17 03:24:57,"ntc2_C",-4.87718029047147,1032264
13,2026-08-17 03:24:57,"testSB_C",-4.87892539191068,1034031
14,2026-08-17 03:24:57,"ntc1_C",-4.87902942898683,1033033
14,2026-08-17 03:24:57,"ntc2_C",-4.86744743996832,1035035
14,2026-08-17 03:24:57,"testSB_C",-4.87202938071158,1035076
15,2026-08-17 03:24:57,"ntc1_C",-4.87028093674547,1031873
15,2026-08-17 03:24:57,"ntc2_C",-4.86737769426446,1035252
15,2026-08-17 03:24:57,"testSB_C",-4.87397717119882,1035733
16,2026-08-17 03:24:57,"ntc1_C",-4.88091536272731,1033344
16,2026-08-17 03:24:57,"ntc2_C",-4.87921024820946,1032640
16,2026-08-17 03:24:57,"testSB_C",-4.88044014616173,1032637
17,2026-08-17 03:24:57,"ntc1_C",-4.8865166605072,1033498
17,2026-08-17 03:24:57,"ntc2_C",-4.87651825067371,1032662
17,2026-08-17 03:24:57,"testSB_C",-4.87472242407136,1035718
18,2026-08-17 03:24:57,"ntc1_C",-4.88031832824646,1036401
18,2026-08-17 03:24:57,"ntc2_C",-4.86610635890889,1033239
18,2026-08-17 03:24:57,"testSB_C",-4.87181766471946,1032649
19,2026-08-17 03:24:57,"ntc1_C",-4.89085166688301,1036497
19,2026-08-17 03:24:57,"ntc2_C",-4.88397690589863,1035116
19,2026-08-17 03:24:57,"testSB_C",-4.88195729676272,1036458
20,2026-08-17 03:24:57,"ntc1_C",-4.8853025093303,1034422
20,2026-08-17 03:24:57,"ntc2_C",-4.87909610163359,1035895
20,2026-08-17 03:24:57,"testSB_C",-4.88177185339555,1032837
21,2026-08-17 03:24:57,"ntc1_C",-4.88472955380576,1032593
21,2026-08-17 03:24:57,"ntc2_C",-4.88157190589675,1034872
21,2026-08-17 03:24:57,"testSB_C",-4.88224258387453,1035022
22,2026-08-17 03:24:57,"ntc1_C",-4.89198474199111,1035636
22,2026-08-17 03:24:57,"ntc2_C",-4.87739923542449,1036173
22,2026-08-17 03:24:57,"testSB_C",-4.87173622724072,1033023
23,2026-08-17 03:24:57,"ntc1_C",-4.88151296357466,1037298
23,2026-08-17 03:24:57,"ntc2_C",-4.88754359695309,1034971
23,2026-08-17 03:24:57,"testSB_C",-4.87869957229481,1032843
24,2026-08-17 03:24:57,"ntc1_C",-4.86905585672662,1034669
24,2026-08-17 03:24:57,"ntc2_C",-4.86612752147505,1036134
24,2026-08-17 03:24:57,"testSB_C",-4.86514798100796,1032262
1,2026-08-17 06:24:57,"ntc1_C",-5.17667852394743,1044695
1,2026-08-17 06:24:57,"testSB_C",-5.16834757516989,1046733
2,2026-08-17 06:24:57,"ntc1_C",-5.16962927156527,1046038
2,2026-08-17 06:24:57,"ntc2_C",-5.16270923438151,1045481
2,2026-08-17 06:24:57,"testSB_C",-5.16971848383241,1048187
3,2026-08-17 06:24:57,"ntc1_C",-5.15958992404728,1047434
3,2026-08-17 06:24:57,"ntc2_C",-5.15597853907946,1046188
3,2026-08-17 06:24:57,"testSB_C",-5.14604886121384,1045439
4,2026-08-17 06:24:57,"ntc1_C",-5.11608325458781,1045038
4,2026-08-17 06:24:57,"ntc2_C",-5.12983984813877,1043199
4,2026-08-17 06:24:57,"testSB_C",-5.13960019288083,1043801
5,2026-08-17 06:24:57,"ntc1_C",-5.14139048086827,1043957
5,2026-08-17 06:24:57,"ntc2_C",-5.12136200754907,1044542
5,2026-08-17 06:24:57,"testSB_C",-5.12070793096836,1045323
6,2026-08-17 06:24:57,"ntc1_C",-5.1298665704777,1044181
6,2026-08-17 06:24:57,"ntc2_C",-5.1516136007458,1046224
6,2026-08-17 06:24:57,"testSB_C",-5.14113823222056,1046070
7,2026-08-17 06:24:57,"ntc1_C",-5.11860746022552,1043529
7,2026-08-17 06:24:57,"ntc2_C",-5.14439804212833,1046404
7,2026-08-17 06:24:57,"testSB_C",-5.14022477857668,1046297
8,2026-08-17 06:24:57,"ntc1_C",-5.15922004401506,1049116
8,2026-08-17 06:24:57,"ntc2_C",-5.1327699344854,1043887
8,2026-08-17 06:24:57,"testSB_C",-5.14996141425985,1042781
9,2026-08-17 06:24:57,"ntc1_C",-5.13162313902882,1043578
9,2026-08-17 06:24:57,"ntc2_C",-5.13680231167081,1047332
9,2026-08-17 06:24:57,"testSB_C",-5.1350063645317,1045580
10,2026-08-17 06:24:57,"ntc1_C",-5.14760253330434,1046644
10,2026-08-17 06:24:57,"ntc2_C",-5.13295131670912,1043361
10,2026-08-17 06:24:57,"testSB_C",-5.15647248015085,1045108
11,2026-08-17 06:24:57,"ntc1_C",-5.13582902145646,1046372
11,2026-08-17 06:24:57,"ntc2_C",-5.14190850329203,1046188
11,2026-08-17 06:24:57,"testSB_C",-5.14302365251524,1044820
12,2026-08-17 06:24:57,"ntc1_C",-5.15909588999995,1046501
12,2026-08-17 06:24:57,"ntc2_C",-5.1533036099413,1045661
12,2026-08-17 06:24:57,"testSB_C",-5.14787508853641,1045238
13,2026-08-17 06:24:57,"ntc1_C",-5.12893425673678,1048212
13,2026-08-17 06:24:57,"ntc2_C",-5.12465835715841,1042692
13,2026-08-17 06:24:57,"testSB_C",-5.11858474030652,1044144
14,2026-08-17 06:24:57,"ntc1_C",-5.1148488948528,1042969
14,2026-08-17 06:24:57,"ntc2_C",-5.11122203205565,1045328
14,2026-08-17 06:24:57,"testSB_C",-5.10960937428615,1045109
15,2026-08-17 06:24:57,"ntc1_C",-5.1105916009771,1041986
15,2026-08-17 06:24:57,"ntc2_C",-5.10492283144907,1045287
15,2026-08-17 06:24:57,"testSB_C",-5.11848884879078,1046069
16,2026-08-17 06:24:57,"ntc1_C",-5.12138983592143,1043485
16,2026-08-17 06:24:57,"ntc2_C",-5.12034469189291,1042804
16,2026-08-17 06:24:57,"testSB_C",-5.12557296119337,1042971
17,2026-08-17 06:24:57,"ntc1_C",-5.12781899705817,1043676
17,2026-08-17 06:24:57,"ntc2_C",-5.11529246654283,1042721
17,2026-08-17 06:24:57,"testSB_C",-5.11368460221462,1045817
18,2026-08-17 06:24:57,"ntc1_C",-5.13143764671781,1047020
18,2026-08-17 06:24:57,"ntc2_C",-5.11287048590492,1043636
18,2026-08-17 06:24:57,"testSB_C",-5.11323861223923,1042826
19,2026-08-17 06:24:57,"ntc1_C",-5.14014482769988,1047044
19,2026-08-17 06:24:57,"ntc2_C",-5.13856388572367,1045875
19,2026-08-17 06:24:57,"testSB_C",-5.1312941797911,1047008
20,2026-08-17 06:24:57,"ntc1_C",-5.12840446078002,1044688
20,2026-08-17 06:24:57,"ntc2_C",-5.12688356199527,1046374
20,2026-08-17 06:24:57,"testSB_C",-5.12368830970541,1043034
21,2026-08-17 06:24:57,"ntc1_C",-5.12448086371359,1042687
21,2026-08-17 06:24:57,"ntc2_C",-5.13209501948069,1045454
21,2026-08-17 06:24:57,"testSB_C",-5.12549490643289,1045298
22,2026-08-17 06:24:57,"ntc1_C",-5.13431050770055,1045877
22,2026-08-17 06:24:57,"ntc2_C",-5.12694370007216,1046720
22,2026-08-17 06:24:57,"testSB_C",-5.11442070691277,1043252
23,2026-08-17 06:24:57,"ntc1_C",-5.1320160415022,1047902
23,2026-08-17 06:24:57,"ntc2_C",-5.1547083506818,1046260
23,2026-08-17 06:24:57,"testSB_C",-5.13038433577128,1043444
24,2026-08-17 06:24:57,"ntc1_C",-5.11418753227269,1045022
24,2026-08-17 06:24:57,"ntc2_C",-5.11796406617748,1046784
24,2026-08-17 06:24:57,"testSB_C",-5.11290944900645,1042697
1,2026-08-17 09:24:57,"ntc1_C",-4.0075078874014,996272
1,2026-08-17 09:24:57,"testSB_C",-4.08718608982713,1001808
2,2026-08-17 09:24:57,"ntc1_C",-4.05593988267589,999801
2,2026-08-17 09:24:57,"ntc2_C",-3.85979896902501,991637
2,2026-08-17 09:24:57,"testSB_C",-4.01989366646734,1000440
3,2026-08-17 09:24:57,"ntc1_C",-3.34495615607187,973129
3,2026-08-17 09:24:57,"ntc2_C",-3.29697445833159,970196
3,2026-08-17 09:24:57,"testSB_C",-3.06601287866096,960909
4,2026-08-17 09:24:57,"ntc1_C",-3.03372391325132,960422
4,2026-08-17 09:24:57,"ntc2_C",-3.12479211568336,961758
4,2026-08-17 09:24:57,"testSB_C",-3.03950879430568,958620
5,2026-08-17 09:24:57,"ntc1_C",-3.11771862241244,961687
5,2026-08-17 09:24:57,"ntc2_C",-3.10371388147411,962508
5,2026-08-17 09:24:57,"testSB_C",-3.0012383421876,959253
6,2026-08-17 09:24:57,"ntc1_C",-3.04076120049109,959416
6,2026-08-17 09:24:57,"ntc2_C",-3.25382058319332,968713
6,2026-08-17 09:24:57,"testSB_C",-3.0181620394431,959807
7,2026-08-17 09:24:57,"ntc1_C",-2.87065725631857,952616
7,2026-08-17 09:24:57,"ntc2_C",-3.29614992971852,970822
7,2026-08-17 09:24:57,"testSB_C",-3.04875375160765,961248
8,2026-08-17 09:24:57,"ntc1_C",-3.18232033057967,968282
8,2026-08-17 09:24:57,"ntc2_C",-2.88975518847991,953162
8,2026-08-17 09:24:57,"testSB_C",-3.29363917616934,967170
9,2026-08-17 09:24:57,"ntc1_C",-3.04753398155583,959046
9,2026-08-17 09:24:57,"ntc2_C",-3.09866183841683,964227
9,2026-08-17 09:24:57,"testSB_C",-3.06452895976332,961372
10,2026-08-17 09:24:57,"ntc1_C",-3.1157512193563,963892
10,2026-08-17 09:24:57,"ntc2_C",-3.23101135803137,965922
10,2026-08-17 09:24:57,"testSB_C",-3.2749636699952,968322
11,2026-08-17 09:24:57,"ntc1_C",-3.1102047663731,963897
11,2026-08-17 09:24:57,"ntc2_C",-3.25642085324608,969190
11,2026-08-17 09:24:57,"testSB_C",-3.1325359816671,963050
12,2026-08-17 09:24:57,"ntc1_C",-3.53426317253565,979771
12,2026-08-17 09:24:57,"ntc2_C",-3.24527559163209,967822
12,2026-08-17 09:24:57,"testSB_C",-3.23041187860559,967045
13,2026-08-17 09:24:57,"ntc1_C",-3.18421231867035,968725
13,2026-08-17 09:24:57,"ntc2_C",-3.10018260687292,960498
13,2026-08-17 09:24:57,"testSB_C",-2.95752599315108,956541
14,2026-08-17 09:24:57,"ntc1_C",-2.8828468060612,952766
14,2026-08-17 09:24:57,"ntc2_C",-3.07847574300058,962647
14,2026-08-17 09:24:57,"testSB_C",-2.93514642567709,956923
15,2026-08-17 09:24:57,"ntc1_C",-3.04065182650572,958144
15,2026-08-17 09:24:57,"ntc2_C",-2.98371505341061,959137
15,2026-08-17 09:24:57,"testSB_C",-3.05655238267195,962155
16,2026-08-17 09:24:57,"ntc1_C",-3.05492111496358,959604
16,2026-08-17 09:24:57,"ntc2_C",-2.98495897089288,956291
16,2026-08-17 09:24:57,"testSB_C",-3.08519624863021,960125
17,2026-08-17 09:24:57,"ntc1_C",-3.02550065459013,958383
17,2026-08-17 09:24:57,"ntc2_C",-2.98956038357636,956629
17,2026-08-17 09:24:57,"testSB_C",-2.95509096610226,958175
18,2026-08-17 09:24:57,"ntc1_C",-3.05196032844663,962379
18,2026-08-17 09:24:57,"ntc2_C",-3.12538884361788,962886
18,2026-08-17 09:24:57,"testSB_C",-2.99423460296413,956938
19,2026-08-17 09:24:57,"ntc1_C",-3.15862966266491,966191
19,2026-08-17 09:24:57,"ntc2_C",-3.20243987237131,966879
19,2026-08-17 09:24:57,"testSB_C",-3.08079330092835,963452
20,2026-08-17 09:24:57,"ntc1_C",-2.98161113295652,957566
20,2026-08-17 09:24:57,"ntc2_C",-3.19244575771336,967400
20,2026-08-17 09:24:57,"testSB_C",-2.92472699466379,954060
21,2026-08-17 09:24:57,"ntc1_C",-2.92309090715185,953724
21,2026-08-17 09:24:57,"ntc2_C",-3.20223177835152,966749
21,2026-08-17 09:24:57,"testSB_C",-3.02889129079188,960094
22,2026-08-17 09:24:57,"ntc1_C",-2.93611758014214,956700
22,2026-08-17 09:24:57,"ntc2_C",-3.19281217836635,967804
22,2026-08-17 09:24:57,"testSB_C",-2.95288729246755,955729
23,2026-08-17 09:24:57,"ntc1_C",-3.14713272298201,966870
23,2026-08-17 09:24:57,"ntc2_C",-3.42781145007137,975485
23,2026-08-17 09:24:57,"testSB_C",-3.12506795591878,962019
24,2026-08-17 09:24:57,"ntc1_C",-2.97208082726178,958067
24,2026-08-17 09:24:57,"ntc2_C",-3.18184120958318,967739
24,2026-08-17 09:24:57,"testSB_C",-3.03164914677154,958336
1,2026-08-17 12:24:57,"ntc1_C",-2.4427727695508,935099
1,2026-08-17 12:24:57,"testSB_C",-2.41701847970302,936318
2,2026-08-17 12:24:57,"ntc1_C",-2.60255719920832,942640
2,2026-08-17 12:24:57,"ntc2_C",-2.4130640189565,935220
2,2026-08-17 12:24:57,"testSB_C",-2.6163896724766,945211
3,2026-08-17 12:24:57,"ntc1_C",-1.73867314016087,911942
3,2026-08-17 12:24:57,"ntc2_C",-1.88453493406416,916319
3,2026-08-17 12:24:57,"testSB_C",-1.7008254066065,909333
4,2026-08-17 12:24:57,"ntc1_C",-1.6168531402144,906961
4,2026-08-17 12:24:57,"ntc2_C",-1.71127912763626,908353
4,2026-08-17 12:24:57,"testSB_C",-1.65612455686443,906501
5,2026-08-17 12:24:57,"ntc1_C",-1.80888612806882,912106
5,2026-08-17 12:24:57,"ntc2_C",-1.87806680084572,915985
5,2026-08-17 12:24:57,"testSB_C",-1.78069717113925,913076
6,2026-08-17 12:24:57,"ntc1_C",-1.84176308565827,914040
6,2026-08-17 12:24:57,"ntc2_C",-2.09921150229479,924508
6,2026-08-17 12:24:57,"testSB_C",-1.86896651297457,916240
7,2026-08-17 12:24:57,"ntc1_C",-1.72890261668573,909646
7,2026-08-17 12:24:57,"ntc2_C",-1.94501228442311,919187
7,2026-08-17 12:24:57,"testSB_C",-1.92160711332832,918436
8,2026-08-17 12:24:57,"ntc1_C",-1.97973811008842,922313
8,2026-08-17 12:24:57,"ntc2_C",-1.86250139908111,914400
8,2026-08-17 12:24:57,"testSB_C",-2.06258587733197,920202
9,2026-08-17 12:24:57,"ntc1_C",-2.02615454440593,920260
9,2026-08-17 12:24:57,"ntc2_C",-1.97671435808337,921446
9,2026-08-17 12:24:57,"testSB_C",-1.91723838227307,917790
10,2026-08-17 12:24:57,"ntc1_C",-1.9845748794466,920809
10,2026-08-17 12:24:57,"ntc2_C",-2.05839119420045,921189
10,2026-08-17 12:24:57,"testSB_C",-2.15253875825931,925339
11,2026-08-17 12:24:57,"ntc1_C",-2.06132463155609,923885
11,2026-08-17 12:24:57,"ntc2_C",-2.03549052783632,922505
11,2026-08-17 12:24:57,"testSB_C",-1.84104163811821,914072
12,2026-08-17 12:24:57,"ntc1_C",-2.12696762900686,925561
12,2026-08-17 12:24:57,"ntc2_C",-2.02032356036881,921056
12,2026-08-17 12:24:57,"testSB_C",-2.27703690742868,930462
13,2026-08-17 12:24:57,"ntc1_C",-1.98695577891135,922937
13,2026-08-17 12:24:57,"ntc2_C",-2.0150564662502,919252
13,2026-08-17 12:24:57,"testSB_C",-1.9596772069263,918712
14,2026-08-17 12:24:57,"ntc1_C",-1.92979280346236,916766
14,2026-08-17 12:24:57,"ntc2_C",-2.05150748071361,923497
14,2026-08-17 12:24:57,"testSB_C",-1.86101711089321,916261
15,2026-08-17 12:24:57,"ntc1_C",-2.04972413082987,920528
15,2026-08-17 12:24:57,"ntc2_C",-1.85859159539899,916481
15,2026-08-17 12:24:57,"testSB_C",-1.91249040478704,918653
16,2026-08-17 12:24:57,"ntc1_C",-2.0509550130588,921420
16,2026-08-17 12:24:57,"ntc2_C",-2.09589400393247,922511
16,2026-08-17 12:24:57,"testSB_C",-2.04834386717209,920685
17,2026-08-17 12:24:57,"ntc1_C",-2.04455333708552,921103
17,2026-08-17 12:24:57,"ntc2_C",-2.0442931912936,920758
17,2026-08-17 12:24:57,"testSB_C",-2.05702192054355,924000
18,2026-08-17 12:24:57,"ntc1_C",-1.98399311945229,921712
18,2026-08-17 12:24:57,"ntc2_C",-2.15294618276414,925776
18,2026-08-17 12:24:57,"testSB_C",-1.99578833605193,919058
19,2026-08-17 12:24:57,"ntc1_C",-2.15922940949667,927907
19,2026-08-17 12:24:57,"ntc2_C",-2.30269517163862,932309
19,2026-08-17 12:24:57,"testSB_C",-2.13564713651073,927308
20,2026-08-17 12:24:57,"ntc1_C",-1.95276532596642,918532
20,2026-08-17 12:24:57,"ntc2_C",-2.18829713092828,928879
20,2026-08-17 12:24:57,"testSB_C",-1.97451361501641,918098
21,2026-08-17 12:24:57,"ntc1_C",-2.00219909982064,918893
21,2026-08-17 12:24:57,"ntc2_C",-2.15656374833327,926708
21,2026-08-17 12:24:57,"testSB_C",-2.06684664120831,923453
22,2026-08-17 12:24:57,"ntc1_C",-2.12116717771266,925688
22,2026-08-17 12:24:57,"ntc2_C",-2.29777794159929,933411
22,2026-08-17 12:24:57,"testSB_C",-2.1873912710019,926602
23,2026-08-17 12:24:57,"ntc1_C",-2.32286691952231,935164
23,2026-08-17 12:24:57,"ntc2_C",-2.49044915032709,939175
23,2026-08-17 12:24:57,"testSB_C",-2.46184626851414,936571
24,2026-08-17 12:24:57,"ntc1_C",-2.32993226939197,933496
24,2026-08-17 12:24:57,"ntc2_C",-2.38013044063024,936853
24,2026-08-17 12:24:57,"testSB_C",-1.77096550352343,910729
1,2026-08-17 15:24:57,"ntc1_C",-1.67083225843629,906382
1,2026-08-17 15:24:57,"testSB_C",-1.74340914707034,911188
2,2026-08-17 15:24:57,"ntc1_C",-1.86040670986296,914780
2,2026-08-17 15:24:57,"ntc2_C",-1.67673118504501,907806
2,2026-08-17 15:24:57,"testSB_C",-1.85572981228796,916620
3,2026-08-17 15:24:57,"ntc1_C",-0.836738413914588,879367
3,2026-08-17 15:24:57,"ntc2_C",-0.936974039072481,881940
3,2026-08-17 15:24:57,"testSB_C",-0.783370488067419,876311
4,2026-08-17 15:24:57,"ntc1_C",-0.837582953340302,878898
4,2026-08-17 15:24:57,"ntc2_C",-0.898305919074232,879056
4,2026-08-17 15:24:57,"testSB_C",-0.827239660826876,876706
5,2026-08-17 15:24:57,"ntc1_C",-1.03712243591815,884134
5,2026-08-17 15:24:57,"ntc2_C",-1.04221909564029,885616
5,2026-08-17 15:24:57,"testSB_C",-0.94258187337914,882723
6,2026-08-17 15:24:57,"ntc1_C",-1.03338384433658,884722
6,2026-08-17 15:24:57,"ntc2_C",-1.26891275289944,894030
6,2026-08-17 15:24:57,"testSB_C",-1.08128265027898,887580
7,2026-08-17 15:24:57,"ntc1_C",-0.973616999480328,882343
7,2026-08-17 15:24:57,"ntc2_C",-1.16730828585651,890780
7,2026-08-17 15:24:57,"testSB_C",-1.07511260439594,887602
8,2026-08-17 15:24:57,"ntc1_C",-1.28477975950068,896797
8,2026-08-17 15:24:57,"ntc2_C",-1.04201786771353,884631
8,2026-08-17 15:24:57,"testSB_C",-1.386487038832,895431
9,2026-08-17 15:24:57,"ntc1_C",-1.27954209664438,892952
9,2026-08-17 15:24:57,"ntc2_C",-1.30242141737551,896697
9,2026-08-17 15:24:57,"testSB_C",-1.11644182143613,888603
10,2026-08-17 15:24:57,"ntc1_C",-1.22878924345156,893153
10,2026-08-17 15:24:57,"ntc2_C",-1.30919227272437,893751
10,2026-08-17 15:24:57,"testSB_C",-1.38341579076462,897044
11,2026-08-17 15:24:57,"ntc1_C",-1.28809252260555,895506
11,2026-08-17 15:24:57,"ntc2_C",-1.17807539900627,891134
11,2026-08-17 15:24:57,"testSB_C",-1.07234090876119,886168
12,2026-08-17 15:24:57,"ntc1_C",-1.25906981195823,893704
12,2026-08-17 15:24:57,"ntc2_C",-1.24465539184717,892673
12,2026-08-17 15:24:57,"testSB_C",-1.34411348597729,896066
13,2026-08-17 15:24:57,"ntc1_C",-1.24319068992395,895639
13,2026-08-17 15:24:57,"ntc2_C",-1.18664703954084,889016
13,2026-08-17 15:24:57,"testSB_C",-1.13227917898422,888535
14,2026-08-17 15:24:57,"ntc1_C",-1.07903926093252,885835
14,2026-08-17 15:24:57,"ntc2_C",-1.21753025558644,892933
14,2026-08-17 15:24:57,"testSB_C",-1.09386636259501,888332
15,2026-08-17 15:24:57,"ntc1_C",-1.21069165750339,889889
15,2026-08-17 15:24:57,"ntc2_C",-1.04761140462256,886972
15,2026-08-17 15:24:57,"testSB_C",-1.08358842677148,888426
16,2026-08-17 15:24:57,"ntc1_C",-1.23010723124372,891385
16,2026-08-17 15:24:57,"ntc2_C",-1.22528332153666,890643
16,2026-08-17 15:24:57,"testSB_C",-1.25876434970593,891792
17,2026-08-17 15:24:57,"ntc1_C",-1.20740591571081,890490
17,2026-08-17 15:24:57,"ntc2_C",-1.19913870563869,889879
17,2026-08-17 15:24:57,"testSB_C",-1.19718312627225,892475
18,2026-08-17 15:24:57,"ntc1_C",-1.16643852756562,891799
18,2026-08-17 15:24:57,"ntc2_C",-1.28619886443528,893962
18,2026-08-17 15:24:57,"testSB_C",-1.17332173404725,889036
19,2026-08-17 15:24:57,"ntc1_C",-1.28357157446965,895669
19,2026-08-17 15:24:57,"ntc2_C",-1.48702325095633,902087
19,2026-08-17 15:24:57,"testSB_C",-1.37353548727248,899199
20,2026-08-17 15:24:57,"ntc1_C",-1.13309646498226,888629
20,2026-08-17 15:24:57,"ntc2_C",-1.3931927592111,899518
20,2026-08-17 15:24:57,"testSB_C",-1.0861895995165,885763
21,2026-08-17 15:24:57,"ntc1_C",-1.19183839724536,889346
21,2026-08-17 15:24:57,"ntc2_C",-1.40372413916708,898958
21,2026-08-17 15:24:57,"testSB_C",-1.28406608238424,894722
22,2026-08-17 15:24:57,"ntc1_C",-1.23920096376082,893311
22,2026-08-17 15:24:57,"ntc2_C",-1.47896834443065,903069
22,2026-08-17 15:24:57,"testSB_C",-1.4127564113507,898074
23,2026-08-17 15:24:57,"ntc1_C",-1.62336390964646,909111
23,2026-08-17 15:24:57,"ntc2_C",-1.73787642798089,911048
23,2026-08-17 15:24:57,"testSB_C",-1.62393246799138,905425
24,2026-08-17 15:24:57,"ntc1_C",-1.4470773336792,900787
24,2026-08-17 15:24:57,"ntc2_C",-1.51645876914063,904732
24,2026-08-17 15:24:57,"testSB_C",-1.08080960584817,885724
1,2026-08-17 18:24:57,"ntc1_C",-3.16006810885534,962639
1,2026-08-17 18:24:57,"testSB_C",-3.37133914288199,973171
2,2026-08-17 18:24:57,"ntc1_C",-3.02425589007623,958865
2,2026-08-17 18:24:57,"ntc2_C",-2.58708974551701,941825
2,2026-08-17 18:24:57,"testSB_C",-3.05268112195171,962030
3,2026-08-17 18:24:57,"ntc1_C",-1.50668641825285,903444
3,2026-08-17 18:24:57,"ntc2_C",-1.49237363846709,901923
3,2026-08-17 18:24:57,"testSB_C",-1.17692577540578,890319
4,2026-08-17 18:24:57,"ntc1_C",-1.57393019867624,905391
4,2026-08-17 18:24:57,"ntc2_C",-1.54982459561893,902454
4,2026-08-17 18:24:57,"testSB_C",-1.193655849989,889748
5,2026-08-17 18:24:57,"ntc1_C",-1.30449049306134,893721
5,2026-08-17 18:24:57,"ntc2_C",-1.54304131589345,903683
5,2026-08-17 18:24:57,"testSB_C",-1.20589367592834,892143
6,2026-08-17 18:24:57,"ntc1_C",-1.41231865244401,898340
6,2026-08-17 18:24:57,"ntc2_C",-1.5895590848574,905673
6,2026-08-17 18:24:57,"testSB_C",-1.32343329579976,896289
7,2026-08-17 18:24:57,"ntc1_C",-1.14266101789462,888378
7,2026-08-17 18:24:57,"ntc2_C",-1.70364178604029,910270
7,2026-08-17 18:24:57,"testSB_C",-1.23540314925515,893356
8,2026-08-17 18:24:57,"ntc1_C",-1.33511690852112,898620
8,2026-08-17 18:24:57,"ntc2_C",-1.11119346594796,887101
8,2026-08-17 18:24:57,"testSB_C",-1.48121546586407,898859
9,2026-08-17 18:24:57,"ntc1_C",-1.17662131449151,889255
9,2026-08-17 18:24:57,"ntc2_C",-1.25901576721031,895128
9,2026-08-17 18:24:57,"testSB_C",-1.2702728854253,894133
10,2026-08-17 18:24:57,"ntc1_C",-1.18684564236247,891644
10,2026-08-17 18:24:57,"ntc2_C",-1.52947198010418,901728
10,2026-08-17 18:24:57,"testSB_C",-1.47871415421736,900500
11,2026-08-17 18:24:57,"ntc1_C",-1.28703996431955,895468
11,2026-08-17 18:24:57,"ntc2_C",-1.37200661153827,898130
11,2026-08-17 18:24:57,"testSB_C",-1.20252747390799,890830
12,2026-08-17 18:24:57,"ntc1_C",-1.64881306057356,907865
12,2026-08-17 18:24:57,"ntc2_C",-1.28903866381359,894272
12,2026-08-17 18:24:57,"testSB_C",-1.45000497725658,899902
13,2026-08-17 18:24:57,"ntc1_C",-1.37755392098194,900507
13,2026-08-17 18:24:57,"ntc2_C",-1.24666316510735,891171
13,2026-08-17 18:24:57,"testSB_C",-1.19322815851802,890722
14,2026-08-17 18:24:57,"ntc1_C",-0.957202928328854,881496
14,2026-08-17 18:24:57,"ntc2_C",-1.40465080279898,899697
14,2026-08-17 18:24:57,"testSB_C",-1.27545240720474,894861
15,2026-08-17 18:24:57,"ntc1_C",-1.27783590837203,892301
15,2026-08-17 18:24:57,"ntc2_C",-1.33408205513513,897280
15,2026-08-17 18:24:57,"testSB_C",-1.53794273740681,904863
16,2026-08-17 18:24:57,"ntc1_C",-1.27184233698006,892887
16,2026-08-17 18:24:57,"ntc2_C",-1.2064905222008,889968
16,2026-08-17 18:24:57,"testSB_C",-1.22970525505838,890747
17,2026-08-17 18:24:57,"ntc1_C",-1.09338805598924,886404
17,2026-08-17 18:24:57,"ntc2_C",-1.20588127553162,890121
17,2026-08-17 18:24:57,"testSB_C",-1.1754230751265,891692
18,2026-08-17 18:24:57,"ntc1_C",-1.11808322786493,890062
18,2026-08-17 18:24:57,"ntc2_C",-1.59187986404902,905049
18,2026-08-17 18:24:57,"testSB_C",-1.2982777720963,893530
19,2026-08-17 18:24:57,"ntc1_C",-1.19729681292927,892557
19,2026-08-17 18:24:57,"ntc2_C",-1.4818599812383,901899
19,2026-08-17 18:24:57,"testSB_C",-1.32697589385015,897511
20,2026-08-17 18:24:57,"ntc1_C",-0.997931177064004,883797
20,2026-08-17 18:24:57,"ntc2_C",-1.52529787683909,904328
20,2026-08-17 18:24:57,"testSB_C",-0.930997774725995,880238
21,2026-08-17 18:24:57,"ntc1_C",-1.04354548637792,884048
21,2026-08-17 18:24:57,"ntc2_C",-1.60509218189617,906294
21,2026-08-17 18:24:57,"testSB_C",-1.33874262695002,896698
22,2026-08-17 18:24:57,"ntc1_C",-0.985027430806269,884203
22,2026-08-17 18:24:57,"ntc2_C",-1.31213637576604,897015
22,2026-08-17 18:24:57,"testSB_C",-1.3325109317334,895172
23,2026-08-17 18:24:57,"ntc1_C",-1.45245570068698,902862
23,2026-08-17 18:24:57,"ntc2_C",-1.3482601557767,896835
23,2026-08-17 18:24:57,"testSB_C",-1.42586783569209,898223
24,2026-08-17 18:24:57,"ntc1_C",-1.04432062023744,886267
24,2026-08-17 18:24:57,"ntc2_C",-1.36273361245611,899137
24,2026-08-17 18:24:57,"testSB_C",-1.09637729608119,886280
1,2026-08-17 21:24:57,"ntc1_C",-18.2389645094627,1779277
1,2026-08-17 21:24:57,"testSB_C",-18.0243869750628,1767420
2,2026-08-17 21:24:57,"ntc1_C",-17.8157288048207,1751565
2,2026-08-17 21:24:57,"ntc2_C",-17.7595424650182,1747054
2,2026-08-17 21:24:57,"testSB_C",-17.7184573936336,1747223
3,2026-08-17 21:24:57,"ntc1_C",-17.5043360969269,1732004
3,2026-08-17 21:24:57,"ntc2_C",-17.3718096380505,1721278
3,2026-08-17 21:24:57,"testSB_C",-17.1521148524311,1705055
4,2026-08-17 21:24:57,"ntc1_C",-17.1611415991381,1707412
4,2026-08-17 21:24:57,"ntc2_C",-17.0876818956551,1698227
4,2026-08-17 21:24:57,"testSB_C",-16.8729583299664,1683749
5,2026-08-17 21:24:57,"ntc1_C",-16.7920332094939,1678770
5,2026-08-17 21:24:57,"ntc2_C",-16.6913597688652,1673781
5,2026-08-17 21:24:57,"testSB_C",-16.5374741131982,1664709
6,2026-08-17 21:24:57,"ntc1_C",-16.4563784427181,1656407
6,2026-08-17 21:24:57,"ntc2_C",-16.4350093182223,1657243
6,2026-08-17 21:24:57,"testSB_C",-16.1977449990659,1641523
7,2026-08-17 21:24:57,"ntc1_C",-16.0083601317303,1626821
7,2026-08-17 21:24:57,"ntc2_C",-16.1622593146044,1639803
7,2026-08-17 21:24:57,"testSB_C",-15.8535641264712,1619112
8,2026-08-17 21:24:57,"ntc1_C",-15.769978682722,1616937
8,2026-08-17 21:24:57,"ntc2_C",-15.5454853908815,1595889
8,2026-08-17 21:24:57,"testSB_C",-15.5310439794416,1592158
9,2026-08-17 21:24:57,"ntc1_C",-15.2843964523482,1578451
9,2026-08-17 21:24:57,"ntc2_C",-15.1604047759416,1576216
9,2026-08-17 21:24:57,"testSB_C",-14.9506936743701,1560204
10,2026-08-17 21:24:57,"ntc1_C",-14.8046886817368,1551378
10,2026-08-17 21:24:57,"ntc2_C",-14.7351683736396,1543236
10,2026-08-17 21:24:57,"testSB_C",-14.4346844806851,1525628
11,2026-08-17 21:24:57,"ntc1_C",-14.1837782363718,1512880
11,2026-08-17 21:24:57,"ntc2_C",-14.1524917654603,1510458
11,2026-08-17 21:24:57,"testSB_C",-13.8807469203309,1491739
12,2026-08-17 21:24:57,"ntc1_C",-13.875087844247,1492774
12,2026-08-17 21:24:57,"ntc2_C",-13.5715235063682,1473590
12,2026-08-17 21:24:57,"testSB_C",-13.3105995530521,1457854
13,2026-08-17 21:24:57,"ntc1_C",-12.9960380770811,1444388
13,2026-08-17 21:24:57,"ntc2_C",-12.6921582493679,1419504
13,2026-08-17 21:24:57,"testSB_C",-12.4040196170271,1405128
14,2026-08-17 21:24:57,"ntc1_C",-12.0878993643859,1385604
14,2026-08-17 21:24:57,"ntc2_C",-11.9829807745515,1383001
14,2026-08-17 21:24:57,"testSB_C",-11.8367223091336,1374665
15,2026-08-17 21:24:57,"ntc1_C",-11.6241070219858,1358532
15,2026-08-17 21:24:57,"ntc2_C",-11.4623639340199,1354389
15,2026-08-17 21:24:57,"testSB_C",-11.4162665173658,1352099
16,2026-08-17 21:24:57,"ntc1_C",-11.2479638175293,1339382
16,2026-08-17 21:24:57,"ntc2_C",-11.1738344494727,1334592
16,2026-08-17 21:24:57,"testSB_C",-11.1147603172477,1331325
17,2026-08-17 21:24:57,"ntc1_C",-11.0720703543129,1329690
17,2026-08-17 21:24:57,"ntc2_C",-10.9805526925132,1324079
17,2026-08-17 21:24:57,"testSB_C",-10.9089439485642,1324280
18,2026-08-17 21:24:57,"ntc1_C",-10.9189122616442,1325282
18,2026-08-17 21:24:57,"ntc2_C",-10.9265809396857,1322281
18,2026-08-17 21:24:57,"testSB_C",-10.90667730196,1320533
19,2026-08-17 21:24:57,"ntc1_C",-10.8286551232807,1320115
19,2026-08-17 21:24:57,"ntc2_C",-10.8428273471267,1319526
19,2026-08-17 21:24:57,"testSB_C",-10.7473695651168,1316222
20,2026-08-17 21:24:57,"ntc1_C",-10.6813874745376,1309965
20,2026-08-17 21:24:57,"ntc2_C",-10.7553221315907,1316100
20,2026-08-17 21:24:57,"testSB_C",-10.6299955064688,1305331
21,2026-08-17 21:24:57,"ntc1_C",-10.6400555718697,1305139
21,2026-08-17 21:24:57,"ntc2_C",-10.6963402330965,1311430
21,2026-08-17 21:24:57,"testSB_C",-10.5850446411397,1305682
22,2026-08-17 21:24:57,"ntc1_C",-10.548368554606,1303949
22,2026-08-17 21:24:57,"ntc2_C",-10.6070093753347,1308368
22,2026-08-17 21:24:57,"testSB_C",-10.5251814448047,1300487
23,2026-08-17 21:24:57,"ntc1_C",-10.5755987942621,1307981
23,2026-08-17 21:24:57,"ntc2_C",-10.5789627040408,1304961
23,2026-08-17 21:24:57,"testSB_C",-10.564373234695,1301724
24,2026-08-17 21:24:57,"ntc1_C",-10.493485029732,1301083
24,2026-08-17 21:24:57,"ntc2_C",-10.4625991129957,1301366
24,2026-08-17 21:24:57,"testSB_C",-10.3980473436268,1293091
1,2026-08-18 00:24:57,"ntc1_C",-22.3991635107456,2104827
1,2026-08-18 00:24:57,"testSB_C",-22.2751871300586,2098467
2,2026-08-18 00:24:57,"ntc1_C",-22.2312422192445,2093750
2,2026-08-18 00:24:57,"ntc2_C",-22.4063000877419,2107876
2,2026-08-18 00:24:57,"testSB_C",-22.2657065762274,2099293
3,2026-08-18 00:24:57,"ntc1_C",-22.2169286402584,2095233
3,2026-08-18 00:24:57,"ntc2_C",-22.1580235399749,2088743
3,2026-08-18 00:24:57,"testSB_C",-22.1086573526529,2083330
4,2026-08-18 00:24:57,"ntc1_C",-22.0755154207197,2082802
4,2026-08-18 00:24:57,"ntc2_C",-22.1162850026843,2081194
4,2026-08-18 00:24:57,"testSB_C",-22.1041662151702,2080518
5,2026-08-18 00:24:57,"ntc1_C",-22.0553225923591,2077329
5,2026-08-18 00:24:57,"ntc2_C",-22.0984037997908,2083015
5,2026-08-18 00:24:57,"testSB_C",-22.0255297469217,2078653
6,2026-08-18 00:24:57,"ntc1_C",-22.1161561822874,2082399
6,2026-08-18 00:24:57,"ntc2_C",-22.0710859737232,2081778
6,2026-08-18 00:24:57,"testSB_C",-21.9858825272113,2074807
7,2026-08-18 00:24:57,"ntc1_C",-22.1271571794012,2084261
7,2026-08-18 00:24:57,"ntc2_C",-22.0143906752451,2078252
7,2026-08-18 00:24:57,"testSB_C",-22.0220952453586,2078440
8,2026-08-18 00:24:57,"ntc1_C",-22.0732984274303,2087018
8,2026-08-18 00:24:57,"ntc2_C",-21.987821587733,2071757
8,2026-08-18 00:24:57,"testSB_C",-22.0591539564238,2074146
9,2026-08-18 00:24:57,"ntc1_C",-21.9393831315722,2066872
9,2026-08-18 00:24:57,"ntc2_C",-21.8916249803759,2070650
9,2026-08-18 00:24:57,"testSB_C",-21.9916566916567,2075531
10,2026-08-18 00:24:57,"ntc1_C",-21.9517755226438,2072405
10,2026-08-18 00:24:57,"ntc2_C",-22.0806673513964,2078424
10,2026-08-18 00:24:57,"testSB_C",-21.8738260491119,2062948
11,2026-08-18 00:24:57,"ntc1_C",-21.8314267772818,2062821
11,2026-08-18 00:24:57,"ntc2_C",-21.8583674516975,2064563
11,2026-08-18 00:24:57,"testSB_C",-21.9591197232193,2070080
12,2026-08-18 00:24:57,"ntc1_C",-21.810660529409,2059508
12,2026-08-18 00:24:57,"ntc2_C",-21.8792300341228,2064085
12,2026-08-18 00:24:57,"testSB_C",-21.788400908743,2056624
13,2026-08-18 00:24:57,"ntc1_C",-21.8197290943054,2066217
13,2026-08-18 00:24:57,"ntc2_C",-21.7876690712375,2053835
13,2026-08-18 00:24:57,"testSB_C",-21.9053389213572,2066594
14,2026-08-18 00:24:57,"ntc1_C",-21.7580556430218,2051974
14,2026-08-18 00:24:57,"ntc2_C",-21.7953551500931,2059812
14,2026-08-18 00:24:57,"testSB_C",-21.7444242367026,2055562
15,2026-08-18 00:24:57,"ntc1_C",-21.7246318625719,2047509
15,2026-08-18 00:24:57,"ntc2_C",-21.6725686929946,2050824
15,2026-08-18 00:24:57,"testSB_C",-21.7111358775561,2054249
16,2026-08-18 00:24:57,"ntc1_C",-21.6301853223436,2042503
16,2026-08-18 00:24:57,"ntc2_C",-21.6413658621537,2042504
16,2026-08-18 00:24:57,"testSB_C",-21.590679273255,2038296
17,2026-08-18 00:24:57,"ntc1_C",-21.6231193045132,2041695
17,2026-08-18 00:24:57,"ntc2_C",-21.5782584042421,2036691
17,2026-08-18 00:24:57,"testSB_C",-21.4938776611074,2036046
18,2026-08-18 00:24:57,"ntc1_C",-21.5083156833992,2037658
18,2026-08-18 00:24:57,"ntc2_C",-21.5572429627222,2036197
18,2026-08-18 00:24:57,"testSB_C",-21.6043651867692,2040049
19,2026-08-18 00:24:57,"ntc1_C",-21.5035467987116,2037289
19,2026-08-18 00:24:57,"ntc2_C",-21.5126594142469,2036053
19,2026-08-18 00:24:57,"testSB_C",-21.4806019363001,2036278
20,2026-08-18 00:24:57,"ntc1_C",-21.4436640667485,2029241
20,2026-08-18 00:24:57,"ntc2_C",-21.463145233201,2034039
20,2026-08-18 00:24:57,"testSB_C",-21.4067845401196,2023178
21,2026-08-18 00:24:57,"ntc1_C",-21.3329830132175,2015409
21,2026-08-18 00:24:57,"ntc2_C",-21.3950914937361,2025979
21,2026-08-18 00:24:57,"testSB_C",-21.338074021174,2021742
22,2026-08-18 00:24:57,"ntc1_C",-21.3180095374528,2020443
22,2026-08-18 00:24:57,"ntc2_C",-21.2787952883024,2018859
22,2026-08-18 00:24:57,"testSB_C",-21.3464148887726,2019432
23,2026-08-18 00:24:57,"ntc1_C",-21.3498373752489,2026639
23,2026-08-18 00:24:57,"ntc2_C",-21.320208313745,2019660
23,2026-08-18 00:24:57,"testSB_C",-21.2847652776785,2011873
24,2026-08-18 00:24:57,"ntc1_C",-21.2092606617717,2011761
24,2026-08-18 00:24:57,"ntc2_C",-21.2516853317396,2017958
24,2026-08-18 00:24:57,"testSB_C",-21.2553543607894,2010754
1,2026-08-18 03:24:57,"ntc1_C",-22.0632450901879,2076622
1,2026-08-18 03:24:57,"testSB_C",-22.0190242644674,2076992
2,2026-08-18 03:24:57,"ntc1_C",-21.8890111082275,2065156
2,2026-08-18 03:24:57,"ntc2_C",-21.9767336558813,2071823
2,2026-08-18 03:24:57,"testSB_C",-21.8584965354221,2065263
3,2026-08-18 03:24:57,"ntc1_C",-21.9468119012715,2072634
3,2026-08-18 03:24:57,"ntc2_C",-21.8191647394635,2060497
3,2026-08-18 03:24:57,"testSB_C",-21.7520204495745,2053694
4,2026-08-18 03:24:57,"ntc1_C",-21.8153737910735,2061143
4,2026-08-18 03:24:57,"ntc2_C",-21.7982391028314,2054765
4,2026-08-18 03:24:57,"testSB_C",-21.6657740986983,2044181
5,2026-08-18 03:24:57,"ntc1_C",-21.6589810425237,2044483
5,2026-08-18 03:24:57,"ntc2_C",-21.6031773797086,2041965
5,2026-08-18 03:24:57,"testSB_C",-21.8221100464307,2061732
6,2026-08-18 03:24:57,"ntc1_C",-21.7748804262503,2054058
6,2026-08-18 03:24:57,"ntc2_C",-21.7977086811408,2059038
6,2026-08-18 03:24:57,"testSB_C",-21.6964165620488,2050814
7,2026-08-18 03:24:57,"ntc1_C",-21.8028256147767,2057267
7,2026-08-18 03:24:57,"ntc2_C",-21.7357090104409,2055101
7,2026-08-18 03:24:57,"testSB_C",-21.7120954967532,2052709
8,2026-08-18 03:24:57,"ntc1_C",-21.7371015989922,2059020
8,2026-08-18 03:24:57,"ntc2_C",-21.7345892501876,2050778
8,2026-08-18 03:24:57,"testSB_C",-21.7536489526764,2048832
9,2026-08-18 03:24:57,"ntc1_C",-21.6313250954827,2041439
9,2026-08-18 03:24:57,"ntc2_C",-21.6138731186794,2047654
9,2026-08-18 03:24:57,"testSB_C",-21.7291731632949,2053748
10,2026-08-18 03:24:57,"ntc1_C",-21.6317860386674,2045931
10,2026-08-18 03:24:57,"ntc2_C",-21.7249455039865,2048922
10,2026-08-18 03:24:57,"testSB_C",-21.5986589167298,2040242
11,2026-08-18 03:24:57,"ntc1_C",-21.5875483493935,2042698
11,2026-08-18 03:24:57,"ntc2_C",-21.6597394921215,2048143
11,2026-08-18 03:24:57,"testSB_C",-21.6610506201512,2045425
12,2026-08-18 03:24:57,"ntc1_C",-21.571152879907,2039773
12,2026-08-18 03:24:57,"ntc2_C",-21.65825210068,2045833
12,2026-08-18 03:24:57,"testSB_C",-21.5220816518744,2034710
13,2026-08-18 03:24:57,"ntc1_C",-21.6650127001522,2053409
13,2026-08-18 03:24:57,"ntc2_C",-21.5618448164755,2035259
13,2026-08-18 03:24:57,"testSB_C",-21.6690105713038,2047052
14,2026-08-18 03:24:57,"ntc1_C",-21.6292697915303,2041375
14,2026-08-18 03:24:57,"ntc2_C",-21.612618808297,2044738
14,2026-08-18 03:24:57,"testSB_C",-21.6341229402658,2046468
15,2026-08-18 03:24:57,"ntc1_C",-21.5582364606037,2033853
15,2026-08-18 03:24:57,"ntc2_C",-21.4092868491729,2029212
15,2026-08-18 03:24:57,"testSB_C",-21.57577522535,2043097
16,2026-08-18 03:24:57,"ntc1_C",-21.5566447039529,2036468
16,2026-08-18 03:24:57,"ntc2_C",-21.3896759729153,2021913
16,2026-08-18 03:24:57,"testSB_C",-21.3897475076035,2021873
17,2026-08-18 03:24:57,"ntc1_C",-21.3925538290353,2022837
17,2026-08-18 03:24:57,"ntc2_C",-21.4254759805727,2024210
17,2026-08-18 03:24:57,"testSB_C",-21.3856348105263,2027198
18,2026-08-18 03:24:57,"ntc1_C",-21.4655932566129,2034160
18,2026-08-18 03:24:57,"ntc2_C",-21.4375802598447,2026423
18,2026-08-18 03:24:57,"testSB_C",-21.4374314795601,2026387
19,2026-08-18 03:24:57,"ntc1_C",-21.3768230996695,2026925
19,2026-08-18 03:24:57,"ntc2_C",-21.374818342849,2024788
19,2026-08-18 03:24:57,"testSB_C",-21.3588243367176,2026321
20,2026-08-18 03:24:57,"ntc1_C",-21.5042424720094,2034196
20,2026-08-18 03:24:57,"ntc2_C",-21.432298387093,2031515
20,2026-08-18 03:24:57,"testSB_C",-21.4098779554028,2023430
21,2026-08-18 03:24:57,"ntc1_C",-21.343496804136,2016262
21,2026-08-18 03:24:57,"ntc2_C",-21.3809859734611,2024829
21,2026-08-18 03:24:57,"testSB_C",-21.3177586724436,2020089
22,2026-08-18 03:24:57,"ntc1_C",-21.3442037029725,2022575
22,2026-08-18 03:24:57,"ntc2_C",-21.3074155774947,2021186
22,2026-08-18 03:24:57,"testSB_C",-21.3399463606419,2018906
23,2026-08-18 03:24:57,"ntc1_C",-21.4404365686594,2034040
23,2026-08-18 03:24:57,"ntc2_C",-21.3136906538985,2019130
23,2026-08-18 03:24:57,"testSB_C",-21.3195850219466,2014691
24,2026-08-18 03:24:57,"ntc1_C",-21.3113264239598,2020048
24,2026-08-18 03:24:57,"ntc2_C",-21.2989395770152,2021801
24,2026-08-18 03:24:57,"testSB_C",-21.2754996613954,2012386
1,2026-08-18 06:24:57,"ntc1_C",-18.8523688322983,1824113
1,2026-08-18 06:24:57,"testSB_C",-18.801213224729,1824000
2,2026-08-18 06:24:57,"ntc1_C",-18.7497009669307,1819234
2,2026-08-18 06:24:57,"ntc2_C",-19.0976078684919,1844518
2,2026-08-18 06:24:57,"testSB_C",-18.9035484920956,1833208
3,2026-08-18 06:24:57,"ntc1_C",-18.1981422664019,1781473
3,2026-08-18 06:24:57,"ntc2_C",-18.483411866315,1800745
3,2026-08-18 06:24:57,"testSB_C",-18.4044354791689,1793983
4,2026-08-18 06:24:57,"ntc1_C",-18.2678552054581,1785911
4,2026-08-18 06:24:57,"ntc2_C",-18.3522991766715,1787726
4,2026-08-18 06:24:57,"testSB_C",-18.5456935616078,1802105
5,2026-08-18 06:24:57,"ntc1_C",-18.4992739272482,1799369
5,2026-08-18 06:24:57,"ntc2_C",-18.5193078158125,1802780
5,2026-08-18 06:24:57,"testSB_C",-17.5600196800125,1735375
6,2026-08-18 06:24:57,"ntc1_C",-17.8994158210622,1756411
6,2026-08-18 06:24:57,"ntc2_C",-17.8441243750912,1754947
6,2026-08-18 06:24:57,"testSB_C",-17.7133667484501,1745842
7,2026-08-18 06:24:57,"ntc1_C",-17.6630322232886,1740107
7,2026-08-18 06:24:57,"ntc2_C",-17.2989165644958,1717419
7,2026-08-18 06:24:57,"testSB_C",-17.6790206291476,1743882
8,2026-08-18 06:24:57,"ntc1_C",-17.5382430217434,1737530
8,2026-08-18 06:24:57,"ntc2_C",-17.5038922138334,1728269
8,2026-08-18 06:24:57,"testSB_C",-17.468009992809,1722743
9,2026-08-18 06:24:57,"ntc1_C",-17.5580531139383,1731434
9,2026-08-18 06:24:57,"ntc2_C",-17.7035649213601,1748124
9,2026-08-18 06:24:57,"testSB_C",-17.6061072589532,1738317
10,2026-08-18 06:24:57,"ntc1_C",-17.5378354828054,1733865
10,2026-08-18 06:24:57,"ntc2_C",-17.8093528641542,1748931
10,2026-08-18 06:24:57,"testSB_C",-17.5599848430019,1732689
11,2026-08-18 06:24:57,"ntc1_C",-17.4838209875803,1730380
11,2026-08-18 06:24:57,"ntc2_C",-17.2361844975122,1712561
11,2026-08-18 06:24:57,"testSB_C",-17.5209908214146,1730091
12,2026-08-18 06:24:57,"ntc1_C",-17.492237835729,1729615
12,2026-08-18 06:24:57,"ntc2_C",-17.598018114043,1736114
12,2026-08-18 06:24:57,"testSB_C",-17.8550919515351,1754277
13,2026-08-18 06:24:57,"ntc1_C",-17.6830006685509,1748134
13,2026-08-18 06:24:57,"ntc2_C",-17.7061076334248,1741305
13,2026-08-18 06:24:57,"testSB_C",-17.6841383088115,1742403
14,2026-08-18 06:24:57,"ntc1_C",-17.7233343091102,1743167
14,2026-08-18 06:24:57,"ntc2_C",-17.524597644738,1733250
14,2026-08-18 06:24:57,"testSB_C",-17.7285266947973,1747603
15,2026-08-18 06:24:57,"ntc1_C",-17.7568626297137,1744098
15,2026-08-18 06:24:57,"ntc2_C",-18.1722174368903,1780269
15,2026-08-18 06:24:57,"testSB_C",-17.9050556050476,1761335
16,2026-08-18 06:24:57,"ntc1_C",-18.3555653994141,1789308
16,2026-08-18 06:24:57,"ntc2_C",-18.1389387223917,1772786
16,2026-08-18 06:24:57,"testSB_C",-18.0728738777098,1767990
17,2026-08-18 06:24:57,"ntc1_C",-18.0246993883831,1765261
17,2026-08-18 06:24:57,"ntc2_C",-18.0353472954855,1764967
17,2026-08-18 06:24:57,"testSB_C",-18.4446343515828,1800068
18,2026-08-18 06:24:57,"ntc1_C",-17.9215725978538,1762726
18,2026-08-18 06:24:57,"ntc2_C",-17.9079438693113,1757071
18,2026-08-18 06:24:57,"testSB_C",-17.9116520789362,1757030
19,2026-08-18 06:24:57,"ntc1_C",-18.3530280230008,1793731
19,2026-08-18 06:24:57,"ntc2_C",-18.1081279766184,1774240
19,2026-08-18 06:24:57,"testSB_C",-17.9628769936754,1766283
20,2026-08-18 06:24:57,"ntc1_C",-17.5385059174973,1732596
20,2026-08-18 06:24:57,"ntc2_C",-17.6353855508399,1742236
20,2026-08-18 06:24:57,"testSB_C",-17.6653537185054,1738958
21,2026-08-18 06:24:57,"ntc1_C",-17.9285076291032,1756263
21,2026-08-18 06:24:57,"ntc2_C",-17.7141237602451,1745713
21,2026-08-18 06:24:57,"testSB_C",-17.9962648655517,1766163
22,2026-08-18 06:24:57,"ntc1_C",-17.8545780160283,1756317
22,2026-08-18 06:24:57,"ntc2_C",-17.7573035795365,1750893
22,2026-08-18 06:24:57,"testSB_C",-18.0084602239582,1764365
23,2026-08-18 06:24:57,"ntc1_C",-17.6965434318053,1748320
23,2026-08-18 06:24:57,"ntc2_C",-17.882230487187,1757442
23,2026-08-18 06:24:57,"testSB_C",-17.8957901559897,1754512
24,2026-08-18 06:24:57,"ntc1_C",-18.0100508986895,1767549
24,2026-08-18 06:24:57,"ntc2_C",-17.7959774530572,1754714
24,2026-08-18 06:24:57,"testSB_C",-17.8158233418994,1749562
1,2026-08-18 09:24:57,"ntc1_C",-13.2305300280951,1450872
1,2026-08-18 09:24:57,"testSB_C",-13.3189935445724,1459210
2,2026-08-18 09:24:57,"ntc1_C",-13.6246771319423,1476657
2,2026-08-18 09:24:57,"ntc2_C",-13.5694223491671,1472911
2,2026-08-18 09:24:57,"testSB_C",-13.5061745877381,1471981
3,2026-08-18 09:24:57,"ntc1_C",-11.8838953758899,1377527
3,2026-08-18 09:24:57,"ntc2_C",-12.37279065174,1403994
3,2026-08-18 09:24:57,"testSB_C",-12.5867760055563,1415658
4,2026-08-18 09:24:57,"ntc1_C",-11.9213106565936,1379029
4,2026-08-18 09:24:57,"ntc2_C",-11.7872145546928,1368239
4,2026-08-18 09:24:57,"testSB_C",-12.6616424592941,1418196
5,2026-08-18 09:24:57,"ntc1_C",-12.651020471869,1417928
5,2026-08-18 09:24:57,"ntc2_C",-12.3109776951666,1400077
5,2026-08-18 09:24:57,"testSB_C",-12.6324354401401,1419720
6,2026-08-18 09:24:57,"ntc1_C",-12.7378673462389,1423541
6,2026-08-18 09:24:57,"ntc2_C",-12.1709286253883,1392751
6,2026-08-18 09:24:57,"testSB_C",-12.7998078530247,1429211
7,2026-08-18 09:24:57,"ntc1_C",-12.5366115985394,1412007
7,2026-08-18 09:24:57,"ntc2_C",-11.7197014635954,1368004
7,2026-08-18 09:24:57,"testSB_C",-12.7516953932528,1426769
8,2026-08-18 09:24:57,"ntc1_C",-12.732758403336,1428566
8,2026-08-18 09:24:57,"ntc2_C",-12.6734083090466,1419473
8,2026-08-18 09:24:57,"testSB_C",-12.0099718307162,1379119
9,2026-08-18 09:24:57,"ntc1_C",-12.6495930105813,1417637
9,2026-08-18 09:24:57,"ntc2_C",-12.3384941871827,1404763
9,2026-08-18 09:24:57,"testSB_C",-12.5816672202616,1416441
10,2026-08-18 09:24:57,"ntc1_C",-12.5898492113318,1417391
10,2026-08-18 09:24:57,"ntc2_C",-12.0051628636468,1380560
10,2026-08-18 09:24:57,"testSB_C",-12.5919742758044,1415111
11,2026-08-18 09:24:57,"ntc1_C",-12.7923347808531,1429413
11,2026-08-18 09:24:57,"ntc2_C",-12.174954546362,1393371
11,2026-08-18 09:24:57,"testSB_C",-12.4192265995625,1405385
12,2026-08-18 09:24:57,"ntc1_C",-11.7412608024064,1368317
12,2026-08-18 09:24:57,"ntc2_C",-12.1878771571285,1392707
12,2026-08-18 09:24:57,"testSB_C",-12.3715523283038,1403038
13,2026-08-18 09:24:57,"ntc1_C",-12.303614221442,1404151
13,2026-08-18 09:24:57,"ntc2_C",-12.0646440366132,1383599
13,2026-08-18 09:24:57,"testSB_C",-12.4194977925794,1406016
14,2026-08-18 09:24:57,"ntc1_C",-12.3460572758249,1400277
14,2026-08-18 09:24:57,"ntc2_C",-12.059083041,1387302
14,2026-08-18 09:24:57,"testSB_C",-12.2544907365004,1398303
15,2026-08-18 09:24:57,"ntc1_C",-12.4552152619929,1405389
15,2026-08-18 09:24:57,"ntc2_C",-11.9374213993651,1380911
15,2026-08-18 09:24:57,"testSB_C",-12.0222513328788,1385961
16,2026-08-18 09:24:57,"ntc1_C",-12.462313150865,1407453
16,2026-08-18 09:24:57,"ntc2_C",-12.3093276825851,1397928
16,2026-08-18 09:24:57,"testSB_C",-12.3367285985162,1399442
17,2026-08-18 09:24:57,"ntc1_C",-12.2952461645384,1397768
17,2026-08-18 09:24:57,"ntc2_C",-12.3430852227393,1399781
17,2026-08-18 09:24:57,"testSB_C",-12.5624505009629,1416726
18,2026-08-18 09:24:57,"ntc1_C",-12.6870279277098,1424410
18,2026-08-18 09:24:57,"ntc2_C",-12.2112355324822,1393405
18,2026-08-18 09:24:57,"testSB_C",-12.0740046662242,1384999
19,2026-08-18 09:24:57,"ntc1_C",-12.3920067955098,1407099
19,2026-08-18 09:24:57,"ntc2_C",-12.4576267640923,1409439
19,2026-08-18 09:24:57,"testSB_C",-12.3806034576179,1406973
20,2026-08-18 09:24:57,"ntc1_C",-12.5834622934878,1415753
20,2026-08-18 09:24:57,"ntc2_C",-11.7269245027823,1369353
20,2026-08-18 09:24:57,"testSB_C",-12.2024353820102,1391869
21,2026-08-18 09:24:57,"ntc1_C",-12.562888602395,1411623
21,2026-08-18 09:24:57,"ntc2_C",-11.8957403168135,1377228
21,2026-08-18 09:24:57,"testSB_C",-13.0694226623574,1445044
22,2026-08-18 09:24:57,"ntc1_C",-12.6886018245529,1422990
22,2026-08-18 09:24:57,"ntc2_C",-11.9403444793227,1381515
22,2026-08-18 09:24:57,"testSB_C",-12.6694338879238,1419452
23,2026-08-18 09:24:57,"ntc1_C",-12.3205883278079,1404511
23,2026-08-18 09:24:57,"ntc2_C",-12.1075873003799,1388977
23,2026-08-18 09:24:57,"testSB_C",-12.7290573655657,1421856
24,2026-08-18 09:24:57,"ntc1_C",-12.7390803864205,1425994
24,2026-08-18 09:24:57,"ntc2_C",-12.3629436556942,1406317
24,2026-08-18 09:24:57,"testSB_C",-12.6069923655895,1415075
1,2026-08-18 12:24:57,"ntc1_C",-5.63658001420043,1064406
1,2026-08-18 12:24:57,"testSB_C",-5.57624980864608,1064221
2,2026-08-18 12:24:57,"ntc1_C",-6.01892966087155,1082784
2,2026-08-18 12:24:57,"ntc2_C",-5.77272877508994,1071724
2,2026-08-18 12:24:57,"testSB_C",-5.70118962552993,1071049
3,2026-08-18 12:24:57,"ntc1_C",-4.33670641787904,1013034
3,2026-08-18 12:24:57,"ntc2_C",-4.5542501439329,1020936
3,2026-08-18 12:24:57,"testSB_C",-4.76623959317999,1029446
4,2026-08-18 12:24:57,"ntc1_C",-4.30054736732495,1011011
4,2026-08-18 12:24:57,"ntc2_C",-4.25332305503025,1006748
4,2026-08-18 12:24:57,"testSB_C",-4.75694160790243,1027713
5,2026-08-18 12:24:57,"ntc1_C",-4.83412647837156,1031009
5,2026-08-18 12:24:57,"ntc2_C",-4.60749194758586,1022982
5,2026-08-18 12:24:57,"testSB_C",-4.73938547545515,1029265
6,2026-08-18 12:24:57,"ntc1_C",-4.91995879780012,1035323
6,2026-08-18 12:24:57,"ntc2_C",-4.49684927448897,1018778
6,2026-08-18 12:24:57,"testSB_C",-5.20445285016763,1048763
7,2026-08-18 12:24:57,"ntc1_C",-4.65099850121311,1023901
7,2026-08-18 12:24:57,"ntc2_C",-4.24607787799175,1008932
7,2026-08-18 12:24:57,"testSB_C",-4.89905086295659,1036103
8,2026-08-18 12:24:57,"ntc1_C",-4.84803842361868,1035941
8,2026-08-18 12:24:57,"ntc2_C",-4.80218265634375,1029970
8,2026-08-18 12:24:57,"testSB_C",-4.44613899874872,1013414
9,2026-08-18 12:24:57,"ntc1_C",-4.85708370252667,1032013
9,2026-08-18 12:24:57,"ntc2_C",-4.56832209545342,1023429
9,2026-08-18 12:24:57,"testSB_C",-4.91103339598033,1036112
10,2026-08-18 12:24:57,"ntc1_C",-4.78595831256257,1031392
10,2026-08-18 12:24:57,"ntc2_C",-4.41374252767923,1013345
10,2026-08-18 12:24:57,"testSB_C",-4.69417560200014,1025673
11,2026-08-18 12:24:57,"ntc1_C",-4.93568598713517,1037906
11,2026-08-18 12:24:57,"ntc2_C",-4.42150875116948,1016044
11,2026-08-18 12:24:57,"testSB_C",-4.6048113620771,1022246
12,2026-08-18 12:24:57,"ntc1_C",-4.26370940398925,1009164
12,2026-08-18 12:24:57,"ntc2_C",-4.45539945478765,1016461
12,2026-08-18 12:24:57,"testSB_C",-5.08819967680029,1042708
13,2026-08-18 12:24:57,"ntc1_C",-4.63407801712225,1027364
13,2026-08-18 12:24:57,"ntc2_C",-4.33608792378089,1009839
13,2026-08-18 12:24:57,"testSB_C",-4.58341936465592,1021701
14,2026-08-18 12:24:57,"ntc1_C",-4.48547511737991,1016669
14,2026-08-18 12:24:57,"ntc2_C",-4.31973121218238,1012290
14,2026-08-18 12:24:57,"testSB_C",-4.45156993940083,1017564
15,2026-08-18 12:24:57,"ntc1_C",-4.69221213715196,1024445
15,2026-08-18 12:24:57,"ntc2_C",-4.31294379026036,1012217
15,2026-08-18 12:24:57,"testSB_C",-4.24191062517559,1009502
16,2026-08-18 12:24:57,"ntc1_C",-4.72299534086488,1026740
16,2026-08-18 12:24:57,"ntc2_C",-4.52425737561271,1017865
16,2026-08-18 12:24:57,"testSB_C",-4.61057390279677,1021383
17,2026-08-18 12:24:57,"ntc1_C",-4.51230645443553,1017917
17,2026-08-18 12:24:57,"ntc2_C",-4.54138681637198,1018713
17,2026-08-18 12:24:57,"testSB_C",-4.818889955683,1033373
18,2026-08-18 12:24:57,"ntc1_C",-4.64700718072385,1026635
18,2026-08-18 12:24:57,"ntc2_C",-4.49352818518366,1017744
18,2026-08-18 12:24:57,"testSB_C",-4.6569520659653,1023678
19,2026-08-18 12:24:57,"ntc1_C",-4.67850658550333,1027600
19,2026-08-18 12:24:57,"ntc2_C",-4.64540824723804,1025138
19,2026-08-18 12:24:57,"testSB_C",-4.53296400828276,1021876
20,2026-08-18 12:24:57,"ntc1_C",-4.55732098075367,1020737
20,2026-08-18 12:24:57,"ntc2_C",-4.13772338440106,1005187
20,2026-08-18 12:24:57,"testSB_C",-4.3012496827061,1008787
21,2026-08-18 12:24:57,"ntc1_C",-4.5829900085979,1020033
21,2026-08-18 12:24:57,"ntc2_C",-4.30813222701573,1011066
21,2026-08-18 12:24:57,"testSB_C",-4.91878500169162,1036559
22,2026-08-18 12:24:57,"ntc1_C",-4.68039522520968,1026779
22,2026-08-18 12:24:57,"ntc2_C",-4.31349797287578,1012744
22,2026-08-18 12:24:57,"testSB_C",-4.85964281662541,1032516
23,2026-08-18 12:24:57,"ntc1_C",-4.69428231861718,1029445
23,2026-08-18 12:24:57,"ntc2_C",-4.4426357799166,1016451
23,2026-08-18 12:24:57,"testSB_C",-4.83624878166142,1031066
24,2026-08-18 12:24:57,"ntc1_C",-4.75504322127284,1029890
24,2026-08-18 12:24:57,"ntc2_C",-5.23818572652925,1051908
24,2026-08-18 12:24:57,"testSB_C",-4.9353340410259,1035207
1,2026-08-18 15:24:57,"ntc1_C",-0.529192247784863,865601
1,2026-08-18 15:24:57,"testSB_C",-0.643619359424179,871672
2,2026-08-18 15:24:57,"ntc1_C",-0.868510621920734,878888
2,2026-08-18 15:24:57,"ntc2_C",-0.237927704990909,856649
2,2026-08-18 15:24:57,"testSB_C",-0.574024692149919,870481
3,2026-08-18 15:24:57,"ntc1_C",1.28204571476346,807577
3,2026-08-18 15:24:57,"ntc2_C",1.33709951352375,804864
3,2026-08-18 15:24:57,"testSB_C",1.55820078049851,797639
4,2026-08-18 15:24:57,"ntc1_C",1.53356932012935,799006
4,2026-08-18 15:24:57,"ntc2_C",1.57316470446608,795960
4,2026-08-18 15:24:57,"testSB_C",1.50748634466333,798209
5,2026-08-18 15:24:57,"ntc1_C",1.36208539960398,802811
5,2026-08-18 15:24:57,"ntc2_C",1.33088164116225,805045
5,2026-08-18 15:24:57,"testSB_C",1.4632811579587,801364
6,2026-08-18 15:24:57,"ntc1_C",1.20432514594523,808622
6,2026-08-18 15:24:57,"ntc2_C",1.29945696674321,806279
6,2026-08-18 15:24:57,"testSB_C",1.28237959830238,807113
7,2026-08-18 15:24:57,"ntc1_C",1.53046000781927,797844
7,2026-08-18 15:24:57,"ntc2_C",1.32017860533745,805974
7,2026-08-18 15:24:57,"testSB_C",1.0727895284333,814162
8,2026-08-18 15:24:57,"ntc1_C",1.15424050004293,812980
8,2026-08-18 15:24:57,"ntc2_C",1.37378925248959,802776
8,2026-08-18 15:24:57,"testSB_C",1.21270583750118,806562
9,2026-08-18 15:24:57,"ntc1_C",1.19872521763205,808275
9,2026-08-18 15:24:57,"ntc2_C",1.37039182761129,805287
9,2026-08-18 15:24:57,"testSB_C",1.17543959270574,810358
10,2026-08-18 15:24:57,"ntc1_C",1.20056446904044,810038
10,2026-08-18 15:24:57,"ntc2_C",1.32096649095195,804057
10,2026-08-18 15:24:57,"testSB_C",1.11247825751263,811338
11,2026-08-18 15:24:57,"ntc1_C",0.983745223401684,817318
11,2026-08-18 15:24:57,"ntc2_C",1.30660051978344,806420
11,2026-08-18 15:24:57,"testSB_C",1.27019281233459,806543
12,2026-08-18 15:24:57,"ntc1_C",1.1898429634353,809892
12,2026-08-18 15:24:57,"ntc2_C",1.31318181571248,805433
12,2026-08-18 15:24:57,"testSB_C",1.00689196083846,815196
13,2026-08-18 15:24:57,"ntc1_C",0.980222889915296,818987
13,2026-08-18 15:24:57,"ntc2_C",1.30649610814442,804181
13,2026-08-18 15:24:57,"testSB_C",1.18271953979888,809522
14,2026-08-18 15:24:57,"ntc1_C",1.34933640780758,803449
14,2026-08-18 15:24:57,"ntc2_C",1.1810771499338,810823
14,2026-08-18 15:24:57,"testSB_C",1.1654315617011,811172
15,2026-08-18 15:24:57,"ntc1_C",1.05147881479439,812516
15,2026-08-18 15:24:57,"ntc2_C",1.33745422675929,805851
15,2026-08-18 15:24:57,"testSB_C",1.14196276898548,812339
16,2026-08-18 15:24:57,"ntc1_C",0.984730062085703,815377
16,2026-08-18 15:24:57,"ntc2_C",1.21861301509949,807234
16,2026-08-18 15:24:57,"testSB_C",1.07210865527395,811939
17,2026-08-18 15:24:57,"ntc1_C",1.2419431219821,806922
17,2026-08-18 15:24:57,"ntc2_C",1.10948399283382,810960
17,2026-08-18 15:24:57,"testSB_C",0.956166590857663,818391
18,2026-08-18 15:24:57,"ntc1_C",1.05900981087706,815437
18,2026-08-18 15:24:57,"ntc2_C",0.840834264930663,820669
18,2026-08-18 15:24:57,"testSB_C",0.908795633132513,817559
19,2026-08-18 15:24:57,"ntc1_C",0.963447687486564,818221
19,2026-08-18 15:24:57,"ntc2_C",0.791627210360332,822996
19,2026-08-18 15:24:57,"testSB_C",0.960615174053714,818554
20,2026-08-18 15:24:57,"ntc1_C",1.0720870474039,813159
20,2026-08-18 15:24:57,"ntc2_C",1.02827083666074,815966
20,2026-08-18 15:24:57,"testSB_C",1.30110982166116,804674
21,2026-08-18 15:24:57,"ntc1_C",1.0151787638394,813840
21,2026-08-18 15:24:57,"ntc2_C",0.875786815309198,820142
21,2026-08-18 15:24:57,"testSB_C",0.675924375662191,826835
22,2026-08-18 15:24:57,"ntc1_C",0.948870962099761,818034
22,2026-08-18 15:24:57,"ntc2_C",0.94484128929787,819194
22,2026-08-18 15:24:57,"testSB_C",0.626444141815057,827313
23,2026-08-18 15:24:57,"ntc1_C",0.627552582485862,830332
23,2026-08-18 15:24:57,"ntc2_C",0.779422671540829,823233
23,2026-08-18 15:24:57,"testSB_C",0.496248442353362,831389
24,2026-08-18 15:24:57,"ntc1_C",0.694738782359366,826345
24,2026-08-18 15:24:57,"ntc2_C",0.568586879784164,831868
24,2026-08-18 15:24:57,"testSB_C",0.512784478161393,830710
1,2026-08-18 18:24:57,"ntc1_C",-2.25972207183918,928204
1,2026-08-18 18:24:57,"testSB_C",-2.23604932883273,929496
2,2026-08-18 18:24:57,"ntc1_C",-2.2927144661063,930902
2,2026-08-18 18:24:57,"ntc2_C",-2.11479231179266,924012
2,2026-08-18 18:24:57,"testSB_C",-2.22614913362986,930428
3,2026-08-18 18:24:57,"ntc1_C",-1.71568017498663,911096
3,2026-08-18 18:24:57,"ntc2_C",-1.71545995654833,910083
3,2026-08-18 18:24:57,"testSB_C",-1.61310959408502,906120
4,2026-08-18 18:24:57,"ntc1_C",-1.61136226934707,906760
4,2026-08-18 18:24:57,"ntc2_C",-1.57738206994685,903458
4,2026-08-18 18:24:57,"testSB_C",-1.59017969920666,904092
5,2026-08-18 18:24:57,"ntc1_C",-1.61652318588921,905048
5,2026-08-18 18:24:57,"ntc2_C",-1.65964980478259,907945
5,2026-08-18 18:24:57,"testSB_C",-1.60985683319763,906801
6,2026-08-18 18:24:57,"ntc1_C",-1.63026072079987,906272
6,2026-08-18 18:24:57,"ntc2_C",-1.61618619581986,906647
6,2026-08-18 18:24:57,"testSB_C",-1.61782403950485,906998
7,2026-08-18 18:24:57,"ntc1_C",-1.51083633918017,901673
7,2026-08-18 18:24:57,"ntc2_C",-1.57812597476055,905669
7,2026-08-18 18:24:57,"testSB_C",-1.61110394861521,906997
8,2026-08-18 18:24:57,"ntc1_C",-1.5902230344808,907919
8,2026-08-18 18:24:57,"ntc2_C",-1.52711564785028,902106
8,2026-08-18 18:24:57,"testSB_C",-1.55822575811413,901656
9,2026-08-18 18:24:57,"ntc1_C",-1.52410550356041,901802
9,2026-08-18 18:24:57,"ntc2_C",-1.53008552946653,904974
9,2026-08-18 18:24:57,"testSB_C",-1.51175119000033,902887
10,2026-08-18 18:24:57,"ntc1_C",-1.52542392745698,903902
10,2026-08-18 18:24:57,"ntc2_C",-1.54285369649972,902215
10,2026-08-18 18:24:57,"testSB_C",-1.53654328482958,902604
11,2026-08-18 18:24:57,"ntc1_C",-1.55248016567867,905105
11,2026-08-18 18:24:57,"ntc2_C",-1.48341129321545,902175
11,2026-08-18 18:24:57,"testSB_C",-1.43303591402395,899148
12,2026-08-18 18:24:57,"ntc1_C",-1.48333805065096,901824
12,2026-08-18 18:24:57,"ntc2_C",-1.47493199905779,901002
12,2026-08-18 18:24:57,"testSB_C",-1.50818600925658,902017
13,2026-08-18 18:24:57,"ntc1_C",-1.49007389435303,904605
13,2026-08-18 18:24:57,"ntc2_C",-1.46325593300566,898994
13,2026-08-18 18:24:57,"testSB_C",-1.47823184143255,901024
14,2026-08-18 18:24:57,"ntc1_C",-1.37436366792832,896446
14,2026-08-18 18:24:57,"ntc2_C",-1.48049720421989,902454
14,2026-08-18 18:24:57,"testSB_C",-1.41696154764475,899984
15,2026-08-18 18:24:57,"ntc1_C",-1.50157370393362,900388
15,2026-08-18 18:24:57,"ntc2_C",-1.41953030808816,900379
15,2026-08-18 18:24:57,"testSB_C",-1.42275828200877,900666
16,2026-08-18 18:24:57,"ntc1_C",-1.44672965632225,899210
16,2026-08-18 18:24:57,"ntc2_C",-1.44864307448495,898707
16,2026-08-18 18:24:57,"testSB_C",-1.42436880436185,897772
17,2026-08-18 18:24:57,"ntc1_C",-1.3959704934872,897291
17,2026-08-18 18:24:57,"ntc2_C",-1.43043025530562,898220
17,2026-08-18 18:24:57,"testSB_C",-1.47325611775699,902472
18,2026-08-18 18:24:57,"ntc1_C",-1.428339462439,901269
18,2026-08-18 18:24:57,"ntc2_C",-1.49071879949116,901364
18,2026-08-18 18:24:57,"testSB_C",-1.43983715333474,898650
19,2026-08-18 18:24:57,"ntc1_C",-1.41864146239351,900564
19,2026-08-18 18:24:57,"ntc2_C",-1.49287176035841,902300
19,2026-08-18 18:24:57,"testSB_C",-1.44460408188382,901782
20,2026-08-18 18:24:57,"ntc1_C",-1.32466532633305,895525
20,2026-08-18 18:24:57,"ntc2_C",-1.3876837676749,899318
20,2026-08-18 18:24:57,"testSB_C",-1.27033053789921,892366
21,2026-08-18 18:24:57,"ntc1_C",-1.34829804990386,894972
21,2026-08-18 18:24:57,"ntc2_C",-1.4420108966483,900348
21,2026-08-18 18:24:57,"testSB_C",-1.50371711038275,902688
22,2026-08-18 18:24:57,"ntc1_C",-1.33965965950534,896938
22,2026-08-18 18:24:57,"ntc2_C",-1.4199653819943,900923
22,2026-08-18 18:24:57,"testSB_C",-1.44960749323991,899410
23,2026-08-18 18:24:57,"ntc1_C",-1.43394783694106,902188
23,2026-08-18 18:24:57,"ntc2_C",-1.43351471304953,899925
23,2026-08-18 18:24:57,"testSB_C",-1.51806677336708,901568
24,2026-08-18 18:24:57,"ntc1_C",-1.40843217090827,899383
24,2026-08-18 18:24:57,"ntc2_C",-1.45629698211224,902538
24,2026-08-18 18:24:57,"testSB_C",-1.41003844326559,897561
1,2026-08-18 21:24:57,"ntc1_C",-3.22094314179077,965015
1,2026-08-18 21:24:57,"testSB_C",-3.1661988688665,965123
2,2026-08-18 21:24:57,"ntc1_C",-3.13040636243142,962995
2,2026-08-18 21:24:57,"ntc2_C",-3.10391467291424,961730
2,2026-08-18 21:24:57,"testSB_C",-3.09102405909499,963523
3,2026-08-18 21:24:57,"ntc1_C",-3.01850777023162,960355
3,2026-08-18 21:24:57,"ntc2_C",-3.00731319682131,958883
3,2026-08-18 21:24:57,"testSB_C",-2.99987300038015,958341
4,2026-08-18 21:24:57,"ntc1_C",-2.98348356841745,958471
4,2026-08-18 21:24:57,"ntc2_C",-2.97735168532125,956037
4,2026-08-18 21:24:57,"testSB_C",-2.98277514027978,956422
5,2026-08-18 21:24:57,"ntc1_C",-2.98212674368051,956422
5,2026-08-18 21:24:57,"ntc2_C",-2.97288098816529,957426
5,2026-08-18 21:24:57,"testSB_C",-2.97716575916922,958319
6,2026-08-18 21:24:57,"ntc1_C",-2.98269363279707,957165
6,2026-08-18 21:24:57,"ntc2_C",-2.97184018034898,957717
6,2026-08-18 21:24:57,"testSB_C",-2.97190155376035,958012
7,2026-08-18 21:24:57,"ntc1_C",-2.94317417630651,955416
7,2026-08-18 21:24:57,"ntc2_C",-2.94264766247846,957026
7,2026-08-18 21:24:57,"testSB_C",-2.94574223463951,957250
8,2026-08-18 21:24:57,"ntc1_C",-2.93695901743303,958712
8,2026-08-18 21:24:57,"ntc2_C",-2.92515322306247,954528
8,2026-08-18 21:24:57,"testSB_C",-2.9263570948026,952900
9,2026-08-18 21:24:57,"ntc1_C",-2.90315536716179,953461
9,2026-08-18 21:24:57,"ntc2_C",-2.90090636603009,956538
9,2026-08-18 21:24:57,"testSB_C",-2.89927069217379,954963
10,2026-08-18 21:24:57,"ntc1_C",-2.89506479878764,955324
10,2026-08-18 21:24:57,"ntc2_C",-2.89097786940476,952721
10,2026-08-18 21:24:57,"testSB_C",-2.89862388462558,953682
11,2026-08-18 21:24:57,"ntc1_C",-2.89034010869403,955362
11,2026-08-18 21:24:57,"ntc2_C",-2.88001012080014,954539
11,2026-08-18 21:24:57,"testSB_C",-2.87680615668552,953138
12,2026-08-18 21:24:57,"ntc1_C",-2.87676779516806,954042
12,2026-08-18 21:24:57,"ntc2_C",-2.8746048888388,953414
12,2026-08-18 21:24:57,"testSB_C",-2.88256361876057,953526
13,2026-08-18 21:24:57,"ntc1_C",-2.8749603664171,956675
13,2026-08-18 21:24:57,"ntc2_C",-2.85904827257883,951168
13,2026-08-18 21:24:57,"testSB_C",-2.85362117070468,952527
14,2026-08-18 21:24:57,"ntc1_C",-2.83929338517646,951089
14,2026-08-18 21:24:57,"ntc2_C",-2.83852993146689,953347
14,2026-08-18 21:24:57,"testSB_C",-2.82796379135857,952782
15,2026-08-18 21:24:57,"ntc1_C",-2.81929718197625,949604
15,2026-08-18 21:24:57,"ntc2_C",-2.81208293840768,952498
15,2026-08-18 21:24:57,"testSB_C",-2.81222491041854,952687
16,2026-08-18 21:24:57,"ntc1_C",-2.79986103781471,949749
16,2026-08-18 21:24:57,"ntc2_C",-2.7937158609522,948917
16,2026-08-18 21:24:57,"testSB_C",-2.79116109737595,948764
17,2026-08-18 21:24:57,"ntc1_C",-2.78447025703019,949079
17,2026-08-18 21:24:57,"ntc2_C",-2.77818990876591,948483
17,2026-08-18 21:24:57,"testSB_C",-2.77083163860999,951057
18,2026-08-18 21:24:57,"ntc1_C",-2.76825207102485,951396
18,2026-08-18 21:24:57,"ntc2_C",-2.77058327162166,949169
18,2026-08-18 21:24:57,"testSB_C",-2.76424518310262,948070
19,2026-08-18 21:24:57,"ntc1_C",-2.75393096374034,950493
19,2026-08-18 21:24:57,"ntc2_C",-2.75999578496112,949715
19,2026-08-18 21:24:57,"testSB_C",-2.75017782677384,950644
20,2026-08-18 21:24:57,"ntc1_C",-2.74247286385645,948341
20,2026-08-18 21:24:57,"ntc2_C",-2.74710905355784,950114
20,2026-08-18 21:24:57,"testSB_C",-2.72663102565315,946443
21,2026-08-18 21:24:57,"ntc1_C",-2.74197401707426,946766
21,2026-08-18 21:24:57,"ntc2_C",-2.7412629314689,948879
21,2026-08-18 21:24:57,"testSB_C",-2.75033881310208,949331
22,2026-08-18 21:24:57,"ntc1_C",-2.74255484465613,949237
22,2026-08-18 21:24:57,"ntc2_C",-2.7368186041561,950119
22,2026-08-18 21:24:57,"testSB_C",-2.7456711646783,947751
23,2026-08-18 21:24:57,"ntc1_C",-2.74121558160505,951118
23,2026-08-18 21:24:57,"ntc2_C",-2.73795440043972,948623
23,2026-08-18 21:24:57,"testSB_C",-2.75887907887733,947880
24,2026-08-18 21:24:57,"ntc1_C",-2.75128179635828,949543
24,2026-08-18 21:24:57,"ntc2_C",-2.74240369557492,950680
24,2026-08-18 21:24:57,"testSB_C",-2.7487556754192,947431
1,2026-08-19 00:24:57,"ntc1_C",-5.59513446967469,1062614
1,2026-08-19 00:24:57,"testSB_C",-5.54778808906212,1062991
2,2026-08-19 00:24:57,"ntc1_C",-5.48084225539185,1059351
2,2026-08-19 00:24:57,"ntc2_C",-5.47268419989871,1058732
2,2026-08-19 00:24:57,"testSB_C",-5.44902157296258,1060138
3,2026-08-19 00:24:57,"ntc1_C",-5.45500717151634,1060077
3,2026-08-19 00:24:57,"ntc2_C",-5.43065003840127,1057929
3,2026-08-19 00:24:57,"testSB_C",-5.42244243435647,1057239
4,2026-08-19 00:24:57,"ntc1_C",-5.39548941467666,1056967
4,2026-08-19 00:24:57,"ntc2_C",-5.39136780935729,1054338
4,2026-08-19 00:24:57,"testSB_C",-5.36188338367407,1053266
5,2026-08-19 00:24:57,"ntc1_C",-5.34848900872157,1052779
5,2026-08-19 00:24:57,"ntc2_C",-5.33524448241462,1053654
5,2026-08-19 00:24:57,"testSB_C",-5.31197367434106,1053475
6,2026-08-19 00:24:57,"ntc1_C",-5.30856922540357,1051784
6,2026-08-19 00:24:57,"ntc2_C",-5.32164886823278,1053476
6,2026-08-19 00:24:57,"testSB_C",-5.27296137414527,1051685
7,2026-08-19 00:24:57,"ntc1_C",-5.25654160719944,1049393
7,2026-08-19 00:24:57,"ntc2_C",-5.29574747412966,1052858
7,2026-08-19 00:24:57,"testSB_C",-5.24851523489167,1050908
8,2026-08-19 00:24:57,"ntc1_C",-5.23844693032049,1052498
8,2026-08-19 00:24:57,"ntc2_C",-5.22466233634367,1047790
8,2026-08-19 00:24:57,"testSB_C",-5.25641358097101,1047299
9,2026-08-19 00:24:57,"ntc1_C",-5.20215964671439,1046571
9,2026-08-19 00:24:57,"ntc2_C",-5.20134047366929,1050082
9,2026-08-19 00:24:57,"testSB_C",-5.19179860532068,1047995
10,2026-08-19 00:24:57,"ntc1_C",-5.18841868802781,1048380
10,2026-08-19 00:24:57,"ntc2_C",-5.18349938478661,1045505
10,2026-08-19 00:24:57,"testSB_C",-5.17702873733776,1045981
11,2026-08-19 00:24:57,"ntc1_C",-5.12902453404035,1046083
11,2026-08-19 00:24:57,"ntc2_C",-5.1454156821253,1046337
11,2026-08-19 00:24:57,"testSB_C",-5.11502475080198,1043633
12,2026-08-19 00:24:57,"ntc1_C",-5.1384231421315,1045623
12,2026-08-19 00:24:57,"ntc2_C",-5.11719253652876,1044129
12,2026-08-19 00:24:57,"testSB_C",-5.11779665132832,1043962
13,2026-08-19 00:24:57,"ntc1_C",-5.0947065078837,1046756
13,2026-08-19 00:24:57,"ntc2_C",-5.07431805557684,1040562
13,2026-08-19 00:24:57,"testSB_C",-5.05660887206585,1041519
14,2026-08-19 00:24:57,"ntc1_C",-5.05533162183281,1040452
14,2026-08-19 00:24:57,"ntc2_C",-5.05493516740256,1042942
14,2026-08-19 00:24:57,"testSB_C",-5.05592182148246,1042833
15,2026-08-19 00:24:57,"ntc1_C",-5.03263159576795,1038694
15,2026-08-19 00:24:57,"ntc2_C",-5.04084094961479,1042570
15,2026-08-19 00:24:57,"testSB_C",-5.04208899376039,1042828
16,2026-08-19 00:24:57,"ntc1_C",-5.01519438046523,1038994
16,2026-08-19 00:24:57,"ntc2_C",-5.00385524251828,1037881
16,2026-08-19 00:24:57,"testSB_C",-5.0088964538233,1038039
17,2026-08-19 00:24:57,"ntc1_C",-5.00213903028049,1038362
17,2026-08-19 00:24:57,"ntc2_C",-4.98356155414069,1037159
17,2026-08-19 00:24:57,"testSB_C",-4.96627017640895,1039575
18,2026-08-19 00:24:57,"ntc1_C",-4.97950761758773,1040582
18,2026-08-19 00:24:57,"ntc2_C",-4.97733282694406,1037912
18,2026-08-19 00:24:57,"testSB_C",-4.974716042372,1036974
19,2026-08-19 00:24:57,"ntc1_C",-4.96856470719001,1039773
19,2026-08-19 00:24:57,"ntc2_C",-4.97562880240451,1038976
19,2026-08-19 00:24:57,"testSB_C",-4.95615704973102,1039586
20,2026-08-19 00:24:57,"ntc1_C",-4.9487685251525,1037092
20,2026-08-19 00:24:57,"ntc2_C",-4.97850698396581,1040086
20,2026-08-19 00:24:57,"testSB_C",-4.94183409639857,1035359
21,2026-08-19 00:24:57,"ntc1_C",-4.93668982176962,1034772
21,2026-08-19 00:24:57,"ntc2_C",-4.95310106540018,1037882
21,2026-08-19 00:24:57,"testSB_C",-4.91075381729786,1036221
22,2026-08-19 00:24:57,"ntc1_C",-4.91649278604626,1036667
22,2026-08-19 00:24:57,"ntc2_C",-4.92185918892824,1038044
22,2026-08-19 00:24:57,"testSB_C",-4.89735771146854,1034098
23,2026-08-19 00:24:57,"ntc1_C",-4.90586623601303,1038324
23,2026-08-19 00:24:57,"ntc2_C",-4.91149758074374,1035978
23,2026-08-19 00:24:57,"testSB_C",-4.89382688147344,1033477
24,2026-08-19 00:24:57,"ntc1_C",-4.87436263388634,1034892
24,2026-08-19 00:24:57,"ntc2_C",-4.87594345933428,1036547
24,2026-08-19 00:24:57,"testSB_C",-4.85196946046113,1031710
1,2026-08-19 03:24:57,"ntc1_C",-8.17820730718489,1180469
1,2026-08-19 03:24:57,"testSB_C",-8.1101665021688,1179822
2,2026-08-19 03:24:57,"ntc1_C",-8.02892008650139,1175140
2,2026-08-19 03:24:57,"ntc2_C",-7.99973599627862,1173433
2,2026-08-19 03:24:57,"testSB_C",-7.97169574533808,1174656
3,2026-08-19 03:24:57,"ntc1_C",-7.95570629875942,1173606
3,2026-08-19 03:24:57,"ntc2_C",-7.92577066671299,1171009
3,2026-08-19 03:24:57,"testSB_C",-7.89465711360464,1169091
4,2026-08-19 03:24:57,"ntc1_C",-7.89730558520245,1170243
4,2026-08-19 03:24:57,"ntc2_C",-7.88680216500109,1166998
4,2026-08-19 03:24:57,"testSB_C",-7.86133065735788,1165995
5,2026-08-19 03:24:57,"ntc1_C",-7.85566641347634,1165888
5,2026-08-19 03:24:57,"ntc2_C",-7.84215833000258,1166777
5,2026-08-19 03:24:57,"testSB_C",-7.83053101042395,1167147
6,2026-08-19 03:24:57,"ntc1_C",-7.82847397452201,1165283
6,2026-08-19 03:24:57,"ntc2_C",-7.8306473967474,1166719
6,2026-08-19 03:24:57,"testSB_C",-7.82334758454675,1166654
7,2026-08-19 03:24:57,"ntc1_C",-7.80212079675243,1163934
7,2026-08-19 03:24:57,"ntc2_C",-7.80751227454465,1166172
7,2026-08-19 03:24:57,"testSB_C",-7.80031314840323,1165850
8,2026-08-19 03:24:57,"ntc1_C",-7.79094830661711,1167695
8,2026-08-19 03:24:57,"ntc2_C",-7.78668111999991,1162895
8,2026-08-19 03:24:57,"testSB_C",-7.78903488731379,1160961
9,2026-08-19 03:24:57,"ntc1_C",-7.78299725884949,1162401
9,2026-08-19 03:24:57,"ntc2_C",-7.77945832252789,1166257
9,2026-08-19 03:24:57,"testSB_C",-7.79382490556895,1165049
10,2026-08-19 03:24:57,"ntc1_C",-7.78742135241993,1165269
10,2026-08-19 03:24:57,"ntc2_C",-7.78401131878712,1162172
10,2026-08-19 03:24:57,"testSB_C",-7.7926144422272,1163436
11,2026-08-19 03:24:57,"ntc1_C",-7.8002767728575,1166117
11,2026-08-19 03:24:57,"ntc2_C",-7.79295905605278,1165308
11,2026-08-19 03:24:57,"testSB_C",-7.8047454566705,1164274
12,2026-08-19 03:24:57,"ntc1_C",-7.80209013532385,1165259
12,2026-08-19 03:24:57,"ntc2_C",-7.79892431784481,1164452
12,2026-08-19 03:24:57,"testSB_C",-7.80687993370248,1164646
13,2026-08-19 03:24:57,"ntc1_C",-7.80134626377986,1168588
13,2026-08-19 03:24:57,"ntc2_C",-7.79295155506003,1162280
13,2026-08-19 03:24:57,"testSB_C",-7.79786943027113,1164401
14,2026-08-19 03:24:57,"ntc1_C",-7.79580807967216,1163114
14,2026-08-19 03:24:57,"ntc2_C",-7.78528978724808,1165419
14,2026-08-19 03:24:57,"testSB_C",-7.79221972358567,1165611
15,2026-08-19 03:24:57,"ntc1_C",-7.77159867411478,1161054
15,2026-08-19 03:24:57,"ntc2_C",-7.77407806647341,1165195
15,2026-08-19 03:24:57,"testSB_C",-7.77298864301497,1165373
16,2026-08-19 03:24:57,"ntc1_C",-7.75687835880814,1161596
16,2026-08-19 03:24:57,"ntc2_C",-7.75345708887585,1160751
16,2026-08-19 03:24:57,"testSB_C",-7.74968545950361,1160519
17,2026-08-19 03:24:57,"ntc1_C",-7.7471986438207,1161048
17,2026-08-19 03:24:57,"ntc2_C",-7.73599001064775,1160002
17,2026-08-19 03:24:57,"testSB_C",-7.72022629754832,1162801
18,2026-08-19 03:24:57,"ntc1_C",-7.72241448181632,1163362
18,2026-08-19 03:24:57,"ntc2_C",-7.71897001348913,1160260
18,2026-08-19 03:24:57,"testSB_C",-7.71549097409337,1159323
19,2026-08-19 03:24:57,"ntc1_C",-7.70556178089879,1162233
19,2026-08-19 03:24:57,"ntc2_C",-7.70411236977367,1160956
19,2026-08-19 03:24:57,"testSB_C",-7.70249775526037,1162486
20,2026-08-19 03:24:57,"ntc1_C",-7.6995026616483,1159920
20,2026-08-19 03:24:57,"ntc2_C",-7.7055550653651,1162141
20,2026-08-19 03:24:57,"testSB_C",-7.68977988791522,1157815
21,2026-08-19 03:24:57,"ntc1_C",-7.69062188601509,1157327
21,2026-08-19 03:24:57,"ntc2_C",-7.69417427668958,1160304
21,2026-08-19 03:24:57,"testSB_C",-7.6784651208323,1159715
22,2026-08-19 03:24:57,"ntc1_C",-7.68441435915264,1160205
22,2026-08-19 03:24:57,"ntc2_C",-7.67963700639484,1161197
22,2026-08-19 03:24:57,"testSB_C",-7.67978912728671,1158002
23,2026-08-19 03:24:57,"ntc1_C",-7.68324496298015,1162483
23,2026-08-19 03:24:57,"ntc2_C",-7.67956804165618,1159435
23,2026-08-19 03:24:57,"testSB_C",-7.68389496669761,1157566
24,2026-08-19 03:24:57,"ntc1_C",-7.66315824092521,1159227
24,2026-08-19 03:24:57,"ntc2_C",-7.6582998170739,1160744
24,2026-08-19 03:24:57,"testSB_C",-7.63304257796307,1155235
1,2026-08-19 06:24:57,"ntc1_C",-11.5428995484836,1354248
1,2026-08-19 06:24:57,"testSB_C",-11.4603176800235,1352602
2,2026-08-19 06:24:57,"ntc1_C",-11.353575910078,1345891
2,2026-08-19 06:24:57,"ntc2_C",-11.305783193088,1342895
2,2026-08-19 06:24:57,"testSB_C",-11.2839853654702,1344447
3,2026-08-19 06:24:57,"ntc1_C",-11.1907518419921,1339110
3,2026-08-19 06:24:57,"ntc2_C",-11.1695232226994,1336694
3,2026-08-19 06:24:57,"testSB_C",-11.1416657599502,1334594
4,2026-08-19 06:24:57,"ntc1_C",-11.1071447662484,1333951
4,2026-08-19 06:24:57,"ntc2_C",-11.0768580573406,1329141
4,2026-08-19 06:24:57,"testSB_C",-11.0910012562949,1330141
5,2026-08-19 06:24:57,"ntc1_C",-11.0804602387606,1329849
5,2026-08-19 06:24:57,"ntc2_C",-11.0540476965708,1330067
5,2026-08-19 06:24:57,"testSB_C",-11.0555401040589,1331222
6,2026-08-19 06:24:57,"ntc1_C",-11.0599217025104,1329359
6,2026-08-19 06:24:57,"ntc2_C",-11.0363779665424,1329717
6,2026-08-19 06:24:57,"testSB_C",-11.0419649065158,1330281
7,2026-08-19 06:24:57,"ntc1_C",-11.0066568806128,1326501
7,2026-08-19 06:24:57,"ntc2_C",-10.9818479254524,1327408
7,2026-08-19 06:24:57,"testSB_C",-10.9950077189357,1328066
8,2026-08-19 06:24:57,"ntc1_C",-10.9727778471372,1329531
8,2026-08-19 06:24:57,"ntc2_C",-10.95056982144,1323076
8,2026-08-19 06:24:57,"testSB_C",-10.9443401851905,1320413
9,2026-08-19 06:24:57,"ntc1_C",-10.9211345293927,1321084
9,2026-08-19 06:24:57,"ntc2_C",-10.9143015328837,1325397
9,2026-08-19 06:24:57,"testSB_C",-10.9200663172507,1323534
10,2026-08-19 06:24:57,"ntc1_C",-10.9079675476394,1323380
10,2026-08-19 06:24:57,"ntc2_C",-10.888525317167,1319047
10,2026-08-19 06:24:57,"testSB_C",-10.9112042458182,1321267
11,2026-08-19 06:24:57,"ntc1_C",-10.9225033981589,1324417
11,2026-08-19 06:24:57,"ntc2_C",-10.8914483923016,1322260
11,2026-08-19 06:24:57,"testSB_C",-10.8886145947821,1320284
12,2026-08-19 06:24:57,"ntc1_C",-10.8564219328628,1319795
12,2026-08-19 06:24:57,"ntc2_C",-10.8623537542703,1319377
12,2026-08-19 06:24:57,"testSB_C",-10.8704533377554,1319651
13,2026-08-19 06:24:57,"ntc1_C",-10.8606392890101,1323856
13,2026-08-19 06:24:57,"ntc2_C",-10.8344765477824,1315824
13,2026-08-19 06:24:57,"testSB_C",-10.8423610323072,1318354
14,2026-08-19 06:24:57,"ntc1_C",-10.8314702794264,1316358
14,2026-08-19 06:24:57,"ntc2_C",-10.8206074353583,1318942
14,2026-08-19 06:24:57,"testSB_C",-10.826081656224,1319121
15,2026-08-19 06:24:57,"ntc1_C",-10.8161883073482,1314482
15,2026-08-19 06:24:57,"ntc2_C",-10.7878671876599,1317607
15,2026-08-19 06:24:57,"testSB_C",-10.7729077675789,1317055
16,2026-08-19 06:24:57,"ntc1_C",-10.7756348375826,1313805
16,2026-08-19 06:24:57,"ntc2_C",-10.7615302187088,1312313
16,2026-08-19 06:24:57,"testSB_C",-10.7570871102851,1312023
17,2026-08-19 06:24:57,"ntc1_C",-10.7504854577678,1312350
17,2026-08-19 06:24:57,"ntc2_C",-10.7343994923233,1310847
17,2026-08-19 06:24:57,"testSB_C",-10.7196163311775,1314088
18,2026-08-19 06:24:57,"ntc1_C",-10.709525670618,1314010
18,2026-08-19 06:24:57,"ntc2_C",-10.6933437946129,1309764
18,2026-08-19 06:24:57,"testSB_C",-10.6880093244764,1308796
19,2026-08-19 06:24:57,"ntc1_C",-10.6649459702854,1311324
19,2026-08-19 06:24:57,"ntc2_C",-10.6638834494512,1309923
19,2026-08-19 06:24:57,"testSB_C",-10.6466013029406,1310819
20,2026-08-19 06:24:57,"ntc1_C",-10.6479690838141,1308179
20,2026-08-19 06:24:57,"ntc2_C",-10.621143833343,1308911
20,2026-08-19 06:24:57,"testSB_C",-10.6265605985921,1305148
21,2026-08-19 06:24:57,"ntc1_C",-10.6482453083307,1305575
21,2026-08-19 06:24:57,"ntc2_C",-10.6164669653552,1307162
21,2026-08-19 06:24:57,"testSB_C",-10.6302421010997,1308093
22,2026-08-19 06:24:57,"ntc1_C",-10.6096601385898,1307215
22,2026-08-19 06:24:57,"ntc2_C",-10.5918289276364,1307558
22,2026-08-19 06:24:57,"testSB_C",-10.6019826395139,1304570
23,2026-08-19 06:24:57,"ntc1_C",-10.586352220443,1308555
23,2026-08-19 06:24:57,"ntc2_C",-10.5674875384369,1304350
23,2026-08-19 06:24:57,"testSB_C",-10.5889658676096,1303030
24,2026-08-19 06:24:57,"ntc1_C",-10.5608211374721,1304664
24,2026-08-19 06:24:57,"ntc2_C",-10.5443548137406,1305715
24,2026-08-19 06:24:57,"testSB_C",-10.5356371813558,1300371
1,2026-08-19 09:24:57,"ntc1_C",-3.89360418668781,991681
1,2026-08-19 09:24:57,"testSB_C",-3.86112947196108,992671
2,2026-08-19 09:24:57,"ntc1_C",-4.04010219231765,999159
2,2026-08-19 09:24:57,"ntc2_C",-3.95718362794275,995560
2,2026-08-19 09:24:57,"testSB_C",-3.99673786819858,999502
3,2026-08-19 09:24:57,"ntc1_C",-3.23584917440473,968840
3,2026-08-19 09:24:57,"ntc2_C",-3.36654919435625,972934
3,2026-08-19 09:24:57,"testSB_C",-3.37171108474956,972872
4,2026-08-19 09:24:57,"ntc1_C",-3.17895058968543,966085
4,2026-08-19 09:24:57,"ntc2_C",-3.16442674314874,963302
4,2026-08-19 09:24:57,"testSB_C",-3.37321856530622,971656
5,2026-08-19 09:24:57,"ntc1_C",-3.39923191817383,972715
5,2026-08-19 09:24:57,"ntc2_C",-3.34224397373447,971846
5,2026-08-19 09:24:57,"testSB_C",-3.41170434945025,975326
6,2026-08-19 09:24:57,"ntc1_C",-3.43016841277716,974655
6,2026-08-19 09:24:57,"ntc2_C",-3.33395777821431,971862
6,2026-08-19 09:24:57,"testSB_C",-3.48164201027265,977986
7,2026-08-19 09:24:57,"ntc1_C",-3.33490931902344,970691
7,2026-08-19 09:24:57,"ntc2_C",-3.18216503422406,966351
7,2026-08-19 09:24:57,"testSB_C",-3.47304382765572,977900
8,2026-08-19 09:24:57,"ntc1_C",-3.44698881978638,978717
8,2026-08-19 09:24:57,"ntc2_C",-3.41343570696472,973581
8,2026-08-19 09:24:57,"testSB_C",-3.26793288289338,966164
9,2026-08-19 09:24:57,"ntc1_C",-3.44245052836391,974498
9,2026-08-19 09:24:57,"ntc2_C",-3.35915382883587,974454
9,2026-08-19 09:24:57,"testSB_C",-3.37879108860807,973684
10,2026-08-19 09:24:57,"ntc1_C",-3.40893442735785,975399
10,2026-08-19 09:24:57,"ntc2_C",-3.27674414744268,967712
10,2026-08-19 09:24:57,"testSB_C",-3.35655911005529,971527
11,2026-08-19 09:24:57,"ntc1_C",-3.4611019091538,977684
11,2026-08-19 09:24:57,"ntc2_C",-3.2851288461776,970317
11,2026-08-19 09:24:57,"testSB_C",-3.30830025984369,969925
12,2026-08-19 09:24:57,"ntc1_C",-3.20293076486371,966716
12,2026-08-19 09:24:57,"ntc2_C",-3.29754657432198,969872
12,2026-08-19 09:24:57,"testSB_C",-3.34260674117024,971448
13,2026-08-19 09:24:57,"ntc1_C",-3.33655105472923,974719
13,2026-08-19 09:24:57,"ntc2_C",-3.2855444022677,967735
13,2026-08-19 09:24:57,"testSB_C",-3.34519998231826,971674
14,2026-08-19 09:24:57,"ntc1_C",-3.28266799342833,968306
14,2026-08-19 09:24:57,"ntc2_C",-3.27383942908762,970289
14,2026-08-19 09:24:57,"testSB_C",-3.26443311157533,969763
15,2026-08-19 09:24:57,"ntc1_C",-3.37597209234963,971234
15,2026-08-19 09:24:57,"ntc2_C",-3.17887814588994,966745
15,2026-08-19 09:24:57,"testSB_C",-3.13405976808718,965179
16,2026-08-19 09:24:57,"ntc1_C",-3.31240391414389,969661
16,2026-08-19 09:24:57,"ntc2_C",-3.34610733121622,970380
16,2026-08-19 09:24:57,"testSB_C",-3.30931611072134,968880
17,2026-08-19 09:24:57,"ntc1_C",-3.29732423429459,968990
17,2026-08-19 09:24:57,"ntc2_C",-3.31675304604244,969383
17,2026-08-19 09:24:57,"testSB_C",-3.43057128527266,976801
18,2026-08-19 09:24:57,"ntc1_C",-3.34278711028526,973775
18,2026-08-19 09:24:57,"ntc2_C",-3.27097015865229,968574
18,2026-08-19 09:24:57,"testSB_C",-3.32678344697956,969914
19,2026-08-19 09:24:57,"ntc1_C",-3.34335242002953,973446
19,2026-08-19 09:24:57,"ntc2_C",-3.36108481288596,973112
19,2026-08-19 09:24:57,"testSB_C",-3.31507417766022,972637
20,2026-08-19 09:24:57,"ntc1_C",-3.26842851511202,968754
20,2026-08-19 09:24:57,"ntc2_C",-3.12819658402952,964886
20,2026-08-19 09:24:57,"testSB_C",-3.15528648964386,963006
21,2026-08-19 09:24:57,"ntc1_C",-3.28923680125246,967954
21,2026-08-19 09:24:57,"ntc2_C",-3.15825180541646,965029
21,2026-08-19 09:24:57,"testSB_C",-3.45245587472857,976705
22,2026-08-19 09:24:57,"ntc1_C",-3.30301746246232,971015
22,2026-08-19 09:24:57,"ntc2_C",-3.22392147230568,969023
22,2026-08-19 09:24:57,"testSB_C",-3.35963284793667,971594
23,2026-08-19 09:24:57,"ntc1_C",-3.26681022045705,971566
23,2026-08-19 09:24:57,"ntc2_C",-3.25874112512361,968829
23,2026-08-19 09:24:57,"testSB_C",-3.42883401056838,973915
24,2026-08-19 09:24:57,"ntc1_C",-3.37298856338322,973749
24,2026-08-19 09:24:57,"ntc2_C",-3.305402385261,972593
24,2026-08-19 09:24:57,"testSB_C",-3.32032035771465,969599
1,2026-08-19 12:24:57,"ntc1_C",0.613752337845767,826710
1,2026-08-19 12:24:57,"testSB_C",0.619965363273707,828494
2,2026-08-19 12:24:57,"ntc1_C",0.192287301037368,842140
2,2026-08-19 12:24:57,"ntc2_C",0.42009952235162,834275
2,2026-08-19 12:24:57,"testSB_C",0.483447395408064,834259
3,2026-08-19 12:24:57,"ntc1_C",1.73786456535714,792960
3,2026-08-19 12:24:57,"ntc2_C",1.50292024394986,799530
3,2026-08-19 12:24:57,"testSB_C",1.24409405784473,807743
4,2026-08-19 12:24:57,"ntc1_C",1.7271347512247,792833
4,2026-08-19 12:24:57,"ntc2_C",1.7793945984082,789413
4,2026-08-19 12:24:57,"testSB_C",1.27743732416332,805602
5,2026-08-19 12:24:57,"ntc1_C",1.18098701896002,808664
5,2026-08-19 12:24:57,"ntc2_C",1.41632532349848,802293
5,2026-08-19 12:24:57,"testSB_C",1.29703739571539,806722
6,2026-08-19 12:24:57,"ntc1_C",1.09531206175836,812164
6,2026-08-19 12:24:57,"ntc2_C",1.53522336130413,798694
6,2026-08-19 12:24:57,"testSB_C",0.798178367610262,822945
7,2026-08-19 12:24:57,"ntc1_C",1.35617833035565,803438
7,2026-08-19 12:24:57,"ntc2_C",1.72622980603353,792963
7,2026-08-19 12:24:57,"testSB_C",1.10978216848252,812955
8,2026-08-19 12:24:57,"ntc1_C",1.1421317726028,813375
8,2026-08-19 12:24:57,"ntc2_C",1.20480218910757,808232
8,2026-08-19 12:24:57,"testSB_C",1.55058636461717,795715
9,2026-08-19 12:24:57,"ntc1_C",1.18622764281133,808680
9,2026-08-19 12:24:57,"ntc2_C",1.44881154651148,802759
9,2026-08-19 12:24:57,"testSB_C",1.06668164661772,813901
10,2026-08-19 12:24:57,"ntc1_C",1.21679759258109,809511
10,2026-08-19 12:24:57,"ntc2_C",1.58754346532891,795514
10,2026-08-19 12:24:57,"testSB_C",1.28695825479707,805680
11,2026-08-19 12:24:57,"ntc1_C",1.06371414253482,814701
11,2026-08-19 12:24:57,"ntc2_C",1.56306601050392,798175
11,2026-08-19 12:24:57,"testSB_C",1.37191211028846,803262
12,2026-08-19 12:24:57,"ntc1_C",1.77589913231571,791096
12,2026-08-19 12:24:57,"ntc2_C",1.55073520924452,797802
12,2026-08-19 12:24:57,"testSB_C",0.870073637427254,819684
13,2026-08-19 12:24:57,"ntc1_C",1.33799966000561,807315
13,2026-08-19 12:24:57,"ntc2_C",1.65767087924417,792938
13,2026-08-19 12:24:57,"testSB_C",1.38271082019008,803054
14,2026-08-19 12:24:57,"ntc1_C",1.48185903099608,799193
14,2026-08-19 12:24:57,"ntc2_C",1.65730438083955,795493
14,2026-08-19 12:24:57,"testSB_C",1.51677269003278,799825
15,2026-08-19 12:24:57,"ntc1_C",1.28978093368761,804790
15,2026-08-19 12:24:57,"ntc2_C",1.65205573888232,795752
15,2026-08-19 12:24:57,"testSB_C",1.74828282849285,792828
16,2026-08-19 12:24:57,"ntc1_C",1.23032969158629,807381
16,2026-08-19 12:24:57,"ntc2_C",1.47455386030464,798990
16,2026-08-19 12:24:57,"testSB_C",1.35528627901027,802766
17,2026-08-19 12:24:57,"ntc1_C",1.45736140565208,799980
17,2026-08-19 12:24:57,"ntc2_C",1.4412334662382,800242
17,2026-08-19 12:24:57,"testSB_C",1.19118457080776,810708
18,2026-08-19 12:24:57,"ntc1_C",1.31558981243165,807088
18,2026-08-19 12:24:57,"ntc2_C",1.47311326316878,800128
18,2026-08-19 12:24:57,"testSB_C",1.30979604330452,804505
19,2026-08-19 12:24:57,"ntc1_C",1.29162263452099,807516
19,2026-08-19 12:24:57,"ntc2_C",1.32348236525763,805612
19,2026-08-19 12:24:57,"testSB_C",1.44076999175735,802934
20,2026-08-19 12:24:57,"ntc1_C",1.40023551779018,802521
20,2026-08-19 12:24:57,"ntc2_C",1.8177225101129,790533
20,2026-08-19 12:24:57,"testSB_C",1.64474336812805,793665
21,2026-08-19 12:24:57,"ntc1_C",1.36887821414035,802384
21,2026-08-19 12:24:57,"ntc2_C",1.64257769489086,795300
21,2026-08-19 12:24:57,"testSB_C",1.05899282516913,814215
22,2026-08-19 12:24:57,"ntc1_C",1.29675590706432,806698
22,2026-08-19 12:24:57,"ntc2_C",1.67625062732833,795536
22,2026-08-19 12:24:57,"testSB_C",1.12555068308808,810909
23,2026-08-19 12:24:57,"ntc1_C",1.28154407819341,808820
23,2026-08-19 12:24:57,"ntc2_C",1.57880968172043,797256
23,2026-08-19 12:24:57,"testSB_C",1.20821261598741,807987
24,2026-08-19 12:24:57,"ntc1_C",1.27128340042111,807437
24,2026-08-19 12:24:57,"ntc2_C",0.789812701638084,824509
24,2026-08-19 12:24:57,"testSB_C",1.01780449737549,814039
1,2026-08-19 15:24:57,"ntc1_C",1.63953529157573,793382
1,2026-08-19 15:24:57,"testSB_C",1.49838778655379,799817
2,2026-08-19 15:24:57,"ntc1_C",1.44067557661623,800965
2,2026-08-19 15:24:57,"ntc2_C",1.62627212706991,794855
2,2026-08-19 15:24:57,"testSB_C",1.58478169118649,798226
3,2026-08-19 15:24:57,"ntc1_C",2.85043796728399,758451
3,2026-08-19 15:24:57,"ntc2_C",2.57895512647644,765817
3,2026-08-19 15:24:57,"testSB_C",2.57847629670283,765736
4,2026-08-19 15:24:57,"ntc1_C",2.66275771643342,763702
4,2026-08-19 15:24:57,"ntc2_C",2.67225991445287,761722
4,2026-08-19 15:24:57,"testSB_C",2.49354877125495,767328
5,2026-08-19 15:24:57,"ntc1_C",2.43386078036531,769081
5,2026-08-19 15:24:57,"ntc2_C",2.45498546728101,769628
5,2026-08-19 15:24:57,"testSB_C",2.54283875632007,767478
6,2026-08-19 15:24:57,"ntc1_C",2.31272557972181,773526
6,2026-08-19 15:24:57,"ntc2_C",2.40320212876554,771417
6,2026-08-19 15:24:57,"testSB_C",2.37676822276342,772509
7,2026-08-19 15:24:57,"ntc1_C",2.53366072773707,766439
7,2026-08-19 15:24:57,"ntc2_C",2.51411843591978,768350
7,2026-08-19 15:24:57,"testSB_C",2.45557856320579,770312
8,2026-08-19 15:24:57,"ntc1_C",2.35250694679172,774882
8,2026-08-19 15:24:57,"ntc2_C",2.49191969668516,767649
8,2026-08-19 15:24:57,"testSB_C",2.57991280954599,763617
9,2026-08-19 15:24:57,"ntc1_C",2.44499806770358,768952
9,2026-08-19 15:24:57,"ntc2_C",2.59203421473734,766849
9,2026-08-19 15:24:57,"testSB_C",2.47710986626305,769204
10,2026-08-19 15:24:57,"ntc1_C",2.53029406936736,768054
10,2026-08-19 15:24:57,"ntc2_C",2.56433466529649,765027
10,2026-08-19 15:24:57,"testSB_C",2.45170603599001,768968
11,2026-08-19 15:24:57,"ntc1_C",2.44957844925545,770735
11,2026-08-19 15:24:57,"ntc2_C",2.64853625937798,764259
11,2026-08-19 15:24:57,"testSB_C",2.63388267712679,763717
12,2026-08-19 15:24:57,"ntc1_C",2.71355420349261,761982
12,2026-08-19 15:24:57,"ntc2_C",2.73986473655691,760742
12,2026-08-19 15:24:57,"testSB_C",2.58995072930787,765125
13,2026-08-19 15:24:57,"ntc1_C",2.70605070579592,764287
13,2026-08-19 15:24:57,"ntc2_C",2.94483446757687,753137
13,2026-08-19 15:24:57,"testSB_C",2.8312858065031,757813
14,2026-08-19 15:24:57,"ntc1_C",2.98793695952259,752474
14,2026-08-19 15:24:57,"ntc2_C",2.87548074880038,757664
14,2026-08-19 15:24:57,"testSB_C",2.83944050019471,758598
15,2026-08-19 15:24:57,"ntc1_C",2.81123797027641,757267
15,2026-08-19 15:24:57,"ntc2_C",2.96011257425994,755183
15,2026-08-19 15:24:57,"testSB_C",2.94292062504934,755828
16,2026-08-19 15:24:57,"ntc1_C",2.84364489955072,756884
16,2026-08-19 15:24:57,"ntc2_C",3.06713295135137,749663
16,2026-08-19 15:24:57,"testSB_C",3.01354374506872,751215
17,2026-08-19 15:24:57,"ntc1_C",3.17408313157949,746874
17,2026-08-19 15:24:57,"ntc2_C",3.11027898543108,748555
17,2026-08-19 15:24:57,"testSB_C",3.08852383447868,751416
18,2026-08-19 15:24:57,"ntc1_C",3.1854531987446,748918
18,2026-08-19 15:24:57,"ntc2_C",2.97923610494598,753366
18,2026-08-19 15:24:57,"testSB_C",3.14238306281942,747604
19,2026-08-19 15:24:57,"ntc1_C",3.23618331943106,747062
19,2026-08-19 15:24:57,"ntc2_C",3.1029510686912,750228
19,2026-08-19 15:24:57,"testSB_C",3.26798277316533,746328
20,2026-08-19 15:24:57,"ntc1_C",3.48489704269855,738302
20,2026-08-19 15:24:57,"ntc2_C",3.37338519282326,742849
20,2026-08-19 15:24:57,"testSB_C",3.76363965738562,729228
21,2026-08-19 15:24:57,"ntc1_C",3.5244082927203,736174
21,2026-08-19 15:24:57,"ntc2_C",3.34442447851563,742977
21,2026-08-19 15:24:57,"testSB_C",3.25688206407142,745653
22,2026-08-19 15:24:57,"ntc1_C",3.61761263312508,735222
22,2026-08-19 15:24:57,"ntc2_C",3.63195794927736,735781
22,2026-08-19 15:24:57,"testSB_C",3.30127232854585,743338
23,2026-08-19 15:24:57,"ntc1_C",3.32145927180915,745439
23,2026-08-19 15:24:57,"ntc2_C",3.59194083931726,735623
23,2026-08-19 15:24:57,"testSB_C",3.33695852833802,742103
24,2026-08-19 15:24:57,"ntc1_C",3.57229515945539,736430
24,2026-08-19 15:24:57,"ntc2_C",3.37874136579779,743346
24,2026-08-19 15:24:57,"testSB_C",3.34894598935568,741565
1,2026-08-19 18:24:57,"ntc1_C",-0.0444122819903896,848874
1,2026-08-19 18:24:57,"testSB_C",-0.143402343665628,854301
2,2026-08-19 18:24:57,"ntc1_C",0.105576763528802,845082
2,2026-08-19 18:24:57,"ntc2_C",0.493555884144996,831816
2,2026-08-19 18:24:57,"testSB_C",0.115743345374369,846670
3,2026-08-19 18:24:57,"ntc1_C",0.912051968307878,819652
3,2026-08-19 18:24:57,"ntc2_C",1.07402493194081,813404
3,2026-08-19 18:24:57,"testSB_C",1.36933897007486,803698
4,2026-08-19 18:24:57,"ntc1_C",0.917837023186621,818984
4,2026-08-19 18:24:57,"ntc2_C",0.925088353703927,816912
4,2026-08-19 18:24:57,"testSB_C",1.41772553923158,801085
5,2026-08-19 18:24:57,"ntc1_C",1.28923685153819,805160
5,2026-08-19 18:24:57,"ntc2_C",1.00168343471915,815742
5,2026-08-19 18:24:57,"testSB_C",1.3765374278629,804155
6,2026-08-19 18:24:57,"ntc1_C",1.22302692017701,808016
6,2026-08-19 18:24:57,"ntc2_C",0.979411452057548,816698
6,2026-08-19 18:24:57,"testSB_C",1.34336426201384,805142
7,2026-08-19 18:24:57,"ntc1_C",1.42341353089631,801275
7,2026-08-19 18:24:57,"ntc2_C",0.808598170591324,822690
7,2026-08-19 18:24:57,"testSB_C",1.42011243233134,802904
8,2026-08-19 18:24:57,"ntc1_C",1.34330056472248,806839
8,2026-08-19 18:24:57,"ntc2_C",1.50348953212676,798615
8,2026-08-19 18:24:57,"testSB_C",1.09212418730237,810471
9,2026-08-19 18:24:57,"ntc1_C",1.45236180004679,800102
9,2026-08-19 18:24:57,"ntc2_C",1.31678439990901,807020
9,2026-08-19 18:24:57,"testSB_C",1.39000764412907,803416
10,2026-08-19 18:24:57,"ntc1_C",1.44238481564361,802225
10,2026-08-19 18:24:57,"ntc2_C",1.02194145819112,813756
10,2026-08-19 18:24:57,"testSB_C",1.24493133045672,807039
11,2026-08-19 18:24:57,"ntc1_C",1.41195525443408,803408
11,2026-08-19 18:24:57,"ntc2_C",1.22325136007629,809119
11,2026-08-19 18:24:57,"testSB_C",1.43017799897655,801389
12,2026-08-19 18:24:57,"ntc1_C",0.895848909625215,819499
12,2026-08-19 18:24:57,"ntc2_C",1.25412819528248,807342
12,2026-08-19 18:24:57,"testSB_C",1.20597679596165,808712
13,2026-08-19 18:24:57,"ntc1_C",1.25546039010862,809992
13,2026-08-19 18:24:57,"ntc2_C",1.31418602974367,803933
13,2026-08-19 18:24:57,"testSB_C",1.43017515854677,801527
14,2026-08-19 18:24:57,"ntc1_C",1.65894989441648,793543
14,2026-08-19 18:24:57,"ntc2_C",1.19682773982589,810311
14,2026-08-19 18:24:57,"testSB_C",1.36660813079789,804654
15,2026-08-19 18:24:57,"ntc1_C",1.37182856520843,802148
15,2026-08-19 18:24:57,"ntc2_C",1.17906033955023,810987
15,2026-08-19 18:24:57,"testSB_C",1.04109423283256,815634
16,2026-08-19 18:24:57,"ntc1_C",1.38229944795199,802475
16,2026-08-19 18:24:57,"ntc2_C",1.44123937025478,800058
16,2026-08-19 18:24:57,"testSB_C",1.44075687314637,800019
17,2026-08-19 18:24:57,"ntc1_C",1.55438707875226,796874
17,2026-08-19 18:24:57,"ntc2_C",1.42154109485432,800874
17,2026-08-19 18:24:57,"testSB_C",1.50933080394509,800429
18,2026-08-19 18:24:57,"ntc1_C",1.5560736199771,799345
18,2026-08-19 18:24:57,"ntc2_C",1.0421446147148,814069
18,2026-08-19 18:24:57,"testSB_C",1.36100337504683,802854
19,2026-08-19 18:24:57,"ntc1_C",1.46675712284093,801864
19,2026-08-19 18:24:57,"ntc2_C",1.19763346314653,809690
19,2026-08-19 18:24:57,"testSB_C",1.31712067047442,806926
20,2026-08-19 18:24:57,"ntc1_C",1.65989264472154,794208
20,2026-08-19 18:24:57,"ntc2_C",1.0367277891034,815689
20,2026-08-19 18:24:57,"testSB_C",1.68464730635657,792397
21,2026-08-19 18:24:57,"ntc1_C",1.6214259485987,794309
21,2026-08-19 18:24:57,"ntc2_C",0.982745669180758,816628
21,2026-08-19 18:24:57,"testSB_C",1.38778353417331,803546
22,2026-08-19 18:24:57,"ntc1_C",1.68803554923636,794147
22,2026-08-19 18:24:57,"ntc2_C",1.28489607068371,808103
22,2026-08-19 18:24:57,"testSB_C",1.36108562983634,803288
23,2026-08-19 18:24:57,"ntc1_C",1.22378202381651,810696
23,2026-08-19 18:24:57,"ntc2_C",1.28055299607394,806845
23,2026-08-19 18:24:57,"testSB_C",1.29805459633963,805084
24,2026-08-19 18:24:57,"ntc1_C",1.64246703330082,795507
24,2026-08-19 18:24:57,"ntc2_C",1.24479622175483,809590
24,2026-08-19 18:24:57,"testSB_C",1.5836080969504,795782
1,2026-08-19 21:24:57,"ntc1_C",-4.97105842080083,1036005
1,2026-08-19 21:24:57,"testSB_C",-4.89869700269793,1035336
2,2026-08-19 21:24:57,"ntc1_C",-4.88254985571149,1033911
2,2026-08-19 21:24:57,"ntc2_C",-4.838185260427,1031792
2,2026-08-19 21:24:57,"testSB_C",-4.82339961139616,1033562
3,2026-08-19 21:24:57,"ntc1_C",-4.75577609166038,1030404
3,2026-08-19 21:24:57,"ntc2_C",-4.7443815580167,1028846
3,2026-08-19 21:24:57,"testSB_C",-4.72438086505838,1027699
4,2026-08-19 21:24:57,"ntc1_C",-4.69013015824333,1027120
4,2026-08-19 21:24:57,"ntc2_C",-4.67191917937538,1023988
4,2026-08-19 21:24:57,"testSB_C",-4.66093189024883,1023717
5,2026-08-19 21:24:57,"ntc1_C",-4.64875119160337,1023278
5,2026-08-19 21:24:57,"ntc2_C",-4.62914273063956,1023881
5,2026-08-19 21:24:57,"testSB_C",-4.60271268074172,1023572
6,2026-08-19 21:24:57,"ntc1_C",-4.60859919737436,1022327
6,2026-08-19 21:24:57,"ntc2_C",-4.58331044102738,1022359
6,2026-08-19 21:24:57,"testSB_C",-4.56189973100987,1021763
7,2026-08-19 21:24:57,"ntc1_C",-4.53387585579696,1019045
7,2026-08-19 21:24:57,"ntc2_C",-4.52327767802655,1020344
7,2026-08-19 21:24:57,"testSB_C",-4.51475937195414,1020072
8,2026-08-19 21:24:57,"ntc1_C",-4.50862049233024,1021766
8,2026-08-19 21:24:57,"ntc2_C",-4.49088287484813,1017041
8,2026-08-19 21:24:57,"testSB_C",-4.47103522678663,1014438
9,2026-08-19 21:24:57,"ntc1_C",-4.45969255801737,1015508
9,2026-08-19 21:24:57,"ntc2_C",-4.44236696288442,1018210
9,2026-08-19 21:24:57,"testSB_C",-4.44203136931503,1016573
10,2026-08-19 21:24:57,"ntc1_C",-4.43262250046178,1016713
10,2026-08-19 21:24:57,"ntc2_C",-4.40493427887878,1012983
10,2026-08-19 21:24:57,"testSB_C",-4.4257056704086,1014559
11,2026-08-19 21:24:57,"ntc1_C",-4.41557382368262,1016236
11,2026-08-19 21:24:57,"ntc2_C",-4.38248287868942,1014437
11,2026-08-19 21:24:57,"testSB_C",-4.36482063545066,1012344
12,2026-08-19 21:24:57,"ntc1_C",-4.33579296114362,1012118
12,2026-08-19 21:24:57,"ntc2_C",-4.33688293480418,1011587
12,2026-08-19 21:24:57,"testSB_C",-4.33507728358848,1011319
13,2026-08-19 21:24:57,"ntc1_C",-4.30873225189941,1013892
13,2026-08-19 21:24:57,"ntc2_C",-4.28651602304592,1007810
13,2026-08-19 21:24:57,"testSB_C",-4.28262660567674,1009307
14,2026-08-19 21:24:57,"ntc1_C",-4.27335824547509,1007961
14,2026-08-19 21:24:57,"ntc2_C",-4.2526450327116,1009540
14,2026-08-19 21:24:57,"testSB_C",-4.24579732976434,1009106
15,2026-08-19 21:24:57,"ntc1_C",-4.23630295324779,1005679
15,2026-08-19 21:24:57,"ntc2_C",-4.20525630642055,1007805
15,2026-08-19 21:24:57,"testSB_C",-4.1929472308982,1007499
16,2026-08-19 21:24:57,"ntc1_C",-4.1827742028849,1004478
16,2026-08-19 21:24:57,"ntc2_C",-4.16882789114874,1003290
16,2026-08-19 21:24:57,"testSB_C",-4.16090836326737,1002913
17,2026-08-19 21:24:57,"ntc1_C",-4.14808757784448,1002986
17,2026-08-19 21:24:57,"ntc2_C",-4.12202392383688,1001533
17,2026-08-19 21:24:57,"testSB_C",-4.11011410366478,1004078
18,2026-08-19 21:24:57,"ntc1_C",-4.10045084329579,1004129
18,2026-08-19 21:24:57,"ntc2_C",-4.08293338644262,1000947
18,2026-08-19 21:24:57,"testSB_C",-4.08080720494064,1000020
19,2026-08-19 21:24:57,"ntc1_C",-4.06902766632788,1002501
19,2026-08-19 21:24:57,"ntc2_C",-4.05937750947891,1001049
19,2026-08-19 21:24:57,"testSB_C",-4.04294502867197,1001760
20,2026-08-19 21:24:57,"ntc1_C",-4.02328362428261,998855
20,2026-08-19 21:24:57,"ntc2_C",-4.01133562003361,1000047
20,2026-08-19 21:24:57,"testSB_C",-3.99111957451782,996178
21,2026-08-19 21:24:57,"ntc1_C",-3.99255900181606,995913
21,2026-08-19 21:24:57,"ntc2_C",-3.97007820057689,997299
21,2026-08-19 21:24:57,"testSB_C",-3.97919054349535,997781
22,2026-08-19 21:24:57,"ntc1_C",-3.96887424605944,997568
22,2026-08-19 21:24:57,"ntc2_C",-3.94168967286765,997598
22,2026-08-19 21:24:57,"testSB_C",-3.93767386385866,994615
23,2026-08-19 21:24:57,"ntc1_C",-3.92443372417256,997798
23,2026-08-19 21:24:57,"ntc2_C",-3.91071639621123,994760
23,2026-08-19 21:24:57,"testSB_C",-3.91677638097627,993346
24,2026-08-19 21:24:57,"ntc1_C",-3.89492094229445,994567
24,2026-08-19 21:24:57,"ntc2_C",-3.88531874802646,995716
24,2026-08-19 21:24:57,"testSB_C",-3.8623272166256,991121
1,2026-08-20 00:24:57,"ntc1_C",-2.18177049165956,925284
1,2026-08-20 00:24:57,"testSB_C",-2.14448002043343,926064
2,2026-08-20 00:24:57,"ntc1_C",-2.14679026619967,925427
2,2026-08-20 00:24:57,"ntc2_C",-2.13280925170437,924685
2,2026-08-20 00:24:57,"testSB_C",-2.13766796516359,927110
3,2026-08-20 00:24:57,"ntc1_C",-2.14101814996218,926880
3,2026-08-20 00:24:57,"ntc2_C",-2.12825147920398,925387
3,2026-08-20 00:24:57,"testSB_C",-2.11747760980086,924759
4,2026-08-20 00:24:57,"ntc1_C",-2.11512473794892,925397
4,2026-08-20 00:24:57,"ntc2_C",-2.11182181836512,923163
4,2026-08-20 00:24:57,"testSB_C",-2.12157396285767,923697
5,2026-08-20 00:24:57,"ntc1_C",-2.11781197699753,923562
5,2026-08-20 00:24:57,"ntc2_C",-2.10787303230177,924525
5,2026-08-20 00:24:57,"testSB_C",-2.1098032693464,925293
6,2026-08-20 00:24:57,"ntc1_C",-2.11500081358264,924179
6,2026-08-20 00:24:57,"ntc2_C",-2.10651818568493,924781
6,2026-08-20 00:24:57,"testSB_C",-2.10759291200765,925113
7,2026-08-20 00:24:57,"ntc1_C",-2.09804748080933,923312
7,2026-08-20 00:24:57,"ntc2_C",-2.09368386937979,924725
7,2026-08-20 00:24:57,"testSB_C",-2.09918503200197,925046
8,2026-08-20 00:24:57,"ntc1_C",-2.09785391351517,926725
8,2026-08-20 00:24:57,"ntc2_C",-2.09495160418533,923024
8,2026-08-20 00:24:57,"testSB_C",-2.0883210603622,921159
9,2026-08-20 00:24:57,"ntc1_C",-2.08372959182753,922402
9,2026-08-20 00:24:57,"ntc2_C",-2.08291726668705,925409
9,2026-08-20 00:24:57,"testSB_C",-2.08802142555504,924144
10,2026-08-20 00:24:57,"ntc1_C",-2.08864320098797,924687
10,2026-08-20 00:24:57,"ntc2_C",-2.07735790472623,921895
10,2026-08-20 00:24:57,"testSB_C",-2.08185601003089,922700
11,2026-08-20 00:24:57,"ntc1_C",-2.08262494368574,924680
11,2026-08-20 00:24:57,"ntc2_C",-2.07694950288334,924051
11,2026-08-20 00:24:57,"testSB_C",-2.07945627410646,922913
12,2026-08-20 00:24:57,"ntc1_C",-2.07399947092694,923583
12,2026-08-20 00:24:57,"ntc2_C",-2.07741038283956,923182
12,2026-08-20 00:24:57,"testSB_C",-2.07821158736328,923017
13,2026-08-20 00:24:57,"ntc1_C",-2.08131248490446,926462
13,2026-08-20 00:24:57,"ntc2_C",-2.07343299385957,921423
13,2026-08-20 00:24:57,"testSB_C",-2.0821918049806,923271
14,2026-08-20 00:24:57,"ntc1_C",-2.0840298323393,922494
14,2026-08-20 00:24:57,"ntc2_C",-2.07380278833534,924329
14,2026-08-20 00:24:57,"testSB_C",-2.07680343111969,924282
15,2026-08-20 00:24:57,"ntc1_C",-2.07223157822699,921365
15,2026-08-20 00:24:57,"ntc2_C",-2.07115998527064,924385
15,2026-08-20 00:24:57,"testSB_C",-2.06716680994748,924412
16,2026-08-20 00:24:57,"ntc1_C",-2.07017872885564,922136
16,2026-08-20 00:24:57,"ntc2_C",-2.06758072244679,921456
16,2026-08-20 00:24:57,"testSB_C",-2.056593123715,920992
17,2026-08-20 00:24:57,"ntc1_C",-2.06192978040787,921750
17,2026-08-20 00:24:57,"ntc2_C",-2.05450760290682,921138
17,2026-08-20 00:24:57,"testSB_C",-2.0542629915268,923897
18,2026-08-20 00:24:57,"ntc1_C",-2.05400279948748,924322
18,2026-08-20 00:24:57,"ntc2_C",-2.04578189507885,921779
18,2026-08-20 00:24:57,"testSB_C",-2.0511853269349,921118
19,2026-08-20 00:24:57,"ntc1_C",-2.05021291472019,923828
19,2026-08-20 00:24:57,"ntc2_C",-2.04468117217027,922636
19,2026-08-20 00:24:57,"testSB_C",-2.04746665577164,924009
20,2026-08-20 00:24:57,"ntc1_C",-2.05083917532278,922180
20,2026-08-20 00:24:57,"ntc2_C",-2.04427366827133,923487
20,2026-08-20 00:24:57,"testSB_C",-2.04692906094999,920788
21,2026-08-20 00:24:57,"ntc1_C",-2.05178178386228,920734
21,2026-08-20 00:24:57,"ntc2_C",-2.04592176102534,922574
21,2026-08-20 00:24:57,"testSB_C",-2.04990417130085,922821
22,2026-08-20 00:24:57,"ntc1_C",-2.05101097200952,923068
22,2026-08-20 00:24:57,"ntc2_C",-2.04083431111616,923776
22,2026-08-20 00:24:57,"testSB_C",-2.04603474485054,921326
23,2026-08-20 00:24:57,"ntc1_C",-2.04504360380025,924724
23,2026-08-20 00:24:57,"ntc2_C",-2.03691115743311,922117
23,2026-08-20 00:24:57,"testSB_C",-2.05354674314736,921256
24,2026-08-20 00:24:57,"ntc1_C",-2.05313645427691,923109
24,2026-08-20 00:24:57,"ntc2_C",-2.04274015208807,924165
24,2026-08-20 00:24:57,"testSB_C",-2.04007280061484,920679
1,2026-08-20 03:24:57,"ntc1_C",-6.00187083869048,1080336
1,2026-08-20 03:24:57,"testSB_C",-5.9158453413495,1079011
2,2026-08-20 03:24:57,"ntc1_C",-5.83613335608368,1074764
2,2026-08-20 03:24:57,"ntc2_C",-5.74744782545412,1070623
2,2026-08-20 03:24:57,"testSB_C",-5.75010700346877,1073179
3,2026-08-20 03:24:57,"ntc1_C",-5.77999657673962,1074168
3,2026-08-20 03:24:57,"ntc2_C",-5.71676270394204,1070304
3,2026-08-20 03:24:57,"testSB_C",-5.64057719469554,1066649
4,2026-08-20 03:24:57,"ntc1_C",-5.6582991186379,1068316
4,2026-08-20 03:24:57,"ntc2_C",-5.64141211162593,1065103
4,2026-08-20 03:24:57,"testSB_C",-5.56269277052729,1061893
5,2026-08-20 03:24:57,"ntc1_C",-5.55282608853082,1061559
5,2026-08-20 03:24:57,"ntc2_C",-5.56002496843962,1063319
5,2026-08-20 03:24:57,"testSB_C",-5.51293145337985,1062111
6,2026-08-20 03:24:57,"ntc1_C",-5.506245459296,1060261
6,2026-08-20 03:24:57,"ntc2_C",-5.52390503350284,1062170
6,2026-08-20 03:24:57,"testSB_C",-5.46862871478731,1060077
7,2026-08-20 03:24:57,"ntc1_C",-5.45490732110568,1057886
7,2026-08-20 03:24:57,"ntc2_C",-5.49412801278538,1061380
7,2026-08-20 03:24:57,"testSB_C",-5.42837597463557,1058613
8,2026-08-20 03:24:57,"ntc1_C",-5.41585261398728,1060112
8,2026-08-20 03:24:57,"ntc2_C",-5.39301938371977,1054980
8,2026-08-20 03:24:57,"testSB_C",-5.43341110158644,1054856
9,2026-08-20 03:24:57,"ntc1_C",-5.335518457234,1052254
9,2026-08-20 03:24:57,"ntc2_C",-5.36781195894628,1057210
9,2026-08-20 03:24:57,"testSB_C",-5.33481085829527,1054102
10,2026-08-20 03:24:57,"ntc1_C",-5.3165710208259,1053850
10,2026-08-20 03:24:57,"ntc2_C",-5.33957953480711,1052154
10,2026-08-20 03:24:57,"testSB_C",-5.28334042197866,1050508
11,2026-08-20 03:24:57,"ntc1_C",-5.22870724356403,1050325
11,2026-08-20 03:24:57,"ntc2_C",-5.26615614139121,1051480
11,2026-08-20 03:24:57,"testSB_C",-5.21359383644108,1047818
12,2026-08-20 03:24:57,"ntc1_C",-5.26521368379468,1051020
12,2026-08-20 03:24:57,"ntc2_C",-5.21521527171416,1048293
12,2026-08-20 03:24:57,"testSB_C",-5.1956488475542,1047268
13,2026-08-20 03:24:57,"ntc1_C",-5.20314449501717,1051376
13,2026-08-20 03:24:57,"ntc2_C",-5.19151918791192,1045528
13,2026-08-20 03:24:57,"testSB_C",-5.14907656434161,1045438
14,2026-08-20 03:24:57,"ntc1_C",-5.1407657491095,1044067
14,2026-08-20 03:24:57,"ntc2_C",-5.15385565936447,1047139
14,2026-08-20 03:24:57,"testSB_C",-5.10072485948348,1044732
15,2026-08-20 03:24:57,"ntc1_C",-5.07161986162743,1040339
15,2026-08-20 03:24:57,"ntc2_C",-5.10459307639701,1045273
15,2026-08-20 03:24:57,"testSB_C",-5.0881798661365,1044782
16,2026-08-20 03:24:57,"ntc1_C",-5.02635407464999,1039465
16,2026-08-20 03:24:57,"ntc2_C",-5.01685046034731,1038429
16,2026-08-20 03:24:57,"testSB_C",-5.01582028837669,1038331
17,2026-08-20 03:24:57,"ntc1_C",-5.01136172937265,1038751
17,2026-08-20 03:24:57,"ntc2_C",-4.98828729192678,1037358
17,2026-08-20 03:24:57,"testSB_C",-4.94247365752665,1038571
18,2026-08-20 03:24:57,"ntc1_C",-4.94712263352221,1039215
18,2026-08-20 03:24:57,"ntc2_C",-4.97282058456369,1037722
18,2026-08-20 03:24:57,"testSB_C",-4.93936450125932,1035486
19,2026-08-20 03:24:57,"ntc1_C",-4.91248785477097,1037408
19,2026-08-20 03:24:57,"ntc2_C",-4.92642764513778,1036902
19,2026-08-20 03:24:57,"testSB_C",-4.89998294573269,1037217
20,2026-08-20 03:24:57,"ntc1_C",-4.88549292306283,1034430
20,2026-08-20 03:24:57,"ntc2_C",-4.92295834582012,1037742
20,2026-08-20 03:24:57,"testSB_C",-4.86201961119906,1032009
21,2026-08-20 03:24:57,"ntc1_C",-4.82990401786395,1030299
21,2026-08-20 03:24:57,"ntc2_C",-4.88028669108951,1034818
21,2026-08-20 03:24:57,"testSB_C",-4.7801638386324,1030741
22,2026-08-20 03:24:57,"ntc1_C",-4.79174046334128,1031430
22,2026-08-20 03:24:57,"ntc2_C",-4.8187446131646,1033710
22,2026-08-20 03:24:57,"testSB_C",-4.74896590733346,1027888
23,2026-08-20 03:24:57,"ntc1_C",-4.77104089620508,1032657
23,2026-08-20 03:24:57,"ntc2_C",-4.76736218345985,1029934
23,2026-08-20 03:24:57,"testSB_C",-4.74199876193535,1027132
24,2026-08-20 03:24:57,"ntc1_C",-4.7312365297434,1028895
24,2026-08-20 03:24:57,"ntc2_C",-4.74830562503234,1031190
24,2026-08-20 03:24:57,"testSB_C",-4.71447290298278,1025969
1,2026-08-20 06:24:57,"ntc1_C",-1.81869376188115,911810
1,2026-08-20 06:24:57,"testSB_C",-1.79347010640009,913031
2,2026-08-20 06:24:57,"ntc1_C",-1.76555315370484,911282
2,2026-08-20 06:24:57,"ntc2_C",-1.75615581267681,910722
2,2026-08-20 06:24:57,"testSB_C",-1.75648134994321,912957
3,2026-08-20 06:24:57,"ntc1_C",-1.72927210554741,911596
3,2026-08-20 06:24:57,"ntc2_C",-1.71154137374185,909939
3,2026-08-20 06:24:57,"testSB_C",-1.71055150615024,909690
4,2026-08-20 06:24:57,"ntc1_C",-1.70066904643551,910035
4,2026-08-20 06:24:57,"ntc2_C",-1.68846508123573,907517
4,2026-08-20 06:24:57,"testSB_C",-1.68317180676689,907491
5,2026-08-20 06:24:57,"ntc1_C",-1.67485023295473,907182
5,2026-08-20 06:24:57,"ntc2_C",-1.68755350653919,908968
5,2026-08-20 06:24:57,"testSB_C",-1.65650808368014,908510
6,2026-08-20 06:24:57,"ntc1_C",-1.67067640774189,907751
6,2026-08-20 06:24:57,"ntc2_C",-1.67605559080158,908841
6,2026-08-20 06:24:57,"testSB_C",-1.64338094594228,907934
7,2026-08-20 06:24:57,"ntc1_C",-1.62751879010341,905930
7,2026-08-20 06:24:57,"ntc2_C",-1.64859096962209,908249
7,2026-08-20 06:24:57,"testSB_C",-1.61979129428579,907315
8,2026-08-20 06:24:57,"ntc1_C",-1.61264125341205,908741
8,2026-08-20 06:24:57,"ntc2_C",-1.61971832119792,905483
8,2026-08-20 06:24:57,"testSB_C",-1.62544840242634,904105
9,2026-08-20 06:24:57,"ntc1_C",-1.59402207172536,904349
9,2026-08-20 06:24:57,"ntc2_C",-1.59918325148141,907502
9,2026-08-20 06:24:57,"testSB_C",-1.60282601220945,906212
10,2026-08-20 06:24:57,"ntc1_C",-1.59473100038139,906433
10,2026-08-20 06:24:57,"ntc2_C",-1.60414202915302,904449
10,2026-08-20 06:24:57,"testSB_C",-1.59803701489506,904847
11,2026-08-20 06:24:57,"ntc1_C",-1.58578951719596,906322
11,2026-08-20 06:24:57,"ntc2_C",-1.59445594721473,906226
11,2026-08-20 06:24:57,"testSB_C",-1.58359259958411,904625
12,2026-08-20 06:24:57,"ntc1_C",-1.59254327018755,905806
12,2026-08-20 06:24:57,"ntc2_C",-1.57894899605873,904791
12,2026-08-20 06:24:57,"testSB_C",-1.58123819263523,904680
13,2026-08-20 06:24:57,"ntc1_C",-1.58490567942215,908074
13,2026-08-20 06:24:57,"ntc2_C",-1.5670654566307,902769
13,2026-08-20 06:24:57,"testSB_C",-1.5543892779146,903798
14,2026-08-20 06:24:57,"ntc1_C",-1.56098140865146,903220
14,2026-08-20 06:24:57,"ntc2_C",-1.55689453351692,905240
14,2026-08-20 06:24:57,"testSB_C",-1.54719404009234,904726
15,2026-08-20 06:24:57,"ntc1_C",-1.53445577243525,901583
15,2026-08-20 06:24:57,"ntc2_C",-1.53829489291951,904705
15,2026-08-20 06:24:57,"testSB_C",-1.53879142670348,904894
16,2026-08-20 06:24:57,"ntc1_C",-1.53526783850873,902429
16,2026-08-20 06:24:57,"ntc2_C",-1.52584341188634,901512
16,2026-08-20 06:24:57,"testSB_C",-1.51704676185921,901137
17,2026-08-20 06:24:57,"ntc1_C",-1.53295885782262,902266
17,2026-08-20 06:24:57,"ntc2_C",-1.51103253802876,901146
17,2026-08-20 06:24:57,"testSB_C",-1.52966287194386,904529
18,2026-08-20 06:24:57,"ntc1_C",-1.52974482633391,904964
18,2026-08-20 06:24:57,"ntc2_C",-1.53112539546339,902834
18,2026-08-20 06:24:57,"testSB_C",-1.52779966202945,901847
19,2026-08-20 06:24:57,"ntc1_C",-1.51984283256888,904250
19,2026-08-20 06:24:57,"ntc2_C",-1.52340871819632,903413
19,2026-08-20 06:24:57,"testSB_C",-1.52408544176319,904680
20,2026-08-20 06:24:57,"ntc1_C",-1.53263249025525,903075
20,2026-08-20 06:24:57,"ntc2_C",-1.52644814121459,904370
20,2026-08-20 06:24:57,"testSB_C",-1.51209540974037,901114
21,2026-08-20 06:24:57,"ntc1_C",-1.53465718919608,901722
21,2026-08-20 06:24:57,"ntc2_C",-1.54433592192481,904074
21,2026-08-20 06:24:57,"testSB_C",-1.54835611945663,904316
22,2026-08-20 06:24:57,"ntc1_C",-1.53491596545479,904032
22,2026-08-20 06:24:57,"ntc2_C",-1.53722134993694,905193
22,2026-08-20 06:24:57,"testSB_C",-1.55078893639148,903089
23,2026-08-20 06:24:57,"ntc1_C",-1.54280919969085,906160
23,2026-08-20 06:24:57,"ntc2_C",-1.53544230538961,903634
23,2026-08-20 06:24:57,"testSB_C",-1.55852585806076,903040
24,2026-08-20 06:24:57,"ntc1_C",-1.55885723142552,904861
24,2026-08-20 06:24:57,"ntc2_C",-1.54678308201824,905840
24,2026-08-20 06:24:57,"testSB_C",-1.55671424354284,902888
1,2026-08-20 09:24:57,"ntc1_C",-3.71628955661265,984578
1,2026-08-20 09:24:57,"testSB_C",-3.7479234765849,988128
2,2026-08-20 09:24:57,"ntc1_C",-3.92112960236472,994350
2,2026-08-20 09:24:57,"ntc2_C",-4.01535361653441,997911
2,2026-08-20 09:24:57,"testSB_C",-3.78394764062853,990925
3,2026-08-20 09:24:57,"ntc1_C",-1.91405042309214,918422
3,2026-08-20 09:24:57,"ntc2_C",-2.60084864482701,943240
3,2026-08-20 09:24:57,"testSB_C",-2.9821734467659,957655
4,2026-08-20 09:24:57,"ntc1_C",-2.19348731954034,928332
4,2026-08-20 09:24:57,"ntc2_C",-2.0853652733723,922177
4,2026-08-20 09:24:57,"testSB_C",-3.11366614367324,961501
5,2026-08-20 09:24:57,"ntc1_C",-3.16315370662687,963458
5,2026-08-20 09:24:57,"ntc2_C",-2.66214251453783,945468
5,2026-08-20 09:24:57,"testSB_C",-3.00507634897144,959402
6,2026-08-20 09:24:57,"ntc1_C",-3.15998284334296,964055
6,2026-08-20 09:24:57,"ntc2_C",-2.56233785775242,941980
6,2026-08-20 09:24:57,"testSB_C",-3.11895122672252,963730
7,2026-08-20 09:24:57,"ntc1_C",-2.94338104899202,955424
7,2026-08-20 09:24:57,"ntc2_C",-1.92054669768584,918279
7,2026-08-20 09:24:57,"testSB_C",-3.17426914604579,966143
8,2026-08-20 09:24:57,"ntc1_C",-3.22403682239923,969919
8,2026-08-20 09:24:57,"ntc2_C",-3.08031860379793,960540
8,2026-08-20 09:24:57,"testSB_C",-2.37859800190546,932026
9,2026-08-20 09:24:57,"ntc1_C",-3.15003982058511,963032
9,2026-08-20 09:24:57,"ntc2_C",-2.73708538032247,950217
9,2026-08-20 09:24:57,"testSB_C",-3.12222161320409,963620
10,2026-08-20 09:24:57,"ntc1_C",-3.0475348061255,961235
10,2026-08-20 09:24:57,"ntc2_C",-2.28882416655568,929805
10,2026-08-20 09:24:57,"testSB_C",-3.1458996681348,963275
11,2026-08-20 09:24:57,"ntc1_C",-3.3875719569831,974778
11,2026-08-20 09:24:57,"ntc2_C",-2.77491797738992,950490
11,2026-08-20 09:24:57,"testSB_C",-3.00888657293831,958244
12,2026-08-20 09:24:57,"ntc1_C",-2.2709701907487,930961
12,2026-08-20 09:24:57,"ntc2_C",-2.66607115804248,945407
12,2026-08-20 09:24:57,"testSB_C",-3.0220960822669,958925
13,2026-08-20 09:24:57,"ntc1_C",-2.91723618679231,958313
13,2026-08-20 09:24:57,"ntc2_C",-2.66655380707397,943788
13,2026-08-20 09:24:57,"testSB_C",-2.96114175247055,956681
14,2026-08-20 09:24:57,"ntc1_C",-2.9142220224619,953976
14,2026-08-20 09:24:57,"ntc2_C",-2.6014430896916,944250
14,2026-08-20 09:24:57,"testSB_C",-2.83963482111261,953232
15,2026-08-20 09:24:57,"ntc1_C",-3.01530377308535,957162
15,2026-08-20 09:24:57,"ntc2_C",-2.51132912588696,940980
15,2026-08-20 09:24:57,"testSB_C",-2.42978444183836,938062
16,2026-08-20 09:24:57,"ntc1_C",-3.13620385286259,962767
16,2026-08-20 09:24:57,"ntc2_C",-3.0856882141324,960199
16,2026-08-20 09:24:57,"testSB_C",-3.0092753309367,957178
17,2026-08-20 09:24:57,"ntc1_C",-3.02266528251391,958273
17,2026-08-20 09:24:57,"ntc2_C",-2.99699889508588,956917
17,2026-08-20 09:24:57,"testSB_C",-3.35686114050577,973889
18,2026-08-20 09:24:57,"ntc1_C",-3.13234808234938,965515
18,2026-08-20 09:24:57,"ntc2_C",-2.77548222204842,949357
18,2026-08-20 09:24:57,"testSB_C",-3.0247727476015,958122
19,2026-08-20 09:24:57,"ntc1_C",-3.06371032446253,962485
19,2026-08-20 09:24:57,"ntc2_C",-3.03935593627978,960515
19,2026-08-20 09:24:57,"testSB_C",-2.86717510840549,955156
20,2026-08-20 09:24:57,"ntc1_C",-2.96540807659602,956938
20,2026-08-20 09:24:57,"ntc2_C",-2.51001508715024,941043
20,2026-08-20 09:24:57,"testSB_C",-2.72007490494661,946192
21,2026-08-20 09:24:57,"ntc1_C",-3.11765027365766,961258
21,2026-08-20 09:24:57,"ntc2_C",-2.42619734441593,936864
21,2026-08-20 09:24:57,"testSB_C",-3.42178085080303,975492
22,2026-08-20 09:24:57,"ntc1_C",-3.06335075619927,961639
22,2026-08-20 09:24:57,"ntc2_C",-2.5606120970528,943376
22,2026-08-20 09:24:57,"testSB_C",-3.18891674457052,964902
23,2026-08-20 09:24:57,"ntc1_C",-2.87172247657566,956153
23,2026-08-20 09:24:57,"ntc2_C",-2.63615414551009,944725
23,2026-08-20 09:24:57,"testSB_C",-3.1520116347258,963068
24,2026-08-20 09:24:57,"ntc1_C",-3.09318087797988,962776
24,2026-08-20 09:24:57,"ntc2_C",-2.77018208438204,951749
24,2026-08-20 09:24:57,"testSB_C",-3.04072445292189,958688
1,2026-08-20 12:24:57,"ntc1_C",0.248775366288612,838924
1,2026-08-20 12:24:57,"testSB_C",0.249368114769595,840918
2,2026-08-20 12:24:57,"ntc1_C",-0.165510162964154,854350
2,2026-08-20 12:24:57,"ntc2_C",-0.111047443065388,852286
2,2026-08-20 12:24:57,"testSB_C",0.0800237061289977,847886
3,2026-08-20 12:24:57,"ntc1_C",1.33649493809321,805816
3,2026-08-20 12:24:57,"ntc2_C",1.30444036428804,805919
3,2026-08-20 12:24:57,"testSB_C",0.820940380028787,821570
4,2026-08-20 12:24:57,"ntc1_C",1.6545764554171,795141
4,2026-08-20 12:24:57,"ntc2_C",1.85411714822737,787055
4,2026-08-20 12:24:57,"testSB_C",0.931909516378653,816843
5,2026-08-20 12:24:57,"ntc1_C",0.962735566606511,815778
5,2026-08-20 12:24:57,"ntc2_C",1.42080478243219,802149
5,2026-08-20 12:24:57,"testSB_C",0.895953894754086,819806
6,2026-08-20 12:24:57,"ntc1_C",0.690005629867414,825478
6,2026-08-20 12:24:57,"ntc2_C",1.44601593473141,801555
6,2026-08-20 12:24:57,"testSB_C",0.484045622451902,833392
7,2026-08-20 12:24:57,"ntc1_C",1.23040114857565,807501
7,2026-08-20 12:24:57,"ntc2_C",1.91584055105324,786964
7,2026-08-20 12:24:57,"testSB_C",0.748279018858227,824832
8,2026-08-20 12:24:57,"ntc1_C",0.879216504191959,822002
8,2026-08-20 12:24:57,"ntc2_C",0.873812072741202,819033
8,2026-08-20 12:24:57,"testSB_C",1.52662811654483,796479
9,2026-08-20 12:24:57,"ntc1_C",0.804311823038518,821161
9,2026-08-20 12:24:57,"ntc2_C",1.31829845080006,806971
9,2026-08-20 12:24:57,"testSB_C",0.809554174194773,822343
10,2026-08-20 12:24:57,"ntc1_C",0.961726278913147,817834
10,2026-08-20 12:24:57,"ntc2_C",1.70940165500821,791641
10,2026-08-20 12:24:57,"testSB_C",1.24863929172193,806919
11,2026-08-20 12:24:57,"ntc1_C",0.868898336631787,821092
11,2026-08-20 12:24:57,"ntc2_C",1.44121842953405,802081
11,2026-08-20 12:24:57,"testSB_C",1.2480225333378,807260
12,2026-08-20 12:24:57,"ntc1_C",1.94150807625465,785869
12,2026-08-20 12:24:57,"ntc2_C",1.62309036998573,795493
12,2026-08-20 12:24:57,"testSB_C",0.867945958706059,819754
13,2026-08-20 12:24:57,"ntc1_C",1.32885890684889,807611
13,2026-08-20 12:24:57,"ntc2_C",1.72646970583361,790755
13,2026-08-20 12:24:57,"testSB_C",1.43064188516001,801512
14,2026-08-20 12:24:57,"ntc1_C",1.42964513785887,800867
14,2026-08-20 12:24:57,"ntc2_C",1.48570875892131,800981
14,2026-08-20 12:24:57,"testSB_C",1.4553657125627,801796
15,2026-08-20 12:24:57,"ntc1_C",1.18970596409872,808025
15,2026-08-20 12:24:57,"ntc2_C",1.77137427403011,791957
15,2026-08-20 12:24:57,"testSB_C",2.0490731343283,783334
16,2026-08-20 12:24:57,"ntc1_C",1.31616817328131,804606
16,2026-08-20 12:24:57,"ntc2_C",1.56450159592151,796114
16,2026-08-20 12:24:57,"testSB_C",1.30741320443178,804309
17,2026-08-20 12:24:57,"ntc1_C",1.49389425649042,798809
17,2026-08-20 12:24:57,"ntc2_C",1.52595514432829,797529
17,2026-08-20 12:24:57,"testSB_C",1.19911751957261,810450
18,2026-08-20 12:24:57,"ntc1_C",1.58759321238557,798336
18,2026-08-20 12:24:57,"ntc2_C",1.64731452713465,794565
18,2026-08-20 12:24:57,"testSB_C",1.21644652614992,807524
19,2026-08-20 12:24:57,"ntc1_C",1.22531236379825,809667
19,2026-08-20 12:24:57,"ntc2_C",1.34527647802827,804908
19,2026-08-20 12:24:57,"testSB_C",1.66365615597118,795791
20,2026-08-20 12:24:57,"ntc1_C",1.36168671596153,803763
20,2026-08-20 12:24:57,"ntc2_C",2.10238065107382,781570
20,2026-08-20 12:24:57,"testSB_C",1.60503265791027,794929
21,2026-08-20 12:24:57,"ntc1_C",1.57317778778139,795845
21,2026-08-20 12:24:57,"ntc2_C",1.73166499448564,792466
21,2026-08-20 12:24:57,"testSB_C",1.04339058302924,814725
22,2026-08-20 12:24:57,"ntc1_C",1.11897808494848,812470
22,2026-08-20 12:24:57,"ntc2_C",1.82715188585877,790746
22,2026-08-20 12:24:57,"testSB_C",1.21823399113327,807901
23,2026-08-20 12:24:57,"ntc1_C",1.58249198533474,799120
23,2026-08-20 12:24:57,"ntc2_C",1.79491012167341,790384
23,2026-08-20 12:24:57,"testSB_C",0.968751227405221,815779
24,2026-08-20 12:24:57,"ntc1_C",1.16776075772157,810798
24,2026-08-20 12:24:57,"ntc2_C",1.24119360975402,809707
24,2026-08-20 12:24:57,"testSB_C",1.2804018254194,805511
1,2026-08-20 15:24:57,"ntc1_C",0.547291585467804,828920
1,2026-08-20 15:24:57,"testSB_C",0.651525468671139,827445
2,2026-08-20 15:24:57,"ntc1_C",0.292451847152677,838755
2,2026-08-20 15:24:57,"ntc2_C",0.808006715386398,821376
2,2026-08-20 15:24:57,"testSB_C",0.457692336097239,835122
3,2026-08-20 15:24:57,"ntc1_C",1.76833374679887,791993
3,2026-08-20 15:24:57,"ntc2_C",1.66878854334061,794232
3,2026-08-20 15:24:57,"testSB_C",1.77236250718295,790827
4,2026-08-20 15:24:57,"ntc1_C",1.88170496665771,787940
4,2026-08-20 15:24:57,"ntc2_C",1.91109497822004,785262
4,2026-08-20 15:24:57,"testSB_C",1.71058491783219,791742
5,2026-08-20 15:24:57,"ntc1_C",1.69545500852064,792154
5,2026-08-20 15:24:57,"ntc2_C",1.71438458401343,792771
5,2026-08-20 15:24:57,"testSB_C",1.72456971513208,793019
6,2026-08-20 15:24:57,"ntc1_C",1.64270745393463,794543
6,2026-08-20 15:24:57,"ntc2_C",1.64497500779873,795189
6,2026-08-20 15:24:57,"testSB_C",1.60383585683149,796781
7,2026-08-20 15:24:57,"ntc1_C",1.81302992926931,788862
7,2026-08-20 15:24:57,"ntc2_C",1.86223781210953,788655
7,2026-08-20 15:24:57,"testSB_C",1.59055246200512,797440
8,2026-08-20 15:24:57,"ntc1_C",1.6417793584821,797244
8,2026-08-20 15:24:57,"ntc2_C",1.72101024513051,791688
8,2026-08-20 15:24:57,"testSB_C",1.7862624440744,788241
9,2026-08-20 15:24:57,"ntc1_C",1.66518363030053,793312
9,2026-08-20 15:24:57,"ntc2_C",1.74665855906431,793234
9,2026-08-20 15:24:57,"testSB_C",1.72922093753874,792570
10,2026-08-20 15:24:57,"ntc1_C",1.71481032828569,793519
10,2026-08-20 15:24:57,"ntc2_C",1.81050104098762,788443
10,2026-08-20 15:24:57,"testSB_C",1.7582346150183,790606
11,2026-08-20 15:24:57,"ntc1_C",1.64291724386641,796010
11,2026-08-20 15:24:57,"ntc2_C",1.83305460888198,789592
11,2026-08-20 15:24:57,"testSB_C",1.83915885775258,788372
12,2026-08-20 15:24:57,"ntc1_C",1.84349711693699,788958
12,2026-08-20 15:24:57,"ntc2_C",1.82465615618537,789098
12,2026-08-20 15:24:57,"testSB_C",1.72421354097423,792089
13,2026-08-20 15:24:57,"ntc1_C",1.73338422475888,794621
13,2026-08-20 15:24:57,"ntc2_C",1.86397645765066,786411
13,2026-08-20 15:24:57,"testSB_C",1.81695499180552,789198
14,2026-08-20 15:24:57,"ntc1_C",1.93815827011406,784721
14,2026-08-20 15:24:57,"ntc2_C",1.86065695478356,789041
14,2026-08-20 15:24:57,"testSB_C",1.90298536446755,787546
15,2026-08-20 15:24:57,"ntc1_C",1.78236517966809,789066
15,2026-08-20 15:24:57,"ntc2_C",1.99605528330875,784863
15,2026-08-20 15:24:57,"testSB_C",1.99858835719601,784919
16,2026-08-20 15:24:57,"ntc1_C",1.8731827707033,786843
16,2026-08-20 15:24:57,"ntc2_C",1.90932736621613,785190
16,2026-08-20 15:24:57,"testSB_C",1.8974582106535,785509
17,2026-08-20 15:24:57,"ntc1_C",1.97039759063563,783701
17,2026-08-20 15:24:57,"ntc2_C",1.91285446536449,785263
17,2026-08-20 15:24:57,"testSB_C",1.79992305700421,791161
18,2026-08-20 15:24:57,"ntc1_C",1.90399384431475,788282
18,2026-08-20 15:24:57,"ntc2_C",1.87623312248655,787317
18,2026-08-20 15:24:57,"testSB_C",1.86921888924746,786662
19,2026-08-20 15:24:57,"ntc1_C",1.84291251606254,789866
19,2026-08-20 15:24:57,"ntc2_C",1.79767299154474,790441
19,2026-08-20 15:24:57,"testSB_C",1.89662345683064,788397
20,2026-08-20 15:24:57,"ntc1_C",1.99395898977332,783647
20,2026-08-20 15:24:57,"ntc2_C",2.037702215514,783597
20,2026-08-20 15:24:57,"testSB_C",2.15217697111018,777700
21,2026-08-20 15:24:57,"ntc1_C",1.95398982501973,783807
21,2026-08-20 15:24:57,"ntc2_C",1.97381234141761,784817
21,2026-08-20 15:24:57,"testSB_C",1.71847107947815,792965
22,2026-08-20 15:24:57,"ntc1_C",1.91372973493907,787002
22,2026-08-20 15:24:57,"ntc2_C",1.94759029050874,786945
22,2026-08-20 15:24:57,"testSB_C",1.76975903869675,790245
23,2026-08-20 15:24:57,"ntc1_C",1.83173488075386,791180
23,2026-08-20 15:24:57,"ntc2_C",1.86844399910461,788060
23,2026-08-20 15:24:57,"testSB_C",1.6720809842339,793117
24,2026-08-20 15:24:57,"ntc1_C",1.78287885662024,791043
24,2026-08-20 15:24:57,"ntc2_C",1.75689432483921,793140
24,2026-08-20 15:24:57,"testSB_C",1.72663752234439,791236
1,2026-08-20 18:24:57,"ntc1_C",0.721541385398723,823139
1,2026-08-20 18:24:57,"testSB_C",0.736578554080268,824625
2,2026-08-20 18:24:57,"ntc1_C",0.671774231130257,826066
2,2026-08-20 18:24:57,"ntc2_C",0.734983030534806,823788
2,2026-08-20 18:24:57,"testSB_C",0.697137500280462,827135
3,2026-08-20 18:24:57,"ntc1_C",1.1278253539046,812587
3,2026-08-20 18:24:57,"ntc2_C",1.02662192587206,814953
3,2026-08-20 18:24:57,"testSB_C",1.01466327133437,815209
4,2026-08-20 18:24:57,"ntc1_C",1.12398375728492,812237
4,2026-08-20 18:24:57,"ntc2_C",1.13873365189363,809941
4,2026-08-20 18:24:57,"testSB_C",1.03655867044591,813421
5,2026-08-20 18:24:57,"ntc1_C",1.04067314102645,813230
5,2026-08-20 18:24:57,"ntc2_C",1.05782845807789,813907
5,2026-08-20 18:24:57,"testSB_C",1.04841918323189,814806
6,2026-08-20 18:24:57,"ntc1_C",1.00701404249457,815045
6,2026-08-20 18:24:57,"ntc2_C",1.04307876196981,814614
6,2026-08-20 18:24:57,"testSB_C",1.02075107698204,815627
7,2026-08-20 18:24:57,"ntc1_C",1.09298252845844,811965
7,2026-08-20 18:24:57,"ntc2_C",1.12145881933344,812424
7,2026-08-20 18:24:57,"testSB_C",1.03918807567453,815260
8,2026-08-20 18:24:57,"ntc1_C",1.02614359194166,817169
8,2026-08-20 18:24:57,"ntc2_C",1.05382073811938,813140
8,2026-08-20 18:24:57,"testSB_C",1.10702067255789,809987
9,2026-08-20 18:24:57,"ntc1_C",1.06183124163158,812723
9,2026-08-20 18:24:57,"ntc2_C",1.10057063343055,814050
9,2026-08-20 18:24:57,"testSB_C",1.07479882268848,813636
10,2026-08-20 18:24:57,"ntc1_C",1.07131608998822,814247
10,2026-08-20 18:24:57,"ntc2_C",1.105632149315,811029
10,2026-08-20 18:24:57,"testSB_C",1.03616228323085,813826
11,2026-08-20 18:24:57,"ntc1_C",1.01118572439549,816419
11,2026-08-20 18:24:57,"ntc2_C",1.09992948079258,813130
11,2026-08-20 18:24:57,"testSB_C",1.10419318223575,811928
12,2026-08-20 18:24:57,"ntc1_C",1.18294606421392,810116
12,2026-08-20 18:24:57,"ntc2_C",1.12337216720749,811586
12,2026-08-20 18:24:57,"testSB_C",1.07971035755185,812818
13,2026-08-20 18:24:57,"ntc1_C",1.12507459362888,814240
13,2026-08-20 18:24:57,"ntc2_C",1.1473723810318,809331
13,2026-08-20 18:24:57,"testSB_C",1.0984781486207,812263
14,2026-08-20 18:24:57,"ntc1_C",1.12861476557771,810591
14,2026-08-20 18:24:57,"ntc2_C",1.12244364831963,812732
14,2026-08-20 18:24:57,"testSB_C",1.11210880053153,812909
15,2026-08-20 18:24:57,"ntc1_C",1.07469071317547,811760
15,2026-08-20 18:24:57,"ntc2_C",1.16461875232301,811457
15,2026-08-20 18:24:57,"testSB_C",1.1699274004244,811428
16,2026-08-20 18:24:57,"ntc1_C",1.08292603294751,812170
16,2026-08-20 18:24:57,"ntc2_C",1.08219307157577,811665
16,2026-08-20 18:24:57,"testSB_C",1.09829793522692,811086
17,2026-08-20 18:24:57,"ntc1_C",1.10789518853085,811274
17,2026-08-20 18:24:57,"ntc2_C",1.09897486230875,811302
17,2026-08-20 18:24:57,"testSB_C",1.04964162044473,815326
18,2026-08-20 18:24:57,"ntc1_C",1.09060452298354,814404
18,2026-08-20 18:24:57,"ntc2_C",1.09403177210714,812377
18,2026-08-20 18:24:57,"testSB_C",1.08866659159639,811676
19,2026-08-20 18:24:57,"ntc1_C",1.09138296245891,814030
19,2026-08-20 18:24:57,"ntc2_C",1.06161960445917,814122
19,2026-08-20 18:24:57,"testSB_C",1.09295277251482,814217
20,2026-08-20 18:24:57,"ntc1_C",1.14243254323776,810866
20,2026-08-20 18:24:57,"ntc2_C",1.17356005229692,811221
20,2026-08-20 18:24:57,"testSB_C",1.19895206543475,807978
21,2026-08-20 18:24:57,"ntc1_C",1.11987554803744,810431
21,2026-08-20 18:24:57,"ntc2_C",1.15414846836245,811030
21,2026-08-20 18:24:57,"testSB_C",1.02400928569182,815359
22,2026-08-20 18:24:57,"ntc1_C",1.13193020775799,812048
22,2026-08-20 18:24:57,"ntc2_C",1.16733959048975,811919
22,2026-08-20 18:24:57,"testSB_C",1.07290162202378,812623
23,2026-08-20 18:24:57,"ntc1_C",1.10895722636457,814439
23,2026-08-20 18:24:57,"ntc2_C",1.14673455431887,811187
23,2026-08-20 18:24:57,"testSB_C",1.04967117250379,813137
24,2026-08-20 18:24:57,"ntc1_C",1.09757829430117,813085
24,2026-08-20 18:24:57,"ntc2_C",1.10865098551869,814024
24,2026-08-20 18:24:57,"testSB_C",1.09660179315676,811470
1,2026-08-20 21:24:57,"ntc1_C",-0.347778436357601,859301
1,2026-08-20 21:24:57,"testSB_C",-0.318308999378758,860333
2,2026-08-20 21:24:57,"ntc1_C",-0.304083166344981,859129
2,2026-08-20 21:24:57,"ntc2_C",-0.290798114913912,858474
2,2026-08-20 21:24:57,"testSB_C",-0.284745289667342,860410
3,2026-08-20 21:24:57,"ntc1_C",-0.277431589320997,859784
3,2026-08-20 21:24:57,"ntc2_C",-0.297354746910628,859503
3,2026-08-20 21:24:57,"testSB_C",-0.380592663071809,862215
4,2026-08-20 21:24:57,"ntc1_C",-0.214033637701561,857102
4,2026-08-20 21:24:57,"ntc2_C",-0.216745818676827,855262
4,2026-08-20 21:24:57,"testSB_C",-0.263595271190184,857036
5,2026-08-20 21:24:57,"ntc1_C",-0.237028350333674,856087
5,2026-08-20 21:24:57,"ntc2_C",-0.220628646891214,856797
5,2026-08-20 21:24:57,"testSB_C",-0.229381583986196,857731
6,2026-08-20 21:24:57,"ntc1_C",-0.247769875341589,857177
6,2026-08-20 21:24:57,"ntc2_C",-0.230445480081755,857392
6,2026-08-20 21:24:57,"testSB_C",-0.259388082149144,858679
7,2026-08-20 21:24:57,"ntc1_C",-0.202188730584055,855346
7,2026-08-20 21:24:57,"ntc2_C",-0.22945896308579,857748
7,2026-08-20 21:24:57,"testSB_C",-0.258525719057957,858889
8,2026-08-20 21:24:57,"ntc1_C",-0.251488571669313,860224
8,2026-08-20 21:24:57,"ntc2_C",-0.276393873283666,857773
8,2026-08-20 21:24:57,"testSB_C",-0.26806720337089,855984
9,2026-08-20 21:24:57,"ntc1_C",-0.212329837157995,855391
9,2026-08-20 21:24:57,"ntc2_C",-0.221868903751897,858486
9,2026-08-20 21:24:57,"testSB_C",-0.222443035384345,857171
10,2026-08-20 21:24:57,"ntc1_C",-0.272592267935067,859411
10,2026-08-20 21:24:57,"ntc2_C",-0.215276879621456,855224
10,2026-08-20 21:24:57,"testSB_C",-0.385178881800357,861671
11,2026-08-20 21:24:57,"ntc1_C",-0.348236133276657,862242
11,2026-08-20 21:24:57,"ntc2_C",-0.288848261986914,859783
11,2026-08-20 21:24:57,"testSB_C",-0.244079429537351,857104
12,2026-08-20 21:24:57,"ntc1_C",-0.225943541713434,857280
12,2026-08-20 21:24:57,"ntc2_C",-0.293536565861473,859121
12,2026-08-20 21:24:57,"testSB_C",-0.299497130024179,859134
13,2026-08-20 21:24:57,"ntc1_C",-0.200686900054336,858797
13,2026-08-20 21:24:57,"ntc2_C",-0.208854614557708,854669
13,2026-08-20 21:24:57,"testSB_C",-0.204758440479225,855942
14,2026-08-20 21:24:57,"ntc1_C",-0.195300250393132,854865
14,2026-08-20 21:24:57,"ntc2_C",-0.192410670972436,856815
14,2026-08-20 21:24:57,"testSB_C",-0.18650820899569,856451
15,2026-08-20 21:24:57,"ntc1_C",-0.191202276573676,854098
15,2026-08-20 21:24:57,"ntc2_C",-0.183830851141408,856639
15,2026-08-20 21:24:57,"testSB_C",-0.189011646394704,856975
16,2026-08-20 21:24:57,"ntc1_C",-0.215697090804667,855684
16,2026-08-20 21:24:57,"ntc2_C",-0.239480144004006,855952
16,2026-08-20 21:24:57,"testSB_C",-0.324929135188825,858847
17,2026-08-20 21:24:57,"ntc1_C",-0.291273433446577,858211
17,2026-08-20 21:24:57,"ntc2_C",-0.206867756119266,855009
17,2026-08-20 21:24:57,"testSB_C",-0.210284051411179,857680
18,2026-08-20 21:24:57,"ntc1_C",-0.211910466502843,858161
18,2026-08-20 21:24:57,"ntc2_C",-0.19895975647438,855672
18,2026-08-20 21:24:57,"testSB_C",-0.207174155805774,855082
19,2026-08-20 21:24:57,"ntc1_C",-0.238401902283442,858725
19,2026-08-20 21:24:57,"ntc2_C",-0.259366084568057,858526
19,2026-08-20 21:24:57,"testSB_C",-0.22790323220903,858618
20,2026-08-20 21:24:57,"ntc1_C",-0.219407864282516,856499
20,2026-08-20 21:24:57,"ntc2_C",-0.263877014925981,859481
20,2026-08-20 21:24:57,"testSB_C",-0.231353259843047,855777
21,2026-08-20 21:24:57,"ntc1_C",-0.219523424654142,855208
21,2026-08-20 21:24:57,"ntc2_C",-0.211557780889052,856787
21,2026-08-20 21:24:57,"testSB_C",-0.25281351217069,858299
22,2026-08-20 21:24:57,"ntc1_C",-0.276824538544417,859338
22,2026-08-20 21:24:57,"ntc2_C",-0.234729118808843,858934
22,2026-08-20 21:24:57,"testSB_C",-0.222264253940068,856020
23,2026-08-20 21:24:57,"ntc1_C",-0.225889965073918,859319
23,2026-08-20 21:24:57,"ntc2_C",-0.260797072351409,858386
23,2026-08-20 21:24:57,"testSB_C",-0.235343418805314,856186
24,2026-08-20 21:24:57,"ntc1_C",-0.218446045026724,857258
24,2026-08-20 21:24:57,"ntc2_C",-0.209516029947338,858308
24,2026-08-20 21:24:57,"testSB_C",-0.203693722296862,854984
1,2026-08-21 00:24:57,"ntc1_C",-1.10742656307872,886009
1,2026-08-21 00:24:57,"testSB_C",-1.08011713324362,887135
2,2026-08-21 00:24:57,"ntc1_C",-1.06414679235985,885848
2,2026-08-21 00:24:57,"ntc2_C",-1.05760061504293,885409
2,2026-08-21 00:24:57,"testSB_C",-1.04409166943401,887112
3,2026-08-21 00:24:57,"ntc1_C",-1.04260875559959,886693
3,2026-08-21 00:24:57,"ntc2_C",-1.02489327599494,885072
3,2026-08-21 00:24:57,"testSB_C",-1.03067240290642,885086
4,2026-08-21 00:24:57,"ntc1_C",-1.00261774425076,884764
4,2026-08-21 00:24:57,"ntc2_C",-0.995511036508958,882506
4,2026-08-21 00:24:57,"testSB_C",-0.990614128285188,882496
5,2026-08-21 00:24:57,"ntc1_C",-0.985964328377634,882312
5,2026-08-21 00:24:57,"ntc2_C",-0.977326491263909,883303
5,2026-08-21 00:24:57,"testSB_C",-0.978057113141404,883986
6,2026-08-21 00:24:57,"ntc1_C",-0.981629334751233,882879
6,2026-08-21 00:24:57,"ntc2_C",-0.979855956764027,883669
6,2026-08-21 00:24:57,"testSB_C",-0.981072144182804,884002
7,2026-08-21 00:24:57,"ntc1_C",-0.970440197928269,882230
7,2026-08-21 00:24:57,"ntc2_C",-0.971996448185791,883792
7,2026-08-21 00:24:57,"testSB_C",-0.971096758876968,883889
8,2026-08-21 00:24:57,"ntc1_C",-0.967732356072759,885404
8,2026-08-21 00:24:57,"ntc2_C",-0.967911979130008,881993
8,2026-08-21 00:24:57,"testSB_C",-0.962759847282598,880265
9,2026-08-21 00:24:57,"ntc1_C",-0.953568283422499,881298
9,2026-08-21 00:24:57,"ntc2_C",-0.954428788718701,884199
9,2026-08-21 00:24:57,"testSB_C",-0.947070159415432,882556
10,2026-08-21 00:24:57,"ntc1_C",-0.947997216131228,883102
10,2026-08-21 00:24:57,"ntc2_C",-0.945280723489873,880735
10,2026-08-21 00:24:57,"testSB_C",-0.960514053501811,881875
11,2026-08-21 00:24:57,"ntc1_C",-0.951071074348249,883425
11,2026-08-21 00:24:57,"ntc2_C",-0.936375521591799,882495
11,2026-08-21 00:24:57,"testSB_C",-0.941627810272223,881513
12,2026-08-21 00:24:57,"ntc1_C",-0.938849893841507,882243
12,2026-08-21 00:24:57,"ntc2_C",-0.943769583035362,881912
12,2026-08-21 00:24:57,"testSB_C",-0.948889442320763,881900
13,2026-08-21 00:24:57,"ntc1_C",-0.946343677618245,884982
13,2026-08-21 00:24:57,"ntc2_C",-0.942280901977313,880298
13,2026-08-21 00:24:57,"testSB_C",-0.937341446780977,881578
14,2026-08-21 00:24:57,"ntc1_C",-0.936952913749394,880777
14,2026-08-21 00:24:57,"ntc2_C",-0.934991544071011,882821
14,2026-08-21 00:24:57,"testSB_C",-0.937192170291155,882739
15,2026-08-21 00:24:57,"ntc1_C",-0.930681124845478,879904
15,2026-08-21 00:24:57,"ntc2_C",-0.929264535843402,882750
15,2026-08-21 00:24:57,"testSB_C",-0.931321626137844,882988
16,2026-08-21 00:24:57,"ntc1_C",-0.918069342814988,880239
16,2026-08-21 00:24:57,"ntc2_C",-0.918245392360404,879682
16,2026-08-21 00:24:57,"testSB_C",-0.924077828217435,879834
17,2026-08-21 00:24:57,"ntc1_C",-0.924419857038458,880385
17,2026-08-21 00:24:57,"ntc2_C",-0.917439369772637,879830
17,2026-08-21 00:24:57,"testSB_C",-0.923630354674287,882684
18,2026-08-21 00:24:57,"ntc1_C",-0.922484615495478,883072
18,2026-08-21 00:24:57,"ntc2_C",-0.913214788097832,880627
18,2026-08-21 00:24:57,"testSB_C",-0.914893885345521,879817
19,2026-08-21 00:24:57,"ntc1_C",-0.910233716215885,882284
19,2026-08-21 00:24:57,"ntc2_C",-0.908291977817441,881269
19,2026-08-21 00:24:57,"testSB_C",-0.903101953186592,882296
20,2026-08-21 00:24:57,"ntc1_C",-0.904834934152063,880485
20,2026-08-21 00:24:57,"ntc2_C",-0.915185282622303,882337
20,2026-08-21 00:24:57,"testSB_C",-0.904717740526849,879306
21,2026-08-21 00:24:57,"ntc1_C",-0.909285461479044,879280
21,2026-08-21 00:24:57,"ntc2_C",-0.909940623923433,881232
21,2026-08-21 00:24:57,"testSB_C",-0.904859882298922,881143
22,2026-08-21 00:24:57,"ntc1_C",-0.910275283345527,881543
22,2026-08-21 00:24:57,"ntc2_C",-0.905434681660211,882435
22,2026-08-21 00:24:57,"testSB_C",-0.899355844262686,879677
23,2026-08-21 00:24:57,"ntc1_C",-0.906540137813181,883202
23,2026-08-21 00:24:57,"ntc2_C",-0.90541649094996,880963
23,2026-08-21 00:24:57,"testSB_C",-0.913000054003817,879853
24,2026-08-21 00:24:57,"ntc1_C",-0.90697683417352,881372
24,2026-08-21 00:24:57,"ntc2_C",-0.899697032190488,882503
24,2026-08-21 00:24:57,"testSB_C",-0.897989725504942,879222
1,2026-08-21 03:24:57,"ntc1_C",-1.8321046027757,912304
1,2026-08-21 03:24:57,"testSB_C",-1.80331766349144,913394
2,2026-08-21 03:24:57,"ntc1_C",-1.79401131864586,912330
2,2026-08-21 03:24:57,"ntc2_C",-1.78148486134762,911654
2,2026-08-21 03:24:57,"testSB_C",-1.7763481804655,913689
3,2026-08-21 03:24:57,"ntc1_C",-1.80740957309536,914476
3,2026-08-21 03:24:57,"ntc2_C",-1.79461728727773,912997
3,2026-08-21 03:24:57,"testSB_C",-1.7982592343929,912916
4,2026-08-21 03:24:57,"ntc1_C",-1.76940229901749,912564
4,2026-08-21 03:24:57,"ntc2_C",-1.76587765587186,910357
4,2026-08-21 03:24:57,"testSB_C",-1.76061742208805,910332
5,2026-08-21 03:24:57,"ntc1_C",-1.75633167723998,910172
5,2026-08-21 03:24:57,"ntc2_C",-1.74089588401455,910927
5,2026-08-21 03:24:57,"testSB_C",-1.73660144813931,911452
6,2026-08-21 03:24:57,"ntc1_C",-1.74550428964199,910496
6,2026-08-21 03:24:57,"ntc2_C",-1.74618259501472,911418
6,2026-08-21 03:24:57,"testSB_C",-1.72431935614929,910905
7,2026-08-21 03:24:57,"ntc1_C",-1.72353878654235,909449
7,2026-08-21 03:24:57,"ntc2_C",-1.73156745617496,911297
7,2026-08-21 03:24:57,"testSB_C",-1.71525028075041,910817
8,2026-08-21 03:24:57,"ntc1_C",-1.71521445813954,912512
8,2026-08-21 03:24:57,"ntc2_C",-1.71667406032032,909033
8,2026-08-21 03:24:57,"testSB_C",-1.72004167074135,907563
9,2026-08-21 03:24:57,"ntc1_C",-1.69295558629,907966
9,2026-08-21 03:24:57,"ntc2_C",-1.69924455503548,911176
9,2026-08-21 03:24:57,"testSB_C",-1.67657780532573,908914
10,2026-08-21 03:24:57,"ntc1_C",-1.70072024165779,910318
10,2026-08-21 03:24:57,"ntc2_C",-1.67742908131112,907128
10,2026-08-21 03:24:57,"testSB_C",-1.707358324251,908849
11,2026-08-21 03:24:57,"ntc1_C",-1.69466720718947,910312
11,2026-08-21 03:24:57,"ntc2_C",-1.69381740991531,909867
11,2026-08-21 03:24:57,"testSB_C",-1.68718809140455,908414
12,2026-08-21 03:24:57,"ntc1_C",-1.6857976017755,909221
12,2026-08-21 03:24:57,"ntc2_C",-1.69725874470782,909121
12,2026-08-21 03:24:57,"testSB_C",-1.68967128148904,908648
13,2026-08-21 03:24:57,"ntc1_C",-1.66054664809684,910851
13,2026-08-21 03:24:57,"ntc2_C",-1.66044646831483,906179
13,2026-08-21 03:24:57,"testSB_C",-1.65550606614011,907495
14,2026-08-21 03:24:57,"ntc1_C",-1.66040790871301,906851
14,2026-08-21 03:24:57,"ntc2_C",-1.64578599807618,908493
14,2026-08-21 03:24:57,"testSB_C",-1.64463048796557,908291
15,2026-08-21 03:24:57,"ntc1_C",-1.64243731454053,905519
15,2026-08-21 03:24:57,"ntc2_C",-1.64695290097092,908682
15,2026-08-21 03:24:57,"testSB_C",-1.64319333802229,908716
16,2026-08-21 03:24:57,"ntc1_C",-1.65173862240783,906682
16,2026-08-21 03:24:57,"ntc2_C",-1.65895198764503,906370
16,2026-08-21 03:24:57,"testSB_C",-1.67918727827504,907056
17,2026-08-21 03:24:57,"ntc1_C",-1.68015470311894,907644
17,2026-08-21 03:24:57,"ntc2_C",-1.65955889204065,906564
17,2026-08-21 03:24:57,"testSB_C",-1.64932332386599,908909
18,2026-08-21 03:24:57,"ntc1_C",-1.65491825956946,909547
18,2026-08-21 03:24:57,"ntc2_C",-1.64597460250792,907026
18,2026-08-21 03:24:57,"testSB_C",-1.64663343246986,906185
19,2026-08-21 03:24:57,"ntc1_C",-1.661578278001,909439
19,2026-08-21 03:24:57,"ntc2_C",-1.66569397945062,908618
19,2026-08-21 03:24:57,"testSB_C",-1.64999844789133,909291
20,2026-08-21 03:24:57,"ntc1_C",-1.65370085171492,907501
20,2026-08-21 03:24:57,"ntc2_C",-1.66200491127813,909334
20,2026-08-21 03:24:57,"testSB_C",-1.65556877863571,906348
21,2026-08-21 03:24:57,"ntc1_C",-1.64667352929104,905805
21,2026-08-21 03:24:57,"ntc2_C",-1.64207135854275,907648
21,2026-08-21 03:24:57,"testSB_C",-1.63124028535952,907347
22,2026-08-21 03:24:57,"ntc1_C",-1.65185984246324,908309
22,2026-08-21 03:24:57,"ntc2_C",-1.63063524715551,908610
22,2026-08-21 03:24:57,"testSB_C",-1.6205839323718,905636
23,2026-08-21 03:24:57,"ntc1_C",-1.6284592769461,909298
23,2026-08-21 03:24:57,"ntc2_C",-1.64891462437845,907782
23,2026-08-21 03:24:57,"testSB_C",-1.62360383180101,905413
24,2026-08-21 03:24:57,"ntc1_C",-1.62568816103771,907306
24,2026-08-21 03:24:57,"ntc2_C",-1.62572240171392,908731
24,2026-08-21 03:24:57,"testSB_C",-1.60472846255476,904639
1,2026-08-21 06:24:57,"ntc1_C",-1.76214315053005,909730
1,2026-08-21 06:24:57,"testSB_C",-1.7450949677359,911250
2,2026-08-21 06:24:57,"ntc1_C",-1.74579145880097,910555
2,2026-08-21 06:24:57,"ntc2_C",-1.74271928701069,910228
2,2026-08-21 06:24:57,"testSB_C",-1.73893469790869,912311
3,2026-08-21 06:24:57,"ntc1_C",-1.72889163801199,911582
3,2026-08-21 06:24:57,"ntc2_C",-1.72911548359377,910585
3,2026-08-21 06:24:57,"testSB_C",-1.75248852706494,911231
4,2026-08-21 06:24:57,"ntc1_C",-1.6963410387666,909876
4,2026-08-21 06:24:57,"ntc2_C",-1.70917875638042,908276
4,2026-08-21 06:24:57,"testSB_C",-1.71804154005446,908769
5,2026-08-21 06:24:57,"ntc1_C",-1.72396358117527,908983
5,2026-08-21 06:24:57,"ntc2_C",-1.69902726418269,909389
5,2026-08-21 06:24:57,"testSB_C",-1.70470015635095,910279
6,2026-08-21 06:24:57,"ntc1_C",-1.70952384102327,909175
6,2026-08-21 06:24:57,"ntc2_C",-1.7259849849903,910675
6,2026-08-21 06:24:57,"testSB_C",-1.72208916716863,910823
7,2026-08-21 06:24:57,"ntc1_C",-1.70482389496249,908762
7,2026-08-21 06:24:57,"ntc2_C",-1.7076137627206,910416
7,2026-08-21 06:24:57,"testSB_C",-1.72205013197117,911067
8,2026-08-21 06:24:57,"ntc1_C",-1.73138520458707,913108
8,2026-08-21 06:24:57,"ntc2_C",-1.71907240968488,909121
8,2026-08-21 06:24:57,"testSB_C",-1.71266949853742,907293
9,2026-08-21 06:24:57,"ntc1_C",-1.70692650037586,908478
9,2026-08-21 06:24:57,"ntc2_C",-1.70424463198106,911360
9,2026-08-21 06:24:57,"testSB_C",-1.69698114684167,909663
10,2026-08-21 06:24:57,"ntc1_C",-1.71824369053769,910962
10,2026-08-21 06:24:57,"ntc2_C",-1.68805169019276,907517
10,2026-08-21 06:24:57,"testSB_C",-1.73203701011437,909755
11,2026-08-21 06:24:57,"ntc1_C",-1.71543055119906,911075
11,2026-08-21 06:24:57,"ntc2_C",-1.70857263460493,910409
11,2026-08-21 06:24:57,"testSB_C",-1.7011246281993,908925
12,2026-08-21 06:24:57,"ntc1_C",-1.70119073018975,909786
12,2026-08-21 06:24:57,"ntc2_C",-1.71227139424474,909672
12,2026-08-21 06:24:57,"testSB_C",-1.71912541756819,909729
13,2026-08-21 06:24:57,"ntc1_C",-1.68536242866281,911764
13,2026-08-21 06:24:57,"ntc2_C",-1.67716668833941,906791
13,2026-08-21 06:24:57,"testSB_C",-1.68081992638145,908423
14,2026-08-21 06:24:57,"ntc1_C",-1.67892703796207,907529
14,2026-08-21 06:24:57,"ntc2_C",-1.66974820065627,909372
14,2026-08-21 06:24:57,"testSB_C",-1.67014611212915,909227
15,2026-08-21 06:24:57,"ntc1_C",-1.67348371222562,906654
15,2026-08-21 06:24:57,"ntc2_C",-1.66232182992877,909246
15,2026-08-21 06:24:57,"testSB_C",-1.66844583678835,909643
16,2026-08-21 06:24:57,"ntc1_C",-1.683760944418,907855
16,2026-08-21 06:24:57,"ntc2_C",-1.68522174793554,907332
16,2026-08-21 06:24:57,"testSB_C",-1.70412558662844,907970
17,2026-08-21 06:24:57,"ntc1_C",-1.70050039263799,908390
17,2026-08-21 06:24:57,"ntc2_C",-1.68081007317033,907342
17,2026-08-21 06:24:57,"testSB_C",-1.6748161199809,909845
18,2026-08-21 06:24:57,"ntc1_C",-1.68067351913504,910493
18,2026-08-21 06:24:57,"ntc2_C",-1.66463410835701,907709
18,2026-08-21 06:24:57,"testSB_C",-1.66539808382385,906872
19,2026-08-21 06:24:57,"ntc1_C",-1.69222242327606,910565
19,2026-08-21 06:24:57,"ntc2_C",-1.69448388665347,909675
19,2026-08-21 06:24:57,"testSB_C",-1.67933880833255,910369
20,2026-08-21 06:24:57,"ntc1_C",-1.67360963987744,908231
20,2026-08-21 06:24:57,"ntc2_C",-1.68315288464782,910111
20,2026-08-21 06:24:57,"testSB_C",-1.66849165758305,906821
21,2026-08-21 06:24:57,"ntc1_C",-1.66664503990745,906535
21,2026-08-21 06:24:57,"ntc2_C",-1.6711987397228,908716
21,2026-08-21 06:24:57,"testSB_C",-1.67269600556995,908867
22,2026-08-21 06:24:57,"ntc1_C",-1.68761723539075,909621
22,2026-08-21 06:24:57,"ntc2_C",-1.66384363111109,909828
22,2026-08-21 06:24:57,"testSB_C",-1.64907819009727,906678
23,2026-08-21 06:24:57,"ntc1_C",-1.6555797219994,910294
23,2026-08-21 06:24:57,"ntc2_C",-1.67924182032368,908894
23,2026-08-21 06:24:57,"testSB_C",-1.65655419624193,906617
24,2026-08-21 06:24:57,"ntc1_C",-1.64342326318399,907956
24,2026-08-21 06:24:57,"ntc2_C",-1.64079212722379,909284
24,2026-08-21 06:24:57,"testSB_C",-1.62865791974059,905513
1,2026-08-21 09:24:57,"ntc1_C",-0.208117887098012,854484
1,2026-08-21 09:24:57,"testSB_C",-0.218256482380298,856877
2,2026-08-21 09:24:57,"ntc1_C",-0.250536941596522,857279
2,2026-08-21 09:24:57,"ntc2_C",-0.191506657801824,855050
2,2026-08-21 09:24:57,"testSB_C",-0.20037640886261,857496
3,2026-08-21 09:24:57,"ntc1_C",0.356660620206014,838138
3,2026-08-21 09:24:57,"ntc2_C",0.329929434635574,838083
3,2026-08-21 09:24:57,"testSB_C",0.209327688628093,842000
4,2026-08-21 09:24:57,"ntc1_C",0.508258797501185,832566
4,2026-08-21 09:24:57,"ntc2_C",0.436088734720329,833108
4,2026-08-21 09:24:57,"testSB_C",0.411123028022814,834101
5,2026-08-21 09:24:57,"ntc1_C",0.335969008928771,836579
5,2026-08-21 09:24:57,"ntc2_C",0.431108685109564,834641
5,2026-08-21 09:24:57,"testSB_C",0.421606247821273,835571
6,2026-08-21 09:24:57,"ntc1_C",0.407879695225688,834882
6,2026-08-21 09:24:57,"ntc2_C",0.275032052797314,840135
6,2026-08-21 09:24:57,"testSB_C",0.334043589368775,838430
7,2026-08-21 09:24:57,"ntc1_C",0.416859541178781,834313
7,2026-08-21 09:24:57,"ntc2_C",0.371544711463628,837262
7,2026-08-21 09:24:57,"testSB_C",0.193793278433191,843408
8,2026-08-21 09:24:57,"ntc1_C",0.196059325520821,844875
8,2026-08-21 09:24:57,"ntc2_C",0.367994286075714,835836
8,2026-08-21 09:24:57,"testSB_C",0.239930883531031,838677
9,2026-08-21 09:24:57,"ntc1_C",0.287553703285994,838375
9,2026-08-21 09:24:57,"ntc2_C",0.397724908238672,837355
9,2026-08-21 09:24:57,"testSB_C",0.45557880972251,834117
10,2026-08-21 09:24:57,"ntc1_C",0.259972096591298,841204
10,2026-08-21 09:24:57,"ntc2_C",0.332753479159351,836586
10,2026-08-21 09:24:57,"testSB_C",0.194766434639916,841799
11,2026-08-21 09:24:57,"ntc1_C",0.351019283064204,838341
11,2026-08-21 09:24:57,"ntc2_C",0.363599076115236,837522
11,2026-08-21 09:24:57,"testSB_C",0.345055356667274,837045
12,2026-08-21 09:24:57,"ntc1_C",0.271648437039005,840299
12,2026-08-21 09:24:57,"ntc2_C",0.248961568046582,840582
12,2026-08-21 09:24:57,"testSB_C",0.0528508881861285,847042
13,2026-08-21 09:24:57,"ntc1_C",0.243147995348181,843600
13,2026-08-21 09:24:57,"ntc2_C",0.275656759425885,838171
13,2026-08-21 09:24:57,"testSB_C",0.274361146882768,839602
14,2026-08-21 09:24:57,"ntc1_C",0.313813103693576,837544
14,2026-08-21 09:24:57,"ntc2_C",0.253357716696769,841593
14,2026-08-21 09:24:57,"testSB_C",0.300840493915985,839828
15,2026-08-21 09:24:57,"ntc1_C",0.245867763185856,839222
15,2026-08-21 09:24:57,"ntc2_C",0.37035510647911,837756
15,2026-08-21 09:24:57,"testSB_C",0.325325039576796,839426
16,2026-08-21 09:24:57,"ntc1_C",0.21961965214399,840829
16,2026-08-21 09:24:57,"ntc2_C",0.231055715100467,839899
16,2026-08-21 09:24:57,"testSB_C",0.203988835285656,840759
17,2026-08-21 09:24:57,"ntc1_C",0.257242970890502,839477
17,2026-08-21 09:24:57,"ntc2_C",0.234625761690722,839960
17,2026-08-21 09:24:57,"testSB_C",0.233953036856178,842487
18,2026-08-21 09:24:57,"ntc1_C",0.285665456910294,841159
18,2026-08-21 09:24:57,"ntc2_C",0.276486214668694,839475
18,2026-08-21 09:24:57,"testSB_C",0.290239912553488,838137
19,2026-08-21 09:24:57,"ntc1_C",0.232796602029396,842598
19,2026-08-21 09:24:57,"ntc2_C",0.138726808869649,844881
19,2026-08-21 09:24:57,"testSB_C",0.235613776919308,842752
20,2026-08-21 09:24:57,"ntc1_C",0.29446270572447,838969
20,2026-08-21 09:24:57,"ntc2_C",0.27424913272182,841068
20,2026-08-21 09:24:57,"testSB_C",0.406327758293799,834107
21,2026-08-21 09:24:57,"ntc1_C",0.479932357499138,831507
21,2026-08-21 09:24:57,"ntc2_C",0.596839860167108,829382
21,2026-08-21 09:24:57,"testSB_C",0.66493749346597,827200
22,2026-08-21 09:24:57,"ntc1_C",0.740551091374755,824903
22,2026-08-21 09:24:57,"ntc2_C",0.559307729462773,831964
22,2026-08-21 09:24:57,"testSB_C",0.337891763890468,836957
23,2026-08-21 09:24:57,"ntc1_C",0.257229008957665,842781
23,2026-08-21 09:24:57,"ntc2_C",0.278976369433451,839951
23,2026-08-21 09:24:57,"testSB_C",0.276333554590281,838762
24,2026-08-21 09:24:57,"ntc1_C",0.294448457497481,839748
24,2026-08-21 09:24:57,"ntc2_C",0.252096498217952,842517
24,2026-08-21 09:24:57,"testSB_C",0.246778975294887,839636
1,2026-08-21 12:24:57,"ntc1_C",1.80725606186297,788070
1,2026-08-21 12:24:57,"testSB_C",1.75191379811412,791738
2,2026-08-21 12:24:57,"ntc1_C",1.47698089193386,799800
2,2026-08-21 12:24:57,"ntc2_C",1.66426222055361,793646
2,2026-08-21 12:24:57,"testSB_C",1.55676093478462,799122
3,2026-08-21 12:24:57,"ntc1_C",2.75452481782872,761362
3,2026-08-21 12:24:57,"ntc2_C",2.46973307925629,769169
3,2026-08-21 12:24:57,"testSB_C",2.41973849410692,770609
4,2026-08-21 12:24:57,"ntc1_C",2.80411041206986,759401
4,2026-08-21 12:24:57,"ntc2_C",2.81813900088798,757297
4,2026-08-21 12:24:57,"testSB_C",2.42884000381667,769315
5,2026-08-21 12:24:57,"ntc1_C",2.43844539102628,768940
5,2026-08-21 12:24:57,"ntc2_C",2.55406080625698,766587
5,2026-08-21 12:24:57,"testSB_C",2.38537695048137,772324
6,2026-08-21 12:24:57,"ntc1_C",2.40994290688786,770526
6,2026-08-21 12:24:57,"ntc2_C",2.51117053805586,768094
6,2026-08-21 12:24:57,"testSB_C",2.35372899785415,773221
7,2026-08-21 12:24:57,"ntc1_C",2.52990782598607,766554
7,2026-08-21 12:24:57,"ntc2_C",2.65553739049477,764019
7,2026-08-21 12:24:57,"testSB_C",2.26494124847994,776205
8,2026-08-21 12:24:57,"ntc1_C",2.30151270990063,776464
8,2026-08-21 12:24:57,"ntc2_C",2.39970720644408,770483
8,2026-08-21 12:24:57,"testSB_C",2.54358545617697,764726
9,2026-08-21 12:24:57,"ntc1_C",2.39105953980129,770611
9,2026-08-21 12:24:57,"ntc2_C",2.49368185983184,769870
9,2026-08-21 12:24:57,"testSB_C",2.42477305184389,770815
10,2026-08-21 12:24:57,"ntc1_C",2.36824821070996,773044
10,2026-08-21 12:24:57,"ntc2_C",2.54579210797021,765594
10,2026-08-21 12:24:57,"testSB_C",2.31348418549032,773230
11,2026-08-21 12:24:57,"ntc1_C",2.1991149997142,778490
11,2026-08-21 12:24:57,"ntc2_C",2.52077493985189,768170
11,2026-08-21 12:24:57,"testSB_C",2.48814454521903,768176
12,2026-08-21 12:24:57,"ntc1_C",2.75545257878991,760708
12,2026-08-21 12:24:57,"ntc2_C",2.45398656126918,769481
12,2026-08-21 12:24:57,"testSB_C",2.40234542831558,770884
13,2026-08-21 12:24:57,"ntc1_C",2.47789696061187,771290
13,2026-08-21 12:24:57,"ntc2_C",2.6547610475294,761917
13,2026-08-21 12:24:57,"testSB_C",2.50051587213414,767899
14,2026-08-21 12:24:57,"ntc1_C",2.5801996118596,764828
14,2026-08-21 12:24:57,"ntc2_C",2.58396414634569,766539
14,2026-08-21 12:24:57,"testSB_C",2.57258000114678,766730
15,2026-08-21 12:24:57,"ntc1_C",2.3835991411259,770315
15,2026-08-21 12:24:57,"ntc2_C",2.67300439915726,763895
15,2026-08-21 12:24:57,"testSB_C",2.72322100064883,762492
16,2026-08-21 12:24:57,"ntc1_C",2.38501712193141,770888
16,2026-08-21 12:24:57,"ntc2_C",2.44701872349304,768473
16,2026-08-21 12:24:57,"testSB_C",2.44938812184392,768346
17,2026-08-21 12:24:57,"ntc1_C",2.40341285284774,770235
17,2026-08-21 12:24:57,"ntc2_C",2.5011050009536,766996
17,2026-08-21 12:24:57,"testSB_C",2.34563249795696,774063
18,2026-08-21 12:24:57,"ntc1_C",2.3506918680136,774316
18,2026-08-21 12:24:57,"ntc2_C",2.49063744696736,768209
18,2026-08-21 12:24:57,"testSB_C",2.44716925776942,768669
19,2026-08-21 12:24:57,"ntc1_C",2.44801027156615,770964
19,2026-08-21 12:24:57,"ntc2_C",2.38998201343765,771916
19,2026-08-21 12:24:57,"testSB_C",2.46407228854093,770691
20,2026-08-21 12:24:57,"ntc1_C",2.52770532895431,767082
20,2026-08-21 12:24:57,"ntc2_C",2.64393788866965,764815
20,2026-08-21 12:24:57,"testSB_C",2.71266976869993,760462
21,2026-08-21 12:24:57,"ntc1_C",2.53320600897587,765867
21,2026-08-21 12:24:57,"ntc2_C",2.68051698308108,762939
21,2026-08-21 12:24:57,"testSB_C",2.25475851365445,776119
22,2026-08-21 12:24:57,"ntc1_C",2.47111196996354,769648
22,2026-08-21 12:24:57,"ntc2_C",2.66940242591409,764569
22,2026-08-21 12:24:57,"testSB_C",2.38450421420379,771048
23,2026-08-21 12:24:57,"ntc1_C",2.47012622825821,771223
23,2026-08-21 12:24:57,"ntc2_C",2.55148623102599,766817
23,2026-08-21 12:24:57,"testSB_C",2.33981799804917,772221
24,2026-08-21 12:24:57,"ntc1_C",2.40442476057189,771600
24,2026-08-21 12:24:57,"ntc2_C",2.49204311514768,770143
24,2026-08-21 12:24:57,"testSB_C",2.33083113958395,772335
1,2026-08-21 15:24:57,"ntc1_C",2.00224331149303,781942
1,2026-08-21 15:24:57,"testSB_C",1.88918281914471,787400
2,2026-08-21 15:24:57,"ntc1_C",1.78506737491244,789986
2,2026-08-21 15:24:57,"ntc2_C",1.90598664660416,785999
2,2026-08-21 15:24:57,"testSB_C",1.82848993283363,790478
3,2026-08-21 15:24:57,"ntc1_C",3.21812747389055,747401
3,2026-08-21 15:24:57,"ntc2_C",2.88470855534877,756516
3,2026-08-21 15:24:57,"testSB_C",2.56654918963812,766101
4,2026-08-21 15:24:57,"ntc1_C",2.92682682431081,755688
4,2026-08-21 15:24:57,"ntc2_C",3.01756712082624,751292
4,2026-08-21 15:24:57,"testSB_C",2.82531832583243,757226
5,2026-08-21 15:24:57,"ntc1_C",2.56920681113166,764930
5,2026-08-21 15:24:57,"ntc2_C",2.77248174023521,759928
5,2026-08-21 15:24:57,"testSB_C",2.67620205636416,763399
6,2026-08-21 15:24:57,"ntc1_C",2.40292980028767,770742
6,2026-08-21 15:24:57,"ntc2_C",2.69162759780147,762574
6,2026-08-21 15:24:57,"testSB_C",2.65799780746647,763874
7,2026-08-21 15:24:57,"ntc1_C",2.67192401953088,762215
7,2026-08-21 15:24:57,"ntc2_C",2.90773045430961,756360
7,2026-08-21 15:24:57,"testSB_C",2.63700483945621,764748
8,2026-08-21 15:24:57,"ntc1_C",2.51434480761679,769884
8,2026-08-21 15:24:57,"ntc2_C",2.5125332091053,767017
8,2026-08-21 15:24:57,"testSB_C",2.62818512720634,762146
9,2026-08-21 15:24:57,"ntc1_C",2.64059104825725,762968
9,2026-08-21 15:24:57,"ntc2_C",2.73254455149208,762555
9,2026-08-21 15:24:57,"testSB_C",2.54316035916446,767176
10,2026-08-21 15:24:57,"ntc1_C",2.44974830124795,770530
10,2026-08-21 15:24:57,"ntc2_C",2.71356730110568,760480
10,2026-08-21 15:24:57,"testSB_C",2.21474429137987,776290
11,2026-08-21 15:24:57,"ntc1_C",2.21659771331213,777946
11,2026-08-21 15:24:57,"ntc2_C",2.55344123462248,767168
11,2026-08-21 15:24:57,"testSB_C",2.61598848751834,764263
12,2026-08-21 15:24:57,"ntc1_C",2.8085082444311,759098
12,2026-08-21 15:24:57,"ntc2_C",2.62282254278807,764307
12,2026-08-21 15:24:57,"testSB_C",2.33880454579173,772845
13,2026-08-21 15:24:57,"ntc1_C",2.56481816638592,768614
13,2026-08-21 15:24:57,"ntc2_C",2.81825478452231,756955
13,2026-08-21 15:24:57,"testSB_C",2.60018084279324,764845
14,2026-08-21 15:24:57,"ntc1_C",2.64815851347288,762754
14,2026-08-21 15:24:57,"ntc2_C",2.73322861450612,761981
14,2026-08-21 15:24:57,"testSB_C",2.53795216030034,767792
15,2026-08-21 15:24:57,"ntc1_C",2.41632708196556,769308
15,2026-08-21 15:24:57,"ntc2_C",2.7609846210031,761214
15,2026-08-21 15:24:57,"testSB_C",2.691576458052,763457
16,2026-08-21 15:24:57,"ntc1_C",2.39150441921629,770688
16,2026-08-21 15:24:57,"ntc2_C",2.34504639588903,771614
16,2026-08-21 15:24:57,"testSB_C",2.39452614752054,770034
17,2026-08-21 15:24:57,"ntc1_C",2.50016344236019,767260
17,2026-08-21 15:24:57,"ntc2_C",2.58872608055043,764314
17,2026-08-21 15:24:57,"testSB_C",2.4558054059022,770659
18,2026-08-21 15:24:57,"ntc1_C",2.5726352771689,767475
18,2026-08-21 15:24:57,"ntc2_C",2.61521971339459,764395
18,2026-08-21 15:24:57,"testSB_C",2.41197713713137,769752
19,2026-08-21 15:24:57,"ntc1_C",2.41239875609148,772063
19,2026-08-21 15:24:57,"ntc2_C",2.34049283446313,773446
19,2026-08-21 15:24:57,"testSB_C",2.40478436845422,772521
20,2026-08-21 15:24:57,"ntc1_C",2.47711466353769,768636
20,2026-08-21 15:24:57,"ntc2_C",2.64727328078089,764713
20,2026-08-21 15:24:57,"testSB_C",2.71303173918034,760451
21,2026-08-21 15:24:57,"ntc1_C",2.55308836798673,765259
21,2026-08-21 15:24:57,"ntc2_C",2.73021794765361,761425
21,2026-08-21 15:24:57,"testSB_C",2.2251522629258,777039
22,2026-08-21 15:24:57,"ntc1_C",2.42039744692966,771210
22,2026-08-21 15:24:57,"ntc2_C",2.51251867116576,769374
22,2026-08-21 15:24:57,"testSB_C",2.28248839727155,774199
23,2026-08-21 15:24:57,"ntc1_C",2.41351242664138,772971
23,2026-08-21 15:24:57,"ntc2_C",2.67238256313692,763121
23,2026-08-21 15:24:57,"testSB_C",2.12948792739201,778739
24,2026-08-21 15:24:57,"ntc1_C",2.50447669284637,768518
24,2026-08-21 15:24:57,"ntc2_C",2.5490041298645,768391
24,2026-08-21 15:24:57,"testSB_C",2.51557647238076,766652
1,2026-08-21 18:24:57,"ntc1_C",0.216863154276211,840001
1,2026-08-21 18:24:57,"testSB_C",0.219821198432214,841917
2,2026-08-21 18:24:57,"ntc1_C",0.152547027070511,843487
2,2026-08-21 18:24:57,"ntc2_C",0.20922530131287,841377
2,2026-08-21 18:24:57,"testSB_C",0.224409982369878,842982
3,2026-08-21 18:24:57,"ntc1_C",0.824476645902905,822538
3,2026-08-21 18:24:57,"ntc2_C",0.698083945273765,825775
3,2026-08-21 18:24:57,"testSB_C",0.402883850599267,835477
4,2026-08-21 18:24:57,"ntc1_C",0.721958360893893,825450
4,2026-08-21 18:24:57,"ntc2_C",0.715726080503941,823805
4,2026-08-21 18:24:57,"testSB_C",0.611968070142154,827400
5,2026-08-21 18:24:57,"ntc1_C",0.56189453706952,829017
5,2026-08-21 18:24:57,"ntc2_C",0.613191576941063,828560
5,2026-08-21 18:24:57,"testSB_C",0.615123088269399,829101
6,2026-08-21 18:24:57,"ntc1_C",0.497155347201385,831894
6,2026-08-21 18:24:57,"ntc2_C",0.610567716616458,828883
6,2026-08-21 18:24:57,"testSB_C",0.52967033467354,831866
7,2026-08-21 18:24:57,"ntc1_C",0.645729963080953,826676
7,2026-08-21 18:24:57,"ntc2_C",0.671948787984434,827217
7,2026-08-21 18:24:57,"testSB_C",0.641658162883687,828370
8,2026-08-21 18:24:57,"ntc1_C",0.565114110612797,832436
8,2026-08-21 18:24:57,"ntc2_C",0.553125802195382,829644
8,2026-08-21 18:24:57,"testSB_C",0.675942280364325,824118
9,2026-08-21 18:24:57,"ntc1_C",0.550726504171848,829561
9,2026-08-21 18:24:57,"ntc2_C",0.644434648169636,829095
9,2026-08-21 18:24:57,"testSB_C",0.571009554457589,830258
10,2026-08-21 18:24:57,"ntc1_C",0.564733301423871,830969
10,2026-08-21 18:24:57,"ntc2_C",0.627777821532618,826731
10,2026-08-21 18:24:57,"testSB_C",0.356202092315925,836354
11,2026-08-21 18:24:57,"ntc1_C",0.401823716527815,836632
11,2026-08-21 18:24:57,"ntc2_C",0.491830717322046,833219
11,2026-08-21 18:24:57,"testSB_C",0.474128707585749,832717
12,2026-08-21 18:24:57,"ntc1_C",0.619037157003845,828655
12,2026-08-21 18:24:57,"ntc2_C",0.597074836502543,828909
12,2026-08-21 18:24:57,"testSB_C",0.487290308092554,832380
13,2026-08-21 18:24:57,"ntc1_C",0.568185442027016,832651
13,2026-08-21 18:24:57,"ntc2_C",0.657961508334267,825391
13,2026-08-21 18:24:57,"testSB_C",0.618350991150464,828074
14,2026-08-21 18:24:57,"ntc1_C",0.643308747645619,826532
14,2026-08-21 18:24:57,"ntc2_C",0.638571832630191,828669
14,2026-08-21 18:24:57,"testSB_C",0.608078748177661,829524
15,2026-08-21 18:24:57,"ntc1_C",0.570509636692464,828350
15,2026-08-21 18:24:57,"ntc2_C",0.63954777427108,828743
15,2026-08-21 18:24:57,"testSB_C",0.640060864133204,828875
16,2026-08-21 18:24:57,"ntc1_C",0.46472652317243,832585
16,2026-08-21 18:24:57,"ntc2_C",0.498766940242035,830908
16,2026-08-21 18:24:57,"testSB_C",0.443859826725259,832689
17,2026-08-21 18:24:57,"ntc1_C",0.464805747765695,832501
17,2026-08-21 18:24:57,"ntc2_C",0.515133646182051,830544
17,2026-08-21 18:24:57,"testSB_C",0.501117805387764,833487
18,2026-08-21 18:24:57,"ntc1_C",0.582410590120048,831189
18,2026-08-21 18:24:57,"ntc2_C",0.531057233878698,830936
18,2026-08-21 18:24:57,"testSB_C",0.528902847073482,830133
19,2026-08-21 18:24:57,"ntc1_C",0.49478480885557,833770
19,2026-08-21 18:24:57,"ntc2_C",0.424595215976467,835224
19,2026-08-21 18:24:57,"testSB_C",0.502153794576316,833769
20,2026-08-21 18:24:57,"ntc1_C",0.562712070966086,829969
20,2026-08-21 18:24:57,"ntc2_C",0.443865035616568,835351
20,2026-08-21 18:24:57,"testSB_C",0.58791252401187,828043
21,2026-08-21 18:24:57,"ntc1_C",0.557973100927313,828906
21,2026-08-21 18:24:57,"ntc2_C",0.553933622071554,830813
21,2026-08-21 18:24:57,"testSB_C",0.44970023084511,834385
22,2026-08-21 18:24:57,"ntc1_C",0.495424885707564,833064
22,2026-08-21 18:24:57,"ntc2_C",0.613209310641878,830166
22,2026-08-21 18:24:57,"testSB_C",0.482472978326143,832110
23,2026-08-21 18:24:57,"ntc1_C",0.518220764272371,833987
23,2026-08-21 18:24:57,"ntc2_C",0.538437058281716,831239
23,2026-08-21 18:24:57,"testSB_C",0.457981779919862,832667
24,2026-08-21 18:24:57,"ntc1_C",0.533092312337374,831730
24,2026-08-21 18:24:57,"ntc2_C",0.537041374817647,832923
24,2026-08-21 18:24:57,"testSB_C",0.521597411535595,830416
1,2026-08-21 21:24:57,"ntc1_C",-1.03142783587447,883298
1,2026-08-21 21:24:57,"testSB_C",-1.0195156855666,884971
2,2026-08-21 21:24:57,"ntc1_C",-1.02974726856655,884620
2,2026-08-21 21:24:57,"ntc2_C",-1.01697919256867,883960
2,2026-08-21 21:24:57,"testSB_C",-1.02228166301001,886333
3,2026-08-21 21:24:57,"ntc1_C",-0.949113763932758,883358
3,2026-08-21 21:24:57,"ntc2_C",-0.955303571566276,882592
3,2026-08-21 21:24:57,"testSB_C",-0.953899295765439,882352
4,2026-08-21 21:24:57,"ntc1_C",-0.948811713312125,882847
4,2026-08-21 21:24:57,"ntc2_C",-0.948367344566066,880831
4,2026-08-21 21:24:57,"testSB_C",-0.959493932974794,881390
5,2026-08-21 21:24:57,"ntc1_C",-0.964113872685175,881535
5,2026-08-21 21:24:57,"ntc2_C",-0.956640015898358,882567
5,2026-08-21 21:24:57,"testSB_C",-0.955592857051045,883186
6,2026-08-21 21:24:57,"ntc1_C",-0.968075203597209,882397
6,2026-08-21 21:24:57,"ntc2_C",-0.96407508045229,883107
6,2026-08-21 21:24:57,"testSB_C",-0.966613184261405,883487
7,2026-08-21 21:24:57,"ntc1_C",-0.950160418550183,881509
7,2026-08-21 21:24:57,"ntc2_C",-0.950010633904526,883009
7,2026-08-21 21:24:57,"testSB_C",-0.953289908270506,883255
8,2026-08-21 21:24:57,"ntc1_C",-0.960755224691923,885155
8,2026-08-21 21:24:57,"ntc2_C",-0.958090476319001,881644
8,2026-08-21 21:24:57,"testSB_C",-0.946769402689597,879698
9,2026-08-21 21:24:57,"ntc1_C",-0.956074882215432,881387
9,2026-08-21 21:24:57,"ntc2_C",-0.950529410610613,884060
9,2026-08-21 21:24:57,"testSB_C",-0.960222079587993,883024
10,2026-08-21 21:24:57,"ntc1_C",-0.96005070301544,883531
10,2026-08-21 21:24:57,"ntc2_C",-0.953084173335128,881012
10,2026-08-21 21:24:57,"testSB_C",-0.960232740398851,881865
11,2026-08-21 21:24:57,"ntc1_C",-0.96250389579626,883832
11,2026-08-21 21:24:57,"ntc2_C",-0.951584512780528,883036
11,2026-08-21 21:24:57,"testSB_C",-0.951650006560556,881869
12,2026-08-21 21:24:57,"ntc1_C",-0.949509000962962,882622
12,2026-08-21 21:24:57,"ntc2_C",-0.952378862008175,882218
12,2026-08-21 21:24:57,"testSB_C",-0.957356510383704,882201
13,2026-08-21 21:24:57,"ntc1_C",-0.960635012358807,885492
13,2026-08-21 21:24:57,"ntc2_C",-0.946760452669764,880457
13,2026-08-21 21:24:57,"testSB_C",-0.952445946510977,882115
14,2026-08-21 21:24:57,"ntc1_C",-0.951966066614546,881310
14,2026-08-21 21:24:57,"ntc2_C",-0.948985680155943,883319
14,2026-08-21 21:24:57,"testSB_C",-0.954948395791178,883371
15,2026-08-21 21:24:57,"ntc1_C",-0.955634050465392,880789
15,2026-08-21 21:24:57,"ntc2_C",-0.946231743629937,883354
15,2026-08-21 21:24:57,"testSB_C",-0.949433468965708,883633
16,2026-08-21 21:24:57,"ntc1_C",-0.957546995326766,881641
16,2026-08-21 21:24:57,"ntc2_C",-0.954420280512807,880966
16,2026-08-21 21:24:57,"testSB_C",-0.953882201976342,880892
17,2026-08-21 21:24:57,"ntc1_C",-0.956093560354532,881510
17,2026-08-21 21:24:57,"ntc2_C",-0.954268860718969,881137
17,2026-08-21 21:24:57,"testSB_C",-0.961565473735959,884035
18,2026-08-21 21:24:57,"ntc1_C",-0.954579896379471,884215
18,2026-08-21 21:24:57,"ntc2_C",-0.955747213463098,882137
18,2026-08-21 21:24:57,"testSB_C",-0.959611419295072,881405
19,2026-08-21 21:24:57,"ntc1_C",-0.956155807752111,883919
19,2026-08-21 21:24:57,"ntc2_C",-0.95923311204757,883081
19,2026-08-21 21:24:57,"testSB_C",-0.956031709122385,884181
20,2026-08-21 21:24:57,"ntc1_C",-0.956122721145732,882308
20,2026-08-21 21:24:57,"ntc2_C",-0.951329809752906,883624
20,2026-08-21 21:24:57,"testSB_C",-0.94469011972734,880724
21,2026-08-21 21:24:57,"ntc1_C",-0.960229812162595,881086
21,2026-08-21 21:24:57,"ntc2_C",-0.956651881379059,882893
21,2026-08-21 21:24:57,"testSB_C",-0.968902727316845,883421
22,2026-08-21 21:24:57,"ntc1_C",-0.961952656129824,883381
22,2026-08-21 21:24:57,"ntc2_C",-0.949034343742369,883986
22,2026-08-21 21:24:57,"testSB_C",-0.964550995627746,881991
23,2026-08-21 21:24:57,"ntc1_C",-0.963021104069412,885215
23,2026-08-21 21:24:57,"ntc2_C",-0.954063153730601,882692
23,2026-08-21 21:24:57,"testSB_C",-0.975181939673405,882059
24,2026-08-21 21:24:57,"ntc1_C",-0.966024715776257,883473
24,2026-08-21 21:24:57,"ntc2_C",-0.9610698053134,884689
24,2026-08-21 21:24:57,"testSB_C",-0.960767208794721,881449
1,2026-08-22 00:24:57,"ntc1_C",-3.75056793433362,985947
1,2026-08-22 00:24:57,"testSB_C",-3.76200714017671,988692
2,2026-08-22 00:24:57,"ntc1_C",-3.73500655305094,986875
2,2026-08-22 00:24:57,"ntc2_C",-3.72466548320648,986220
2,2026-08-22 00:24:57,"testSB_C",-3.7196638418805,988349
3,2026-08-22 00:24:57,"ntc1_C",-3.71498758498473,987823
3,2026-08-22 00:24:57,"ntc2_C",-3.70063298391528,986194
3,2026-08-22 00:24:57,"testSB_C",-3.69273097210237,985602
4,2026-08-22 00:24:57,"ntc1_C",-3.69176053488462,986362
4,2026-08-22 00:24:57,"ntc2_C",-3.68832980333656,983956
4,2026-08-22 00:24:57,"testSB_C",-3.68518456652254,984010
5,2026-08-22 00:24:57,"ntc1_C",-3.68287571305075,983960
5,2026-08-22 00:24:57,"ntc2_C",-3.67617685866838,985078
5,2026-08-22 00:24:57,"testSB_C",-3.6757040050872,985812
6,2026-08-22 00:24:57,"ntc1_C",-3.67153027959517,984227
6,2026-08-22 00:24:57,"ntc2_C",-3.67674765007922,985453
6,2026-08-22 00:24:57,"testSB_C",-3.67693099586023,985753
7,2026-08-22 00:24:57,"ntc1_C",-3.66130831639759,983613
7,2026-08-22 00:24:57,"ntc2_C",-3.66894315632521,985596
7,2026-08-22 00:24:57,"testSB_C",-3.66491731259077,985529
8,2026-08-22 00:24:57,"ntc1_C",-3.66033686609376,987214
8,2026-08-22 00:24:57,"ntc2_C",-3.65732361605882,983246
8,2026-08-22 00:24:57,"testSB_C",-3.66224274836253,981716
9,2026-08-22 00:24:57,"ntc1_C",-3.6497519555229,982713
9,2026-08-22 00:24:57,"ntc2_C",-3.65453699362075,986188
9,2026-08-22 00:24:57,"testSB_C",-3.65116177120649,984488
10,2026-08-22 00:24:57,"ntc1_C",-3.65443997407453,985145
10,2026-08-22 00:24:57,"ntc2_C",-3.64712262458102,982337
10,2026-08-22 00:24:57,"testSB_C",-3.64857167858702,983088
11,2026-08-22 00:24:57,"ntc1_C",-3.64105065755149,984834
11,2026-08-22 00:24:57,"ntc2_C",-3.6422613413817,984452
11,2026-08-22 00:24:57,"testSB_C",-3.6344136638487,982817
12,2026-08-22 00:24:57,"ntc1_C",-3.62981617658977,983570
12,2026-08-22 00:24:57,"ntc2_C",-3.63070610015228,983045
12,2026-08-22 00:24:57,"testSB_C",-3.62876371898761,982773
13,2026-08-22 00:24:57,"ntc1_C",-3.63274181969365,986484
13,2026-08-22 00:24:57,"ntc2_C",-3.62424287496003,981106
13,2026-08-22 00:24:57,"testSB_C",-3.62459513936039,982735
14,2026-08-22 00:24:57,"ntc1_C",-3.62100864866022,981663
14,2026-08-22 00:24:57,"ntc2_C",-3.62119214914134,984033
14,2026-08-22 00:24:57,"testSB_C",-3.62198625165564,983909
15,2026-08-22 00:24:57,"ntc1_C",-3.6157344088578,980708
15,2026-08-22 00:24:57,"ntc2_C",-3.61024005828307,983785
15,2026-08-22 00:24:57,"testSB_C",-3.61236238055318,984061
16,2026-08-22 00:24:57,"ntc1_C",-3.61176185669962,981492
16,2026-08-22 00:24:57,"ntc2_C",-3.61498632209083,981010
16,2026-08-22 00:24:57,"testSB_C",-3.61261729316709,980861
17,2026-08-22 00:24:57,"ntc1_C",-3.61807811097111,981664
17,2026-08-22 00:24:57,"ntc2_C",-3.61129640707702,981016
17,2026-08-22 00:24:57,"testSB_C",-3.61189336662534,984003
18,2026-08-22 00:24:57,"ntc1_C",-3.61284089414215,984483
18,2026-08-22 00:24:57,"ntc2_C",-3.60596341511933,981796
18,2026-08-22 00:24:57,"testSB_C",-3.6098549111764,981104
19,2026-08-22 00:24:57,"ntc1_C",-3.6077949094817,983931
19,2026-08-22 00:24:57,"ntc2_C",-3.60115768973742,982624
19,2026-08-22 00:24:57,"testSB_C",-3.6071019480205,984214
20,2026-08-22 00:24:57,"ntc1_C",-3.60809321095326,982180
20,2026-08-22 00:24:57,"ntc2_C",-3.59774059701482,983417
20,2026-08-22 00:24:57,"testSB_C",-3.59842252559201,980447
21,2026-08-22 00:24:57,"ntc1_C",-3.60825316753011,980533
21,2026-08-22 00:24:57,"ntc2_C",-3.59888956446781,982407
21,2026-08-22 00:24:57,"testSB_C",-3.60413273895335,982726
22,2026-08-22 00:24:57,"ntc1_C",-3.60105924502358,982808
22,2026-08-22 00:24:57,"ntc2_C",-3.59098825515338,983528
22,2026-08-22 00:24:57,"testSB_C",-3.58735110472264,980596
23,2026-08-22 00:24:57,"ntc1_C",-3.58661981668604,984232
23,2026-08-22 00:24:57,"ntc2_C",-3.5880915711702,981839
23,2026-08-22 00:24:57,"testSB_C",-3.59446526429713,980466
24,2026-08-22 00:24:57,"ntc1_C",-3.5843696975719,982125
24,2026-08-22 00:24:57,"ntc2_C",-3.5761227001193,983317
24,2026-08-22 00:24:57,"testSB_C",-3.57455952288001,979633
1,2026-08-22 03:24:57,"ntc1_C",-14.0773615939889,1501904
1,2026-08-22 03:24:57,"testSB_C",-14.0090317151502,1500877
2,2026-08-22 03:24:57,"ntc1_C",-13.9335545275252,1495389
2,2026-08-22 03:24:57,"ntc2_C",-13.894402530752,1492575
2,2026-08-22 03:24:57,"testSB_C",-13.8900407876737,1495197
3,2026-08-22 03:24:57,"ntc1_C",-13.7621061870514,1487234
3,2026-08-22 03:24:57,"ntc2_C",-13.7572732395341,1485612
3,2026-08-22 03:24:57,"testSB_C",-13.7343050085762,1483505
4,2026-08-22 03:24:57,"ntc1_C",-13.7293420870948,1484638
4,2026-08-22 03:24:57,"ntc2_C",-13.7351846400652,1481442
4,2026-08-22 03:24:57,"testSB_C",-13.6659890112752,1477521
5,2026-08-22 03:24:57,"ntc1_C",-13.6656077812391,1477891
5,2026-08-22 03:24:57,"ntc2_C",-13.6565651378218,1479099
5,2026-08-22 03:24:57,"testSB_C",-13.6533786028118,1480116
6,2026-08-22 03:24:57,"ntc1_C",-13.6175799217971,1475542
6,2026-08-22 03:24:57,"ntc2_C",-13.634868081192,1478503
6,2026-08-22 03:24:57,"testSB_C",-13.64177772614,1479156
7,2026-08-22 03:24:57,"ntc1_C",-13.5761551797188,1473216
7,2026-08-22 03:24:57,"ntc2_C",-13.5932387506576,1476737
7,2026-08-22 03:24:57,"testSB_C",-13.5516289277119,1474103
8,2026-08-22 03:24:57,"ntc1_C",-13.5093235810458,1474566
8,2026-08-22 03:24:57,"ntc2_C",-13.5260004154669,1469734
8,2026-08-22 03:24:57,"testSB_C",-13.5299853209845,1467392
9,2026-08-22 03:24:57,"ntc1_C",-13.4866314113544,1466890
9,2026-08-22 03:24:57,"ntc2_C",-13.5043132992528,1473242
9,2026-08-22 03:24:57,"testSB_C",-13.4856438780264,1469686
10,2026-08-22 03:24:57,"ntc1_C",-13.4747927933955,1469497
10,2026-08-22 03:24:57,"ntc2_C",-13.4795538148857,1466187
10,2026-08-22 03:24:57,"testSB_C",-13.4439325702271,1465187
11,2026-08-22 03:24:57,"ntc1_C",-13.4472563839388,1468116
11,2026-08-22 03:24:57,"ntc2_C",-13.4383551863839,1467092
11,2026-08-22 03:24:57,"testSB_C",-13.4055439124517,1463100
12,2026-08-22 03:24:57,"ntc1_C",-13.4271942324243,1465752
12,2026-08-22 03:24:57,"ntc2_C",-13.4033701243907,1463517
12,2026-08-22 03:24:57,"testSB_C",-13.3944702030608,1462852
13,2026-08-22 03:24:57,"ntc1_C",-13.3917267819373,1467893
13,2026-08-22 03:24:57,"ntc2_C",-13.3619775290355,1458852
13,2026-08-22 03:24:57,"testSB_C",-13.3688888641008,1461563
14,2026-08-22 03:24:57,"ntc1_C",-13.3285197952174,1457545
14,2026-08-22 03:24:57,"ntc2_C",-13.3485745933103,1462236
14,2026-08-22 03:24:57,"testSB_C",-13.3480292771698,1462109
15,2026-08-22 03:24:57,"ntc1_C",-13.3120196448363,1455380
15,2026-08-22 03:24:57,"ntc2_C",-13.2969563150551,1459708
15,2026-08-22 03:24:57,"testSB_C",-13.2915566833152,1459652
16,2026-08-22 03:24:57,"ntc1_C",-13.2511903453617,1453510
16,2026-08-22 03:24:57,"ntc2_C",-13.2580171224438,1453136
16,2026-08-22 03:24:57,"testSB_C",-13.2476184986557,1452469
17,2026-08-22 03:24:57,"ntc1_C",-13.2431013802996,1452903
17,2026-08-22 03:24:57,"ntc2_C",-13.2126609111015,1450335
17,2026-08-22 03:24:57,"testSB_C",-13.1970964743282,1453892
18,2026-08-22 03:24:57,"ntc1_C",-13.2108254868496,1455170
18,2026-08-22 03:24:57,"ntc2_C",-13.1924162593752,1450287
18,2026-08-22 03:24:57,"testSB_C",-13.2084618448411,1450657
19,2026-08-22 03:24:57,"ntc1_C",-13.1828387679501,1453254
19,2026-08-22 03:24:57,"ntc2_C",-13.1870501101976,1452032
19,2026-08-22 03:24:57,"testSB_C",-13.1831334802484,1453826
20,2026-08-22 03:24:57,"ntc1_C",-13.1726490062752,1450219
20,2026-08-22 03:24:57,"ntc2_C",-13.1751184410361,1452748
20,2026-08-22 03:24:57,"testSB_C",-13.1270948596666,1445408
21,2026-08-22 03:24:57,"ntc1_C",-13.1479151521107,1445710
21,2026-08-22 03:24:57,"ntc2_C",-13.1592361882098,1450111
21,2026-08-22 03:24:57,"testSB_C",-13.1360192956427,1448977
22,2026-08-22 03:24:57,"ntc1_C",-13.1284606442731,1448767
22,2026-08-22 03:24:57,"ntc2_C",-13.1491656730143,1451357
22,2026-08-22 03:24:57,"testSB_C",-13.1126600880703,1445366
23,2026-08-22 03:24:57,"ntc1_C",-13.116854716985,1450890
23,2026-08-22 03:24:57,"ntc2_C",-13.1323317619299,1448303
23,2026-08-22 03:24:57,"testSB_C",-13.1182538068639,1444598
24,2026-08-22 03:24:57,"ntc1_C",-13.10729612896,1447588
24,2026-08-22 03:24:57,"ntc2_C",-13.092097742374,1448793
24,2026-08-22 03:24:57,"testSB_C",-13.0705870393505,1442100
1,2026-08-22 06:24:57,"ntc1_C",-21.5788122449218,2036556
1,2026-08-22 06:24:57,"testSB_C",-21.6228683017886,2044177
2,2026-08-22 06:24:57,"ntc1_C",-21.512170338097,2034085
2,2026-08-22 06:24:57,"ntc2_C",-21.4236007049737,2026232
2,2026-08-22 06:24:57,"testSB_C",-21.2749611207412,2017380
3,2026-08-22 06:24:57,"ntc1_C",-20.355533983506,1943995
3,2026-08-22 06:24:57,"ntc2_C",-20.3815590772917,1944535
3,2026-08-22 06:24:57,"testSB_C",-20.4069069686066,1945381
4,2026-08-22 06:24:57,"ntc1_C",-20.0431062906058,1919031
4,2026-08-22 06:24:57,"ntc2_C",-19.9964093122265,1910799
4,2026-08-22 06:24:57,"testSB_C",-20.4569416418198,1946996
5,2026-08-22 06:24:57,"ntc1_C",-20.3218765989674,1937177
5,2026-08-22 06:24:57,"ntc2_C",-20.0987119073318,1921796
5,2026-08-22 06:24:57,"testSB_C",-20.2619979637935,1936120
6,2026-08-22 06:24:57,"ntc1_C",-20.1885517240147,1926932
6,2026-08-22 06:24:57,"ntc2_C",-20.0237246591048,1916954
6,2026-08-22 06:24:57,"testSB_C",-20.3683451037855,1943980
7,2026-08-22 06:24:57,"ntc1_C",-20.0962964645263,1920472
7,2026-08-22 06:24:57,"ntc2_C",-19.7347408307006,1895745
7,2026-08-22 06:24:57,"testSB_C",-20.1243957811399,1925474
8,2026-08-22 06:24:57,"ntc1_C",-20.1309485857018,1929976
8,2026-08-22 06:24:57,"ntc2_C",-20.0349581465611,1914969
8,2026-08-22 06:24:57,"testSB_C",-19.8269572706049,1895652
9,2026-08-22 06:24:57,"ntc1_C",-19.9954309169829,1911157
9,2026-08-22 06:24:57,"ntc2_C",-19.8112079828695,1904046
9,2026-08-22 06:24:57,"testSB_C",-20.0021976395866,1915608
10,2026-08-22 06:24:57,"ntc1_C",-19.9197220845712,1909514
10,2026-08-22 06:24:57,"ntc2_C",-19.6067016707241,1881113
10,2026-08-22 06:24:57,"testSB_C",-19.9497746883128,1908954
11,2026-08-22 06:24:57,"ntc1_C",-19.9793555125307,1914481
11,2026-08-22 06:24:57,"ntc2_C",-19.6945831805048,1892076
11,2026-08-22 06:24:57,"testSB_C",-19.7743191507219,1895558
12,2026-08-22 06:24:57,"ntc1_C",-19.5065924713474,1876778
12,2026-08-22 06:24:57,"ntc2_C",-19.6564502333288,1887166
12,2026-08-22 06:24:57,"testSB_C",-19.7878088216072,1897212
13,2026-08-22 06:24:57,"ntc1_C",-19.5973046577213,1889142
13,2026-08-22 06:24:57,"ntc2_C",-19.4123596263286,1866083
13,2026-08-22 06:24:57,"testSB_C",-19.5746401333413,1881195
14,2026-08-22 06:24:57,"ntc1_C",-19.4851971932593,1872213
14,2026-08-22 06:24:57,"ntc2_C",-19.5246162459621,1879602
14,2026-08-22 06:24:57,"testSB_C",-19.4814894491056,1876280
15,2026-08-22 06:24:57,"ntc1_C",-19.5806940075535,1877898
15,2026-08-22 06:24:57,"ntc2_C",-19.1923924299918,1855444
15,2026-08-22 06:24:57,"testSB_C",-19.2629526996185,1861016
16,2026-08-22 06:24:57,"ntc1_C",-19.4923527320386,1873665
16,2026-08-22 06:24:57,"ntc2_C",-19.4931742281999,1872844
16,2026-08-22 06:24:57,"testSB_C",-19.5328748820728,1875810
17,2026-08-22 06:24:57,"ntc1_C",-19.3702781005952,1864232
17,2026-08-22 06:24:57,"ntc2_C",-19.4099455242582,1866073
17,2026-08-22 06:24:57,"testSB_C",-19.6824630266474,1892590
18,2026-08-22 06:24:57,"ntc1_C",-19.3817903951824,1870156
18,2026-08-22 06:24:57,"ntc2_C",-19.2020749773769,1851656
18,2026-08-22 06:24:57,"testSB_C",-19.3662269178496,1863795
19,2026-08-22 06:24:57,"ntc1_C",-19.4968356968292,1878810
19,2026-08-22 06:24:57,"ntc2_C",-19.5840909792821,1883603
19,2026-08-22 06:24:57,"testSB_C",-19.3720678903938,1870130
20,2026-08-22 06:24:57,"ntc1_C",-19.5688097034214,1881315
20,2026-08-22 06:24:57,"ntc2_C",-19.2015190918507,1856510
20,2026-08-22 06:24:57,"testSB_C",-19.1809798690508,1849233
21,2026-08-22 06:24:57,"ntc1_C",-19.4370334280622,1866960
21,2026-08-22 06:24:57,"ntc2_C",-19.0786753032357,1845053
21,2026-08-22 06:24:57,"testSB_C",-19.3917672066031,1868957
22,2026-08-22 06:24:57,"ntc1_C",-19.3078888765821,1862926
22,2026-08-22 06:24:57,"ntc2_C",-19.0308496300538,1843680
22,2026-08-22 06:24:57,"testSB_C",-19.4237171424583,1868570
23,2026-08-22 06:24:57,"ntc1_C",-19.0115835015293,1844073
23,2026-08-22 06:24:57,"ntc2_C",-19.1006022263423,1846465
23,2026-08-22 06:24:57,"testSB_C",-19.2038334350534,1849947
24,2026-08-22 06:24:57,"ntc1_C",-19.2771357844311,1860731
24,2026-08-22 06:24:57,"ntc2_C",-18.8660844608837,1832555
24,2026-08-22 06:24:57,"testSB_C",-18.7837043066637,1819627
1,2026-08-22 09:24:57,"ntc1_C",-16.0282617370953,1626272
1,2026-08-22 09:24:57,"testSB_C",-16.1546605100783,1638042
2,2026-08-22 09:24:57,"ntc1_C",-16.218938767436,1641419
2,2026-08-22 09:24:57,"ntc2_C",-16.1543982244053,1636632
2,2026-08-22 09:24:57,"testSB_C",-16.0176044347711,1630538
3,2026-08-22 09:24:57,"ntc1_C",-13.4567681118737,1468827
3,2026-08-22 09:24:57,"ntc2_C",-14.0356527750212,1502581
3,2026-08-22 09:24:57,"testSB_C",-14.1209078887964,1507079
4,2026-08-22 09:24:57,"ntc1_C",-13.3395200435451,1461210
4,2026-08-22 09:24:57,"ntc2_C",-13.2482210230837,1452300
4,2026-08-22 09:24:57,"testSB_C",-14.3037788196468,1516461
5,2026-08-22 09:24:57,"ntc1_C",-14.6200857316879,1536585
5,2026-08-22 09:24:57,"ntc2_C",-13.9168046384833,1494884
5,2026-08-22 09:24:57,"testSB_C",-14.0991367617252,1507276
6,2026-08-22 09:24:57,"ntc1_C",-14.6376562997628,1538191
6,2026-08-22 09:24:57,"ntc2_C",-13.8728731390608,1492930
6,2026-08-22 09:24:57,"testSB_C",-14.4531475371125,1528915
7,2026-08-22 09:24:57,"ntc1_C",-14.195800582771,1510942
7,2026-08-22 09:24:57,"ntc2_C",-13.2866823446043,1458376
7,2026-08-22 09:24:57,"testSB_C",-14.6570643983974,1542076
8,2026-08-22 09:24:57,"ntc1_C",-14.8527347871881,1557618
8,2026-08-22 09:24:57,"ntc2_C",-14.5842356073389,1534569
8,2026-08-22 09:24:57,"testSB_C",-13.8564210405783,1487068
9,2026-08-22 09:24:57,"ntc1_C",-14.6060630511798,1535411
9,2026-08-22 09:24:57,"ntc2_C",-14.0656479941857,1507382
9,2026-08-22 09:24:57,"testSB_C",-14.6528981271967,1541372
10,2026-08-22 09:24:57,"ntc1_C",-14.4352595324932,1528193
10,2026-08-22 09:24:57,"ntc2_C",-13.8314670224109,1487391
10,2026-08-22 09:24:57,"testSB_C",-14.3679846738896,1521483
11,2026-08-22 09:24:57,"ntc1_C",-14.8214029682224,1552716
11,2026-08-22 09:24:57,"ntc2_C",-14.0724458648881,1505535
11,2026-08-22 09:24:57,"testSB_C",-14.6565344351732,1539685
12,2026-08-22 09:24:57,"ntc1_C",-14.025265881458,1501944
12,2026-08-22 09:24:57,"ntc2_C",-14.1908896745832,1511286
12,2026-08-22 09:24:57,"testSB_C",-14.6875937693694,1542086
13,2026-08-22 09:24:57,"ntc1_C",-14.6369348857167,1544352
13,2026-08-22 09:24:57,"ntc2_C",-14.2091970679035,1510170
13,2026-08-22 09:24:57,"testSB_C",-14.5541374472139,1533963
14,2026-08-22 09:24:57,"ntc1_C",-14.4668157446905,1526800
14,2026-08-22 09:24:57,"ntc2_C",-14.1490516333908,1510755
14,2026-08-22 09:24:57,"testSB_C",-14.4472464806624,1529147
15,2026-08-22 09:24:57,"ntc1_C",-14.5258733577219,1529229
15,2026-08-22 09:24:57,"ntc2_C",-13.9095197268107,1496653
15,2026-08-22 09:24:57,"testSB_C",-13.9148440386069,1497246
16,2026-08-22 09:24:57,"ntc1_C",-14.6724412324945,1540279
16,2026-08-22 09:24:57,"ntc2_C",-14.4521798669696,1525706
16,2026-08-22 09:24:57,"testSB_C",-14.5997863740142,1534871
17,2026-08-22 09:24:57,"ntc1_C",-14.4554014556684,1526567
17,2026-08-22 09:24:57,"ntc2_C",-14.4583694024659,1525919
17,2026-08-22 09:24:57,"testSB_C",-14.6741425822995,1544162
18,2026-08-22 09:24:57,"ntc1_C",-14.6335544506442,1542071
18,2026-08-22 09:24:57,"ntc2_C",-14.1150321550106,1505870
18,2026-08-22 09:24:57,"testSB_C",-14.6965189461667,1541470
19,2026-08-22 09:24:57,"ntc1_C",-14.6189615107756,1540930
19,2026-08-22 09:24:57,"ntc2_C",-14.4754658145986,1530399
19,2026-08-22 09:24:57,"testSB_C",-14.1598628293164,1512937
20,2026-08-22 09:24:57,"ntc1_C",-14.4586985736106,1528359
20,2026-08-22 09:24:57,"ntc2_C",-13.9250422164383,1497893
20,2026-08-22 09:24:57,"testSB_C",-14.0718378462773,1502218
21,2026-08-22 09:24:57,"ntc1_C",-14.4489470511992,1524464
21,2026-08-22 09:24:57,"ntc2_C",-13.884011856351,1493632
21,2026-08-22 09:24:57,"testSB_C",-14.7009402072497,1544500
22,2026-08-22 09:24:57,"ntc1_C",-14.5488185689095,1535198
22,2026-08-22 09:24:57,"ntc2_C",-13.975706706687,1501117
22,2026-08-22 09:24:57,"testSB_C",-15.0096914244419,1561666
23,2026-08-22 09:24:57,"ntc1_C",-14.4427736391213,1531504
23,2026-08-22 09:24:57,"ntc2_C",-13.8790735343241,1493111
23,2026-08-22 09:24:57,"testSB_C",-14.6672197856091,1538722
24,2026-08-22 09:24:57,"ntc1_C",-14.4470401168987,1528921
24,2026-08-22 09:24:57,"ntc2_C",-14.3171095798158,1523032
24,2026-08-22 09:24:57,"testSB_C",-14.6284248752548,1536709
1,2026-08-22 12:24:57,"ntc1_C",-11.0942174434565,1329659
1,2026-08-22 12:24:57,"testSB_C",-10.873894359868,1320610
2,2026-08-22 12:24:57,"ntc1_C",-11.0553964658071,1329604
2,2026-08-22 12:24:57,"ntc2_C",-10.8157238655779,1316294
2,2026-08-22 12:24:57,"testSB_C",-10.7094952086285,1313313
3,2026-08-22 12:24:57,"ntc1_C",-9.17470306907813,1233387
3,2026-08-22 12:24:57,"ntc2_C",-9.24217290178825,1235582
3,2026-08-22 12:24:57,"testSB_C",-9.91555054963095,1269477
4,2026-08-22 12:24:57,"ntc1_C",-9.18841927935711,1233492
4,2026-08-22 12:24:57,"ntc2_C",-9.12493734370037,1227402
4,2026-08-22 12:24:57,"testSB_C",-9.56373618289047,1249785
5,2026-08-22 12:24:57,"ntc1_C",-9.70346384278571,1257155
5,2026-08-22 12:24:57,"ntc2_C",-9.26078454721505,1236232
5,2026-08-22 12:24:57,"testSB_C",-9.4175951977038,1245158
6,2026-08-22 12:24:57,"ntc1_C",-9.88428674699168,1267119
6,2026-08-22 12:24:57,"ntc2_C",-9.41983818870284,1244824
6,2026-08-22 12:24:57,"testSB_C",-10.5736191226226,1305100
7,2026-08-22 12:24:57,"ntc1_C",-9.41438063103624,1243031
7,2026-08-22 12:24:57,"ntc2_C",-9.07995281050609,1228272
7,2026-08-22 12:24:57,"testSB_C",-9.63952453818706,1256615
8,2026-08-22 12:24:57,"ntc1_C",-9.72322679452947,1263427
8,2026-08-22 12:24:57,"ntc2_C",-9.60274415986618,1252268
8,2026-08-22 12:24:57,"testSB_C",-9.32217632453484,1235839
9,2026-08-22 12:24:57,"ntc1_C",-9.67590029362412,1255643
9,2026-08-22 12:24:57,"ntc2_C",-9.23958446718177,1237816
9,2026-08-22 12:24:57,"testSB_C",-10.4498441776821,1298369
10,2026-08-22 12:24:57,"ntc1_C",-9.57911645677115,1253550
10,2026-08-22 12:24:57,"ntc2_C",-9.14278481624802,1228359
10,2026-08-22 12:24:57,"testSB_C",-9.69183945697944,1257121
11,2026-08-22 12:24:57,"ntc1_C",-9.79809736128647,1265042
11,2026-08-22 12:24:57,"ntc2_C",-9.2544381790895,1236835
11,2026-08-22 12:24:57,"testSB_C",-9.60144261361347,1252740
12,2026-08-22 12:24:57,"ntc1_C",-9.40965272608616,1244160
12,2026-08-22 12:24:57,"ntc2_C",-9.39529364789752,1242734
12,2026-08-22 12:24:57,"testSB_C",-11.0095605006282,1327165
13,2026-08-22 12:24:57,"ntc1_C",-9.72768389471713,1264056
13,2026-08-22 12:24:57,"ntc2_C",-9.04909541736339,1223359
13,2026-08-22 12:24:57,"testSB_C",-9.3957965095114,1242786
14,2026-08-22 12:24:57,"ntc1_C",-9.49216415717348,1246372
14,2026-08-22 12:24:57,"ntc2_C",-9.27125309129428,1238172
14,2026-08-22 12:24:57,"testSB_C",-9.50615818071384,1249963
15,2026-08-22 12:24:57,"ntc1_C",-9.51611577023823,1246597
15,2026-08-22 12:24:57,"ntc2_C",-9.29691533690391,1239832
15,2026-08-22 12:24:57,"testSB_C",-9.22786308370445,1236586
16,2026-08-22 12:24:57,"ntc1_C",-9.96756326459359,1271182
16,2026-08-22 12:24:57,"ntc2_C",-9.30456573316712,1236546
16,2026-08-22 12:24:57,"testSB_C",-9.69998112251966,1256608
17,2026-08-22 12:24:57,"ntc1_C",-9.45680955423967,1244866
17,2026-08-22 12:24:57,"ntc2_C",-9.4523784233499,1244056
17,2026-08-22 12:24:57,"testSB_C",-9.78843384322454,1265098
18,2026-08-22 12:24:57,"ntc1_C",-9.51705405331165,1251632
18,2026-08-22 12:24:57,"ntc2_C",-9.46500959825732,1245788
18,2026-08-22 12:24:57,"testSB_C",-9.79675210356493,1262035
19,2026-08-22 12:24:57,"ntc1_C",-9.69080213989736,1260220
19,2026-08-22 12:24:57,"ntc2_C",-9.60778522635405,1254665
19,2026-08-22 12:24:57,"testSB_C",-9.40146340842028,1245874
20,2026-08-22 12:24:57,"ntc1_C",-9.5381156779045,1250239
20,2026-08-22 12:24:57,"ntc2_C",-9.14072512732065,1232175
20,2026-08-22 12:24:57,"testSB_C",-9.40961490745622,1241916
21,2026-08-22 12:24:57,"ntc1_C",-9.5698897486119,1249412
21,2026-08-22 12:24:57,"ntc2_C",-9.31410623155904,1239515
21,2026-08-22 12:24:57,"testSB_C",-9.80640766569411,1264843
22,2026-08-22 12:24:57,"ntc1_C",-9.569427515717,1252887
22,2026-08-22 12:24:57,"ntc2_C",-9.09195656907718,1229975
22,2026-08-22 12:24:57,"testSB_C",-10.1867905317878,1282650
23,2026-08-22 12:24:57,"ntc1_C",-9.95865722618015,1275471
23,2026-08-22 12:24:57,"ntc2_C",-9.50192748266272,1248854
23,2026-08-22 12:24:57,"testSB_C",-10.0143901883667,1272859
24,2026-08-22 12:24:57,"ntc1_C",-11.1559553834072,1336748
24,2026-08-22 12:24:57,"ntc2_C",-11.5832990720034,1362271
24,2026-08-22 12:24:57,"testSB_C",-10.9679357638625,1323514
1,2026-08-22 15:24:57,"ntc1_C",-7.8138938504195,1163066
1,2026-08-22 15:24:57,"testSB_C",-7.78922128663959,1164494
2,2026-08-22 15:24:57,"ntc1_C",-7.75170950758258,1161937
2,2026-08-22 15:24:57,"ntc2_C",-6.93440659697347,1123596
2,2026-08-22 15:24:57,"testSB_C",-7.49443350153729,1152055
3,2026-08-22 15:24:57,"ntc1_C",-6.24796998725168,1094799
3,2026-08-22 15:24:57,"ntc2_C",-6.05211080633802,1084999
3,2026-08-22 15:24:57,"testSB_C",-5.63736950915217,1066510
4,2026-08-22 15:24:57,"ntc1_C",-6.26094788230574,1094818
4,2026-08-22 15:24:57,"ntc2_C",-6.24834951649581,1091708
4,2026-08-22 15:24:57,"testSB_C",-5.60433203682044,1063691
5,2026-08-22 15:24:57,"ntc1_C",-6.06630816128245,1083958
5,2026-08-22 15:24:57,"ntc2_C",-6.15885626719074,1089517
5,2026-08-22 15:24:57,"testSB_C",-5.60500006984245,1066092
6,2026-08-22 15:24:57,"ntc1_C",-6.34053995658905,1096823
6,2026-08-22 15:24:57,"ntc2_C",-6.29044070639259,1095798
6,2026-08-22 15:24:57,"testSB_C",-5.77616228681029,1073407
7,2026-08-22 15:24:57,"ntc1_C",-5.93694793601372,1078822
7,2026-08-22 15:24:57,"ntc2_C",-6.33016836067867,1098085
7,2026-08-22 15:24:57,"testSB_C",-6.14683350233258,1089978
8,2026-08-22 15:24:57,"ntc1_C",-5.99330172682318,1085292
8,2026-08-22 15:24:57,"ntc2_C",-5.81250740166644,1073118
8,2026-08-22 15:24:57,"testSB_C",-6.38645331626668,1096527
9,2026-08-22 15:24:57,"ntc1_C",-6.12734122851185,1086661
9,2026-08-22 15:24:57,"ntc2_C",-5.88272197653862,1079576
9,2026-08-22 15:24:57,"testSB_C",-6.22702025915385,1093042
10,2026-08-22 15:24:57,"ntc1_C",-6.11978839275793,1088813
10,2026-08-22 15:24:57,"ntc2_C",-6.33981748569505,1095815
10,2026-08-22 15:24:57,"testSB_C",-6.35965773051851,1097497
11,2026-08-22 15:24:57,"ntc1_C",-6.16608248060959,1091096
11,2026-08-22 15:24:57,"ntc2_C",-6.13370392264261,1089211
11,2026-08-22 15:24:57,"testSB_C",-6.22436012316007,1091748
12,2026-08-22 15:24:57,"ntc1_C",-6.6439282658821,1111599
12,2026-08-22 15:24:57,"ntc2_C",-6.29767702272488,1095434
12,2026-08-22 15:24:57,"testSB_C",-6.45135953607792,1102113
13,2026-08-22 15:24:57,"ntc1_C",-6.55790995911758,1110903
13,2026-08-22 15:24:57,"ntc2_C",-5.96111856385477,1078752
13,2026-08-22 15:24:57,"testSB_C",-6.06075381055314,1084903
14,2026-08-22 15:24:57,"ntc1_C",-5.92238020523718,1077749
14,2026-08-22 15:24:57,"ntc2_C",-6.19450093460114,1092364
14,2026-08-22 15:24:57,"testSB_C",-6.26384696060012,1095303
15,2026-08-22 15:24:57,"ntc1_C",-6.19832919553494,1089060
15,2026-08-22 15:24:57,"ntc2_C",-6.30807421662519,1097681
15,2026-08-22 15:24:57,"testSB_C",-6.52666497759259,1107706
16,2026-08-22 15:24:57,"ntc1_C",-6.61064694945611,1108622
16,2026-08-22 15:24:57,"ntc2_C",-5.84768995018896,1074094
16,2026-08-22 15:24:57,"testSB_C",-6.22403286515311,1090609
17,2026-08-22 15:24:57,"ntc1_C",-6.0609854145668,1084022
17,2026-08-22 15:24:57,"ntc2_C",-6.24591451164491,1091745
17,2026-08-22 15:24:57,"testSB_C",-6.05037266013625,1086395
18,2026-08-22 15:24:57,"ntc1_C",-5.98414119300355,1083925
18,2026-08-22 15:24:57,"ntc2_C",-6.41933504928284,1100512
18,2026-08-22 15:24:57,"testSB_C",-6.52578040960424,1104485
19,2026-08-22 15:24:57,"ntc1_C",-6.23770001870969,1094815
19,2026-08-22 15:24:57,"ntc2_C",-6.4893134941052,1104923
19,2026-08-22 15:24:57,"testSB_C",-6.28928669415632,1097480
20,2026-08-22 15:24:57,"ntc1_C",-6.0604981666981,1085036
20,2026-08-22 15:24:57,"ntc2_C",-6.40818036811538,1102335
20,2026-08-22 15:24:57,"testSB_C",-6.12114230304968,1086190
21,2026-08-22 15:24:57,"ntc1_C",-6.2184204767625,1090056
21,2026-08-22 15:24:57,"ntc2_C",-6.82291510292941,1119859
21,2026-08-22 15:24:57,"testSB_C",-6.5757141176199,1108789
22,2026-08-22 15:24:57,"ntc1_C",-6.3759426480284,1100018
22,2026-08-22 15:24:57,"ntc2_C",-6.46810295219007,1105338
22,2026-08-22 15:24:57,"testSB_C",-6.96023103971675,1124562
23,2026-08-22 15:24:57,"ntc1_C",-6.99089455145315,1130170
23,2026-08-22 15:24:57,"ntc2_C",-6.66144025865253,1112354
23,2026-08-22 15:24:57,"testSB_C",-6.78175547932898,1115848
24,2026-08-22 15:24:57,"ntc1_C",-6.36382621266904,1099489
24,2026-08-22 15:24:57,"ntc2_C",-6.77883920586709,1119913
24,2026-08-22 15:24:57,"testSB_C",-6.61130716055953,1108173
1,2026-08-22 18:24:57,"ntc1_C",-11.0227874303902,1325786
1,2026-08-22 18:24:57,"testSB_C",-11.2766809055757,1342501
2,2026-08-22 18:24:57,"ntc1_C",-11.0412272570958,1328835
2,2026-08-22 18:24:57,"ntc2_C",-10.4595770166413,1297295
2,2026-08-22 18:24:57,"testSB_C",-11.1511345036637,1337182
3,2026-08-22 18:24:57,"ntc1_C",-9.67321916284612,1258718
3,2026-08-22 18:24:57,"ntc2_C",-9.50349326342342,1248825
3,2026-08-22 18:24:57,"testSB_C",-9.00053966053844,1222982
4,2026-08-22 18:24:57,"ntc1_C",-9.67930985940052,1258442
4,2026-08-22 18:24:57,"ntc2_C",-9.54556574378569,1248639
4,2026-08-22 18:24:57,"testSB_C",-9.13458768396771,1228102
5,2026-08-22 18:24:57,"ntc1_C",-9.24389039426705,1233798
5,2026-08-22 18:24:57,"ntc2_C",-9.76905004973338,1262127
5,2026-08-22 18:24:57,"testSB_C",-9.31637798696903,1240028
6,2026-08-22 18:24:57,"ntc1_C",-9.51283988815379,1248072
6,2026-08-22 18:24:57,"ntc2_C",-9.75807916081794,1262122
6,2026-08-22 18:24:57,"testSB_C",-9.47452834546903,1247877
7,2026-08-22 18:24:57,"ntc1_C",-9.32127694055117,1238318
7,2026-08-22 18:24:57,"ntc2_C",-9.85892867514787,1267938
7,2026-08-22 18:24:57,"testSB_C",-9.45442329410656,1247164
8,2026-08-22 18:24:57,"ntc1_C",-9.35563695153513,1244620
8,2026-08-22 18:24:57,"ntc2_C",-9.28967739749066,1236377
8,2026-08-22 18:24:57,"testSB_C",-9.63983707181552,1251958
9,2026-08-22 18:24:57,"ntc1_C",-9.43576367655561,1243405
9,2026-08-22 18:24:57,"ntc2_C",-9.42340551914953,1247136
9,2026-08-22 18:24:57,"testSB_C",-9.55271315738588,1251688
10,2026-08-22 18:24:57,"ntc1_C",-9.35025601202136,1241905
10,2026-08-22 18:24:57,"ntc2_C",-9.81870356571704,1262699
10,2026-08-22 18:24:57,"testSB_C",-9.78412877513301,1261864
11,2026-08-22 18:24:57,"ntc1_C",-9.51446403779153,1250494
11,2026-08-22 18:24:57,"ntc2_C",-9.68955250822398,1258981
11,2026-08-22 18:24:57,"testSB_C",-9.47088084128109,1246087
12,2026-08-22 18:24:57,"ntc1_C",-9.93028357120625,1270860
12,2026-08-22 18:24:57,"ntc2_C",-9.60185648419446,1253247
12,2026-08-22 18:24:57,"testSB_C",-9.81873338266291,1264211
13,2026-08-22 18:24:57,"ntc1_C",-9.5649030280868,1255691
13,2026-08-22 18:24:57,"ntc2_C",-9.60250918691042,1251295
13,2026-08-22 18:24:57,"testSB_C",-9.47928687105747,1247026
14,2026-08-22 18:24:57,"ntc1_C",-9.29607688982094,1236446
14,2026-08-22 18:24:57,"ntc2_C",-9.66051108339207,1257982
14,2026-08-22 18:24:57,"testSB_C",-9.56393182430196,1252912
15,2026-08-22 18:24:57,"ntc1_C",-9.61097345229535,1251428
15,2026-08-22 18:24:57,"ntc2_C",-9.62684701591667,1256633
15,2026-08-22 18:24:57,"testSB_C",-9.92379545407789,1272198
16,2026-08-22 18:24:57,"ntc1_C",-9.71370196012396,1258082
16,2026-08-22 18:24:57,"ntc2_C",-9.51072147927431,1246992
16,2026-08-22 18:24:57,"testSB_C",-9.48312922634994,1245536
17,2026-08-22 18:24:57,"ntc1_C",-9.42559919987588,1243282
17,2026-08-22 18:24:57,"ntc2_C",-9.5898061284131,1251048
17,2026-08-22 18:24:57,"testSB_C",-9.55175833031063,1252943
18,2026-08-22 18:24:57,"ntc1_C",-9.36316254943313,1243803
18,2026-08-22 18:24:57,"ntc2_C",-9.98346735045106,1272397
18,2026-08-22 18:24:57,"testSB_C",-9.62340462409094,1253138
19,2026-08-22 18:24:57,"ntc1_C",-9.54879218020363,1252940
19,2026-08-22 18:24:57,"ntc2_C",-9.8640047265319,1267851
19,2026-08-22 18:24:57,"testSB_C",-9.67856145519909,1260040
20,2026-08-22 18:24:57,"ntc1_C",-9.45382406837177,1245946
20,2026-08-22 18:24:57,"ntc2_C",-9.84852889193883,1268279
20,2026-08-22 18:24:57,"testSB_C",-9.25199296305766,1233956
21,2026-08-22 18:24:57,"ntc1_C",-9.51166469717134,1246450
21,2026-08-22 18:24:57,"ntc2_C",-9.92222397960933,1270650
21,2026-08-22 18:24:57,"testSB_C",-9.7260223006478,1260701
22,2026-08-22 18:24:57,"ntc1_C",-9.3733066118246,1242903
22,2026-08-22 18:24:57,"ntc2_C",-9.76618714650891,1264257
22,2026-08-22 18:24:57,"testSB_C",-9.72115291884944,1258509
23,2026-08-22 18:24:57,"ntc1_C",-9.75425911096028,1264881
23,2026-08-22 18:24:57,"ntc2_C",-9.64801662548069,1256319
23,2026-08-22 18:24:57,"testSB_C",-9.79216781950464,1261380
24,2026-08-22 18:24:57,"ntc1_C",-9.39546065195782,1244069
24,2026-08-22 18:24:57,"ntc2_C",-9.86825815735972,1270186
24,2026-08-22 18:24:57,"testSB_C",-9.59181439785584,1251252
1,2026-08-22 21:24:57,"ntc1_C",-19.6450120859345,1883634
1,2026-08-22 21:24:57,"testSB_C",-19.6966289146872,1891344
2,2026-08-22 21:24:57,"ntc1_C",-19.4830001394855,1874093
2,2026-08-22 21:24:57,"ntc2_C",-19.4169802197513,1868531
2,2026-08-22 21:24:57,"testSB_C",-19.5447060524155,1881384
3,2026-08-22 21:24:57,"ntc1_C",-18.9550579413601,1836975
3,2026-08-22 21:24:57,"ntc2_C",-18.9704785999476,1836654
3,2026-08-22 21:24:57,"testSB_C",-18.8460560323201,1826384
4,2026-08-22 21:24:57,"ntc1_C",-19.027596185366,1841777
4,2026-08-22 21:24:57,"ntc2_C",-19.0282332436568,1837389
4,2026-08-22 21:24:57,"testSB_C",-18.8881206524711,1827293
5,2026-08-22 21:24:57,"ntc1_C",-18.8614970251228,1825998
5,2026-08-22 21:24:57,"ntc2_C",-19.0778371716522,1844050
5,2026-08-22 21:24:57,"testSB_C",-18.9678736455408,1837378
6,2026-08-22 21:24:57,"ntc1_C",-18.993858493129,1836077
6,2026-08-22 21:24:57,"ntc2_C",-19.1028517650025,1846855
6,2026-08-22 21:24:57,"testSB_C",-19.0326466431007,1841784
7,2026-08-22 21:24:57,"ntc1_C",-18.9048015095802,1830049
7,2026-08-22 21:24:57,"ntc2_C",-19.143059088695,1850882
7,2026-08-22 21:24:57,"testSB_C",-18.9614728577497,1836993
8,2026-08-22 21:24:57,"ntc1_C",-18.9752385169802,1841829
8,2026-08-22 21:24:57,"ntc2_C",-18.9616735306499,1833582
8,2026-08-22 21:24:57,"testSB_C",-19.0587305744608,1837613
9,2026-08-22 21:24:57,"ntc1_C",-19.0060665130039,1836175
9,2026-08-22 21:24:57,"ntc2_C",-19.0474649115094,1846085
9,2026-08-22 21:24:57,"testSB_C",-19.0246308531459,1841305
10,2026-08-22 21:24:57,"ntc1_C",-18.9886544942615,1838939
10,2026-08-22 21:24:57,"ntc2_C",-19.1354281364798,1845568
10,2026-08-22 21:24:57,"testSB_C",-19.1115071531889,1845277
11,2026-08-22 21:24:57,"ntc1_C",-19.0223400683161,1841790
11,2026-08-22 21:24:57,"ntc2_C",-19.0925954019206,1846538
11,2026-08-22 21:24:57,"testSB_C",-19.0258397426353,1839000
12,2026-08-22 21:24:57,"ntc1_C",-19.1918375334107,1853026
12,2026-08-22 21:24:57,"ntc2_C",-19.1072844237894,1845693
12,2026-08-22 21:24:57,"testSB_C",-19.1247875524807,1846980
13,2026-08-22 21:24:57,"ntc1_C",-19.0731527392936,1849498
13,2026-08-22 21:24:57,"ntc2_C",-19.0965440730512,1842366
13,2026-08-22 21:24:57,"testSB_C",-19.065800465528,1842842
14,2026-08-22 21:24:57,"ntc1_C",-19.0218588792962,1837425
14,2026-08-22 21:24:57,"ntc2_C",-19.1145559152397,1848673
14,2026-08-22 21:24:57,"testSB_C",-19.0621728866571,1844708
15,2026-08-22 21:24:57,"ntc1_C",-19.0780555730539,1840083
15,2026-08-22 21:24:57,"ntc2_C",-19.0858673575196,1847456
15,2026-08-22 21:24:57,"testSB_C",-19.1649687959719,1853648
16,2026-08-22 21:24:57,"ntc1_C",-19.0709277266255,1841963
16,2026-08-22 21:24:57,"ntc2_C",-19.0775003821995,1841577
16,2026-08-22 21:24:57,"testSB_C",-19.0794770243769,1841678
17,2026-08-22 21:24:57,"ntc1_C",-19.0598863722105,1840946
17,2026-08-22 21:24:57,"ntc2_C",-19.074382969393,1840897
17,2026-08-22 21:24:57,"testSB_C",-19.0523810157312,1844947
18,2026-08-22 21:24:57,"ntc1_C",-19.0451292315095,1844851
18,2026-08-22 21:24:57,"ntc2_C",-19.1512366795659,1847851
18,2026-08-22 21:24:57,"testSB_C",-19.0720269634678,1841717
19,2026-08-22 21:24:57,"ntc1_C",-19.0722434809563,1846792
19,2026-08-22 21:24:57,"ntc2_C",-19.1490926115784,1850726
19,2026-08-22 21:24:57,"testSB_C",-19.0928073367195,1849102
20,2026-08-22 21:24:57,"ntc1_C",-19.0150879121558,1839597
20,2026-08-22 21:24:57,"ntc2_C",-19.1390643902631,1851820
20,2026-08-22 21:24:57,"testSB_C",-18.9948985899276,1835345
21,2026-08-22 21:24:57,"ntc1_C",-19.0270424236593,1836237
21,2026-08-22 21:24:57,"ntc2_C",-19.155441678345,1850798
21,2026-08-22 21:24:57,"testSB_C",-19.0642608927983,1844336
22,2026-08-22 21:24:57,"ntc1_C",-19.0104627040698,1840621
22,2026-08-22 21:24:57,"ntc2_C",-19.1152615578625,1849992
22,2026-08-22 21:24:57,"testSB_C",-19.0526450059268,1840698
23,2026-08-22 21:24:57,"ntc1_C",-19.0520101702072,1847094
23,2026-08-22 21:24:57,"ntc2_C",-19.1148512183406,1847531
23,2026-08-22 21:24:57,"testSB_C",-19.1036030753198,1842464
24,2026-08-22 21:24:57,"ntc1_C",-19.0252857025775,1841847
24,2026-08-22 21:24:57,"ntc2_C",-19.0946158724093,1849598
24,2026-08-22 21:24:57,"testSB_C",-19.0078643890572,1836230
1,2026-08-23 00:24:57,"ntc1_C",-20.5995644262481,1957732
1,2026-08-23 00:24:57,"testSB_C",-20.478284161494,1952034
2,2026-08-23 00:24:57,"ntc1_C",-20.375816493443,1942986
2,2026-08-23 00:24:57,"ntc2_C",-20.2921366983268,1935847
2,2026-08-23 00:24:57,"testSB_C",-20.2243121426378,1933747
3,2026-08-23 00:24:57,"ntc1_C",-20.1870307018276,1930816
3,2026-08-23 00:24:57,"ntc2_C",-20.0863567373435,1921486
3,2026-08-23 00:24:57,"testSB_C",-19.9965638939665,1913411
4,2026-08-23 00:24:57,"ntc1_C",-20.1024977829584,1923642
4,2026-08-23 00:24:57,"ntc2_C",-20.0990111149532,1918738
4,2026-08-23 00:24:57,"testSB_C",-19.9898988213347,1910612
5,2026-08-23 00:24:57,"ntc1_C",-19.9092785785637,1905138
5,2026-08-23 00:24:57,"ntc2_C",-19.989122717231,1913305
5,2026-08-23 00:24:57,"testSB_C",-19.9324587358823,1910514
6,2026-08-23 00:24:57,"ntc1_C",-19.8864483071991,1903567
6,2026-08-23 00:24:57,"ntc2_C",-19.9105983451141,1908210
6,2026-08-23 00:24:57,"testSB_C",-19.8663334432318,1904962
7,2026-08-23 00:24:57,"ntc1_C",-19.7751733760791,1895697
7,2026-08-23 00:24:57,"ntc2_C",-19.863015540681,1905605
7,2026-08-23 00:24:57,"testSB_C",-19.7699561750487,1898091
8,2026-08-23 00:24:57,"ntc1_C",-19.7709762779274,1902105
8,2026-08-23 00:24:57,"ntc2_C",-19.6725701455547,1887117
8,2026-08-23 00:24:57,"testSB_C",-19.7880158000116,1892669
9,2026-08-23 00:24:57,"ntc1_C",-19.636975133938,1883664
9,2026-08-23 00:24:57,"ntc2_C",-19.6513419524767,1891774
9,2026-08-23 00:24:57,"testSB_C",-19.5781694619843,1883039
10,2026-08-23 00:24:57,"ntc1_C",-19.598045768611,1884848
10,2026-08-23 00:24:57,"ntc2_C",-19.5796057323269,1879052
10,2026-08-23 00:24:57,"testSB_C",-19.5447700632474,1877935
11,2026-08-23 00:24:57,"ntc1_C",-19.5035770941837,1878012
11,2026-08-23 00:24:57,"ntc2_C",-19.4963896941717,1876968
11,2026-08-23 00:24:57,"testSB_C",-19.5370614819175,1877455
12,2026-08-23 00:24:57,"ntc1_C",-19.522486977924,1877985
12,2026-08-23 00:24:57,"ntc2_C",-19.4826942789866,1873950
12,2026-08-23 00:24:57,"testSB_C",-19.4810961949724,1873817
13,2026-08-23 00:24:57,"ntc1_C",-19.5100564324025,1882488
13,2026-08-23 00:24:57,"ntc2_C",-19.4670335324101,1870218
13,2026-08-23 00:24:57,"testSB_C",-19.4273685992803,1870018
14,2026-08-23 00:24:57,"ntc1_C",-19.4165371599676,1867019
14,2026-08-23 00:24:57,"ntc2_C",-19.4338738079967,1872716
14,2026-08-23 00:24:57,"testSB_C",-19.4136258302352,1871136
15,2026-08-23 00:24:57,"ntc1_C",-19.4058022997206,1864658
15,2026-08-23 00:24:57,"ntc2_C",-19.4322416616741,1873549
15,2026-08-23 00:24:57,"testSB_C",-19.3845761910156,1870200
16,2026-08-23 00:24:57,"ntc1_C",-19.359275364899,1863599
16,2026-08-23 00:24:57,"ntc2_C",-19.3569038205226,1862539
16,2026-08-23 00:24:57,"testSB_C",-19.3603955953304,1862756
17,2026-08-23 00:24:57,"ntc1_C",-19.3752069454865,1864604
17,2026-08-23 00:24:57,"ntc2_C",-19.3352244031156,1860439
17,2026-08-23 00:24:57,"testSB_C",-19.2862851584494,1862500
18,2026-08-23 00:24:57,"ntc1_C",-19.3441022045311,1867307
18,2026-08-23 00:24:57,"ntc2_C",-19.2934689596915,1858515
18,2026-08-23 00:24:57,"testSB_C",-19.3580498436481,1863178
19,2026-08-23 00:24:57,"ntc1_C",-19.291551954887,1863265
19,2026-08-23 00:24:57,"ntc2_C",-19.2855137954425,1860978
19,2026-08-23 00:24:57,"testSB_C",-19.2704058485641,1862449
20,2026-08-23 00:24:57,"ntc1_C",-19.2812787919833,1859542
20,2026-08-23 00:24:57,"ntc2_C",-19.2930273094314,1863402
20,2026-08-23 00:24:57,"testSB_C",-19.2425094803326,1853847
21,2026-08-23 00:24:57,"ntc1_C",-19.2314197336346,1851492
21,2026-08-23 00:24:57,"ntc2_C",-19.287560614383,1860725
21,2026-08-23 00:24:57,"testSB_C",-19.2096241043685,1855226
22,2026-08-23 00:24:57,"ntc1_C",-19.2067128798885,1855310
22,2026-08-23 00:24:57,"ntc2_C",-19.2068272907182,1856862
22,2026-08-23 00:24:57,"testSB_C",-19.1834506385484,1850478
23,2026-08-23 00:24:57,"ntc1_C",-19.2244551172973,1860033
23,2026-08-23 00:24:57,"ntc2_C",-19.1986906219781,1853815
23,2026-08-23 00:24:57,"testSB_C",-19.1846420750058,1848512
24,2026-08-23 00:24:57,"ntc1_C",-19.1673396340009,1852476
24,2026-08-23 00:24:57,"ntc2_C",-19.1668497206738,1855016
24,2026-08-23 00:24:57,"testSB_C",-19.1364951766209,1845822
1,2026-08-23 03:24:57,"ntc1_C",-21.7042264090625,2046860
1,2026-08-23 03:24:57,"testSB_C",-21.6369715289838,2045337
2,2026-08-23 03:24:57,"ntc1_C",-21.5335962513041,2035840
2,2026-08-23 03:24:57,"ntc2_C",-21.4992464720596,2032412
2,2026-08-23 03:24:57,"testSB_C",-21.4585338453449,2032332
3,2026-08-23 03:24:57,"ntc1_C",-21.4437519828393,2031141
3,2026-08-23 03:24:57,"ntc2_C",-21.3967703216683,2025779
3,2026-08-23 03:24:57,"testSB_C",-21.338580746493,2019823
4,2026-08-23 03:24:57,"ntc1_C",-21.3700168269928,2024543
4,2026-08-23 03:24:57,"ntc2_C",-21.3791679099318,2020412
4,2026-08-23 03:24:57,"testSB_C",-21.3110097483534,2015204
5,2026-08-23 03:24:57,"ntc1_C",-21.2783335188746,2013388
5,2026-08-23 03:24:57,"ntc2_C",-21.2992645561018,2017143
5,2026-08-23 03:24:57,"testSB_C",-21.2521241393421,2014991
6,2026-08-23 03:24:57,"ntc1_C",-21.2464589265127,2010874
6,2026-08-23 03:24:57,"ntc2_C",-21.2455678487732,2013804
6,2026-08-23 03:24:57,"testSB_C",-21.2078475060102,2010896
7,2026-08-23 03:24:57,"ntc1_C",-21.1898987866043,2007129
7,2026-08-23 03:24:57,"ntc2_C",-21.2400519141188,2014510
7,2026-08-23 03:24:57,"testSB_C",-21.1769427016264,2008978
8,2026-08-23 03:24:57,"ntc1_C",-21.1629935038927,2012005
8,2026-08-23 03:24:57,"ntc2_C",-21.1294517880509,2001434
8,2026-08-23 03:24:57,"testSB_C",-21.1903907458181,2002904
9,2026-08-23 03:24:57,"ntc1_C",-21.1198370254153,1999846
9,2026-08-23 03:24:57,"ntc2_C",-21.1398807050636,2008952
9,2026-08-23 03:24:57,"testSB_C",-21.1248908320774,2004396
10,2026-08-23 03:24:57,"ntc1_C",-21.1280826063625,2004887
10,2026-08-23 03:24:57,"ntc2_C",-21.1296382655515,2000410
10,2026-08-23 03:24:57,"testSB_C",-21.0908301505032,1998941
11,2026-08-23 03:24:57,"ntc1_C",-21.0771295796418,2001166
11,2026-08-23 03:24:57,"ntc2_C",-21.0943031606104,2002056
11,2026-08-23 03:24:57,"testSB_C",-21.0988430832827,1999656
12,2026-08-23 03:24:57,"ntc1_C",-21.1001939602566,2001474
12,2026-08-23 03:24:57,"ntc2_C",-21.0666644985176,1997699
12,2026-08-23 03:24:57,"testSB_C",-21.0799736667384,1998806
13,2026-08-23 03:24:57,"ntc1_C",-21.0572317052447,2003799
13,2026-08-23 03:24:57,"ntc2_C",-21.056587657923,1994257
13,2026-08-23 03:24:57,"testSB_C",-21.0427419205893,1996086
14,2026-08-23 03:24:57,"ntc1_C",-21.035498253401,1993158
14,2026-08-23 03:24:57,"ntc2_C",-21.0131078789267,1995995
14,2026-08-23 03:24:57,"testSB_C",-21.0185790248986,1996395
15,2026-08-23 03:24:57,"ntc1_C",-20.975784647808,1986711
15,2026-08-23 03:24:57,"ntc2_C",-20.9942958564836,1995573
15,2026-08-23 03:24:57,"testSB_C",-20.9729596744386,1994107
16,2026-08-23 03:24:57,"ntc1_C",-20.9219295164953,1985061
16,2026-08-23 03:24:57,"ntc2_C",-20.9272076766728,1984577
16,2026-08-23 03:24:57,"testSB_C",-20.9153967417425,1983586
17,2026-08-23 03:24:57,"ntc1_C",-20.9231539849653,1984941
17,2026-08-23 03:24:57,"ntc2_C",-20.8993768874312,1981771
17,2026-08-23 03:24:57,"testSB_C",-20.8376353458444,1982946
18,2026-08-23 03:24:57,"ntc1_C",-20.8726439750465,1986180
18,2026-08-23 03:24:57,"ntc2_C",-20.8547562718128,1979435
18,2026-08-23 03:24:57,"testSB_C",-20.8612708146559,1979880
19,2026-08-23 03:24:57,"ntc1_C",-20.8260743305608,1982446
19,2026-08-23 03:24:57,"ntc2_C",-20.8323492975241,1981012
19,2026-08-23 03:24:57,"testSB_C",-20.8361639087953,1984095
20,2026-08-23 03:24:57,"ntc1_C",-20.7867667481376,1976222
20,2026-08-23 03:24:57,"ntc2_C",-20.8285864825188,1982696
20,2026-08-23 03:24:57,"testSB_C",-20.7859232013022,1973184
21,2026-08-23 03:24:57,"ntc1_C",-20.7637625927695,1969723
21,2026-08-23 03:24:57,"ntc2_C",-20.7996710373801,1977957
21,2026-08-23 03:24:57,"testSB_C",-20.7577019714133,1975008
22,2026-08-23 03:24:57,"ntc1_C",-20.7507718828977,1974781
22,2026-08-23 03:24:57,"ntc2_C",-20.7541774046532,1976641
22,2026-08-23 03:24:57,"testSB_C",-20.7384443147646,1970544
23,2026-08-23 03:24:57,"ntc1_C",-20.7312592646768,1976769
23,2026-08-23 03:24:57,"ntc2_C",-20.7464330398511,1973492
23,2026-08-23 03:24:57,"testSB_C",-20.7530512031818,1969290
24,2026-08-23 03:24:57,"ntc1_C",-20.7555445074223,1975302
24,2026-08-23 03:24:57,"ntc2_C",-20.7642456681881,1978709
24,2026-08-23 03:24:57,"testSB_C",-20.7228877332015,1968060
1,2026-08-23 06:24:57,"ntc1_C",-23.6588979236679,2213724
1,2026-08-23 06:24:57,"testSB_C",-23.6286821225992,2215322
2,2026-08-23 06:24:57,"ntc1_C",-23.5466903987507,2207044
2,2026-08-23 06:24:57,"ntc2_C",-23.5084120972509,2203000
2,2026-08-23 06:24:57,"testSB_C",-23.4471165134732,2200931
3,2026-08-23 06:24:57,"ntc1_C",-23.2418452904217,2183038
3,2026-08-23 06:24:57,"ntc2_C",-23.2682322550128,2183777
3,2026-08-23 06:24:57,"testSB_C",-23.2444484165971,2180332
4,2026-08-23 06:24:57,"ntc1_C",-23.1444583443846,2173998
4,2026-08-23 06:24:57,"ntc2_C",-23.0944358402016,2164434
4,2026-08-23 06:24:57,"testSB_C",-23.1716720019654,2171481
5,2026-08-23 06:24:57,"ntc1_C",-23.1829332061178,2173431
5,2026-08-23 06:24:57,"ntc2_C",-23.0942440197276,2167852
5,2026-08-23 06:24:57,"testSB_C",-23.1076387436622,2170815
6,2026-08-23 06:24:57,"ntc1_C",-23.0910436507433,2165334
6,2026-08-23 06:24:57,"ntc2_C",-23.0501621679354,2165111
6,2026-08-23 06:24:57,"testSB_C",-23.0813360400958,2167945
7,2026-08-23 06:24:57,"ntc1_C",-23.0145102444646,2159776
7,2026-08-23 06:24:57,"ntc2_C",-22.9235980393034,2155449
7,2026-08-23 06:24:57,"testSB_C",-23.0129995201671,2162677
8,2026-08-23 06:24:57,"ntc1_C",-23.0012281343806,2166105
8,2026-08-23 06:24:57,"ntc2_C",-22.971549610744,2155126
8,2026-08-23 06:24:57,"testSB_C",-22.9023426034213,2145502
9,2026-08-23 06:24:57,"ntc1_C",-22.925524628299,2150246
9,2026-08-23 06:24:57,"ntc2_C",-22.9089553724852,2156906
9,2026-08-23 06:24:57,"testSB_C",-22.9214138711725,2154397
10,2026-08-23 06:24:57,"ntc1_C",-22.9099878525115,2153564
10,2026-08-23 06:24:57,"ntc2_C",-22.8312335618468,2141950
10,2026-08-23 06:24:57,"testSB_C",-22.8852094714296,2148406
11,2026-08-23 06:24:57,"ntc1_C",-22.8893320398024,2152228
11,2026-08-23 06:24:57,"ntc2_C",-22.8151218526923,2145355
11,2026-08-23 06:24:57,"testSB_C",-22.8319316323731,2143847
12,2026-08-23 06:24:57,"ntc1_C",-22.7325069100577,2137109
12,2026-08-23 06:24:57,"ntc2_C",-22.7885217476129,2140768
12,2026-08-23 06:24:57,"testSB_C",-22.7930681127278,2141253
13,2026-08-23 06:24:57,"ntc1_C",-22.7499913323011,2144781
13,2026-08-23 06:24:57,"ntc2_C",-22.7418316822863,2134051
13,2026-08-23 06:24:57,"testSB_C",-22.7687768880934,2139452
14,2026-08-23 06:24:57,"ntc1_C",-22.7428619977067,2134706
14,2026-08-23 06:24:57,"ntc2_C",-22.7113629154728,2136919
14,2026-08-23 06:24:57,"testSB_C",-22.7152111185804,2137210
15,2026-08-23 06:24:57,"ntc1_C",-22.7221052501643,2131150
15,2026-08-23 06:24:57,"ntc2_C",-22.6388618727027,2131966
15,2026-08-23 06:24:57,"testSB_C",-22.6194740967777,2130539
16,2026-08-23 06:24:57,"ntc1_C",-22.6903371933635,2131345
16,2026-08-23 06:24:57,"ntc2_C",-22.6896899090656,2130355
16,2026-08-23 06:24:57,"testSB_C",-22.6554250625527,2127384
17,2026-08-23 06:24:57,"ntc1_C",-22.661299103197,2128624
17,2026-08-23 06:24:57,"ntc2_C",-22.6357965131135,2125039
17,2026-08-23 06:24:57,"testSB_C",-22.6750290675951,2134926
18,2026-08-23 06:24:57,"ntc1_C",-22.6263104920035,2131182
18,2026-08-23 06:24:57,"ntc2_C",-22.5929875683906,2122623
18,2026-08-23 06:24:57,"testSB_C",-22.601602288423,2123440
19,2026-08-23 06:24:57,"ntc1_C",-22.6123496245785,2130069
19,2026-08-23 06:24:57,"ntc2_C",-22.6042287042102,2127314
19,2026-08-23 06:24:57,"testSB_C",-22.5905151573025,2129121
20,2026-08-23 06:24:57,"ntc1_C",-22.5712431270528,2123313
20,2026-08-23 06:24:57,"ntc2_C",-22.4884124007609,2119587
20,2026-08-23 06:24:57,"testSB_C",-22.521740450403,2115898
21,2026-08-23 06:24:57,"ntc1_C",-22.5687037609429,2117971
21,2026-08-23 06:24:57,"ntc2_C",-22.436077661813,2112525
21,2026-08-23 06:24:57,"testSB_C",-22.5638243247431,2123808
22,2026-08-23 06:24:57,"ntc1_C",-22.5216019078507,2120568
22,2026-08-23 06:24:57,"ntc2_C",-22.4806993006096,2118730
22,2026-08-23 06:24:57,"testSB_C",-22.5026927906916,2115507
23,2026-08-23 06:24:57,"ntc1_C",-22.4590058370154,2118972
23,2026-08-23 06:24:57,"ntc2_C",-22.4213150322795,2111059
23,2026-08-23 06:24:57,"testSB_C",-22.5167462076016,2113807
24,2026-08-23 06:24:57,"ntc1_C",-22.4730486576111,2116610
24,2026-08-23 06:24:57,"ntc2_C",-22.4128073011341,2114360
24,2026-08-23 06:24:57,"testSB_C",-22.37765940906,2103555
1,2026-08-23 09:24:57,"ntc1_C",-14.1011202492393,1503361
1,2026-08-23 09:24:57,"testSB_C",-14.150349758471,1509554
2,2026-08-23 09:24:57,"ntc1_C",-14.3162535388602,1518923
2,2026-08-23 09:24:57,"ntc2_C",-14.1977415378343,1511163
2,2026-08-23 09:24:57,"testSB_C",-14.2143644982293,1515093
3,2026-08-23 09:24:57,"ntc1_C",-13.7150583889381,1484383
3,2026-08-23 09:24:57,"ntc2_C",-13.8167081514709,1489219
3,2026-08-23 09:24:57,"testSB_C",-13.9536485290258,1496835
4,2026-08-23 09:24:57,"ntc1_C",-13.6117668660328,1477533
4,2026-08-23 09:24:57,"ntc2_C",-13.5643123304155,1471151
4,2026-08-23 09:24:57,"testSB_C",-13.7883752844812,1484916
5,2026-08-23 09:24:57,"ntc1_C",-13.9136321089944,1492927
5,2026-08-23 09:24:57,"ntc2_C",-13.8289068549253,1489534
5,2026-08-23 09:24:57,"testSB_C",-13.7693447371331,1487135
6,2026-08-23 09:24:57,"ntc1_C",-13.6977275101194,1480372
6,2026-08-23 09:24:57,"ntc2_C",-13.7714302251259,1486764
6,2026-08-23 09:24:57,"testSB_C",-13.9387560784176,1497181
7,2026-08-23 09:24:57,"ntc1_C",-13.9389023663358,1495187
7,2026-08-23 09:24:57,"ntc2_C",-13.558601073382,1474651
7,2026-08-23 09:24:57,"testSB_C",-13.9538833642785,1498489
8,2026-08-23 09:24:57,"ntc1_C",-13.8302976578011,1494004
8,2026-08-23 09:24:57,"ntc2_C",-13.7539718329919,1483469
8,2026-08-23 09:24:57,"testSB_C",-13.6559517073119,1474954
9,2026-08-23 09:24:57,"ntc1_C",-13.8018180522911,1485872
9,2026-08-23 09:24:57,"ntc2_C",-13.726844523774,1486684
9,2026-08-23 09:24:57,"testSB_C",-13.9484442625047,1497707
10,2026-08-23 09:24:57,"ntc1_C",-13.8566141757337,1492560
10,2026-08-23 09:24:57,"ntc2_C",-13.7389274328187,1481786
10,2026-08-23 09:24:57,"testSB_C",-13.8406169189864,1489098
11,2026-08-23 09:24:57,"ntc1_C",-13.9878295895738,1500841
11,2026-08-23 09:24:57,"ntc2_C",-13.851627983742,1492036
11,2026-08-23 09:24:57,"testSB_C",-13.8270778097255,1488477
12,2026-08-23 09:24:57,"ntc1_C",-13.7276661732673,1483826
12,2026-08-23 09:24:57,"ntc2_C",-13.8020043192047,1487508
12,2026-08-23 09:24:57,"testSB_C",-13.9437530683493,1496006
13,2026-08-23 09:24:57,"ntc1_C",-13.9649668758201,1502617
13,2026-08-23 09:24:57,"ntc2_C",-13.8577928534126,1488672
13,2026-08-23 09:24:57,"testSB_C",-13.9402211876758,1496032
14,2026-08-23 09:24:57,"ntc1_C",-13.9434660662548,1494565
14,2026-08-23 09:24:57,"ntc2_C",-13.8652987147896,1493377
14,2026-08-23 09:24:57,"testSB_C",-13.9255005047296,1496958
15,2026-08-23 09:24:57,"ntc1_C",-13.9235831442205,1492136
15,2026-08-23 09:24:57,"ntc2_C",-13.817865958812,1491067
15,2026-08-23 09:24:57,"testSB_C",-13.7717243794797,1488530
16,2026-08-23 09:24:57,"ntc1_C",-14.0983281516403,1504631
16,2026-08-23 09:24:57,"ntc2_C",-13.8726844976152,1490054
16,2026-08-23 09:24:57,"testSB_C",-13.9855160925534,1496881
17,2026-08-23 09:24:57,"ntc1_C",-13.9991320545486,1498420
17,2026-08-23 09:24:57,"ntc2_C",-13.8134414195542,1486315
17,2026-08-23 09:24:57,"testSB_C",-13.9805072529676,1501103
18,2026-08-23 09:24:57,"ntc1_C",-13.9878627109604,1502016
18,2026-08-23 09:24:57,"ntc2_C",-13.9464640937557,1495560
18,2026-08-23 09:24:57,"testSB_C",-13.9598576771702,1495834
19,2026-08-23 09:24:57,"ntc1_C",-13.8845408630243,1495461
19,2026-08-23 09:24:57,"ntc2_C",-13.8735967759445,1493285
19,2026-08-23 09:24:57,"testSB_C",-13.8024584685077,1491037
20,2026-08-23 09:24:57,"ntc1_C",-13.9309466706407,1495803
20,2026-08-23 09:24:57,"ntc2_C",-13.7517601504709,1487340
20,2026-08-23 09:24:57,"testSB_C",-13.6779302933447,1478268
21,2026-08-23 09:24:57,"ntc1_C",-13.986469328548,1495996
21,2026-08-23 09:24:57,"ntc2_C",-13.7406445734968,1484922
21,2026-08-23 09:24:57,"testSB_C",-14.0493708473367,1503997
22,2026-08-23 09:24:57,"ntc1_C",-13.8448165595673,1491741
22,2026-08-23 09:24:57,"ntc2_C",-14.0594733493452,1506253
22,2026-08-23 09:24:57,"testSB_C",-14.0072180981784,1499104
23,2026-08-23 09:24:57,"ntc1_C",-14.034332347294,1506212
23,2026-08-23 09:24:57,"ntc2_C",-13.9333383411802,1496420
23,2026-08-23 09:24:57,"testSB_C",-13.9647220518812,1495309
24,2026-08-23 09:24:57,"ntc1_C",-14.0075347823255,1501755
24,2026-08-23 09:24:57,"ntc2_C",-13.9501312761597,1500407
24,2026-08-23 09:24:57,"testSB_C",-13.9779523833747,1496483
1,2026-08-23 12:24:57,"ntc1_C",-7.18669567114034,1133718
1,2026-08-23 12:24:57,"testSB_C",-6.93697648053922,1124774
2,2026-08-23 12:24:57,"ntc1_C",-7.28955503208056,1140262
2,2026-08-23 12:24:57,"ntc2_C",-6.73800772431093,1114648
2,2026-08-23 12:24:57,"testSB_C",-6.87933050649059,1123582
3,2026-08-23 12:24:57,"ntc1_C",-5.47499264445304,1060938
3,2026-08-23 12:24:57,"ntc2_C",-5.22395303747908,1049081
3,2026-08-23 12:24:57,"testSB_C",-6.2736132930682,1094450
4,2026-08-23 12:24:57,"ntc1_C",-5.28165459203871,1052090
4,2026-08-23 12:24:57,"ntc2_C",-4.50708657933023,1017163
4,2026-08-23 12:24:57,"testSB_C",-6.67127604156218,1110850
5,2026-08-23 12:24:57,"ntc1_C",-5.41277205607088,1055533
5,2026-08-23 12:24:57,"ntc2_C",-5.30704671890902,1052448
5,2026-08-23 12:24:57,"testSB_C",-5.24764721885839,1050726
6,2026-08-23 12:24:57,"ntc1_C",-5.3716624558943,1054482
6,2026-08-23 12:24:57,"ntc2_C",-5.43236530262607,1058226
6,2026-08-23 12:24:57,"testSB_C",-6.57387954495425,1108796
7,2026-08-23 12:24:57,"ntc1_C",-4.87809115505024,1033385
7,2026-08-23 12:24:57,"ntc2_C",-4.95878966645211,1038545
7,2026-08-23 12:24:57,"testSB_C",-6.43517397693671,1102834
8,2026-08-23 12:24:57,"ntc1_C",-6.48380207303569,1107165
8,2026-08-23 12:24:57,"ntc2_C",-6.01912486231345,1082170
8,2026-08-23 12:24:57,"testSB_C",-4.77863758827203,1027179
9,2026-08-23 12:24:57,"ntc1_C",-6.81681956742619,1117566
9,2026-08-23 12:24:57,"ntc2_C",-5.03940554606686,1043196
9,2026-08-23 12:24:57,"testSB_C",-6.42713585030214,1101978
10,2026-08-23 12:24:57,"ntc1_C",-5.2156296985608,1049539
10,2026-08-23 12:24:57,"ntc2_C",-6.65794779528176,1110090
10,2026-08-23 12:24:57,"testSB_C",-5.21846392686274,1047743
11,2026-08-23 12:24:57,"ntc1_C",-5.55385822723593,1064286
11,2026-08-23 12:24:57,"ntc2_C",-5.61772969139929,1066605
11,2026-08-23 12:24:57,"testSB_C",-5.08436978100622,1042335
12,2026-08-23 12:24:57,"ntc1_C",-5.24533649956675,1050172
12,2026-08-23 12:24:57,"ntc2_C",-5.47915938483555,1059591
12,2026-08-23 12:24:57,"testSB_C",-7.02294091052931,1128050
13,2026-08-23 12:24:57,"ntc1_C",-5.60569758356542,1068712
13,2026-08-23 12:24:57,"ntc2_C",-5.67067372348322,1066087
13,2026-08-23 12:24:57,"testSB_C",-5.31194717859148,1052378
14,2026-08-23 12:24:57,"ntc1_C",-5.26485963653187,1049341
14,2026-08-23 12:24:57,"ntc2_C",-5.359847159212,1055935
14,2026-08-23 12:24:57,"testSB_C",-5.06885943210375,1043381
15,2026-08-23 12:24:57,"ntc1_C",-5.69072841421962,1066825
15,2026-08-23 12:24:57,"ntc2_C",-5.20106311390668,1049377
15,2026-08-23 12:24:57,"testSB_C",-4.9251407179479,1037887
16,2026-08-23 12:24:57,"ntc1_C",-5.383503568896,1054656
16,2026-08-23 12:24:57,"ntc2_C",-4.93075525665012,1034804
16,2026-08-23 12:24:57,"testSB_C",-5.10555253334263,1042123
17,2026-08-23 12:24:57,"ntc1_C",-5.03117013785737,1039587
17,2026-08-23 12:24:57,"ntc2_C",-4.62903110897861,1022342
17,2026-08-23 12:24:57,"testSB_C",-5.53686296460813,1063952
18,2026-08-23 12:24:57,"ntc1_C",-5.47484350237204,1061724
18,2026-08-23 12:24:57,"ntc2_C",-5.41268340804299,1056414
18,2026-08-23 12:24:57,"testSB_C",-5.37262250097865,1053876
19,2026-08-23 12:24:57,"ntc1_C",-4.85301823426335,1034906
19,2026-08-23 12:24:57,"ntc2_C",-5.43740498258785,1058652
19,2026-08-23 12:24:57,"testSB_C",-5.05325300984538,1043694
20,2026-08-23 12:24:57,"ntc1_C",-4.94076736021503,1036755
20,2026-08-23 12:24:57,"ntc2_C",-5.2452636916563,1051419
20,2026-08-23 12:24:57,"testSB_C",-5.48109117604622,1058290
21,2026-08-23 12:24:57,"ntc1_C",-4.96454277133535,1035942
21,2026-08-23 12:24:57,"ntc2_C",-5.43073695830691,1058215
21,2026-08-23 12:24:57,"testSB_C",-5.45703500718054,1059474
22,2026-08-23 12:24:57,"ntc1_C",-5.22500964807108,1049737
22,2026-08-23 12:24:57,"ntc2_C",-5.04692647476878,1043326
22,2026-08-23 12:24:57,"testSB_C",-6.28959762303833,1094289
23,2026-08-23 12:24:57,"ntc1_C",-6.79687399012431,1121281
23,2026-08-23 12:24:57,"ntc2_C",-7.18766440308008,1136438
23,2026-08-23 12:24:57,"testSB_C",-5.84213603884575,1074037
24,2026-08-23 12:24:57,"ntc1_C",-7.06473830333726,1131311
24,2026-08-23 12:24:57,"ntc2_C",-6.7059989699315,1116598
24,2026-08-23 12:24:57,"testSB_C",-6.22586247934208,1090935
1,2026-08-23 15:24:57,"ntc1_C",-4.45959024236845,1014713
1,2026-08-23 15:24:57,"testSB_C",-4.47268365414635,1017592
2,2026-08-23 15:24:57,"ntc1_C",-4.77458323632538,1029388
2,2026-08-23 15:24:57,"ntc2_C",-4.35763114402135,1011862
2,2026-08-23 15:24:57,"testSB_C",-4.59912619537749,1024204
3,2026-08-23 15:24:57,"ntc1_C",-3.59220961794426,982922
3,2026-08-23 15:24:57,"ntc2_C",-3.51421793794759,978772
3,2026-08-23 15:24:57,"testSB_C",-3.32667841716017,971100
4,2026-08-23 15:24:57,"ntc1_C",-3.37286626571927,973701
4,2026-08-23 15:24:57,"ntc2_C",-3.51439114321403,977048
4,2026-08-23 15:24:57,"testSB_C",-3.24260982040818,966532
5,2026-08-23 15:24:57,"ntc1_C",-3.49536287048971,976511
5,2026-08-23 15:24:57,"ntc2_C",-3.60753948519374,982343
5,2026-08-23 15:24:57,"testSB_C",-3.39927027555029,974835
6,2026-08-23 15:24:57,"ntc1_C",-3.55259397709693,979498
6,2026-08-23 15:24:57,"ntc2_C",-3.63095518295233,983626
6,2026-08-23 15:24:57,"testSB_C",-3.3751873566751,973779
7,2026-08-23 15:24:57,"ntc1_C",-3.25368568025988,967503
7,2026-08-23 15:24:57,"ntc2_C",-3.61176855049348,983315
7,2026-08-23 15:24:57,"testSB_C",-3.46582044147408,977614
8,2026-08-23 15:24:57,"ntc1_C",-3.501104094043,980865
8,2026-08-23 15:24:57,"ntc2_C",-3.33179816450343,970368
8,2026-08-23 15:24:57,"testSB_C",-3.59049849476423,978867
9,2026-08-23 15:24:57,"ntc1_C",-3.42031364784634,973625
9,2026-08-23 15:24:57,"ntc2_C",-3.41143016450172,976520
9,2026-08-23 15:24:57,"testSB_C",-3.48158839754353,977747
10,2026-08-23 15:24:57,"ntc1_C",-3.35968358338823,973456
10,2026-08-23 15:24:57,"ntc2_C",-3.53205943445334,977769
10,2026-08-23 15:24:57,"testSB_C",-3.37507934442374,972256
11,2026-08-23 15:24:57,"ntc1_C",-3.35967916373448,973678
11,2026-08-23 15:24:57,"ntc2_C",-3.47062117454635,977632
11,2026-08-23 15:24:57,"testSB_C",-3.40230476603904,973623
12,2026-08-23 15:24:57,"ntc1_C",-3.74387834417024,988125
12,2026-08-23 15:24:57,"ntc2_C",-3.46077934225804,976303
12,2026-08-23 15:24:57,"testSB_C",-3.58970188450076,981219
13,2026-08-23 15:24:57,"ntc1_C",-3.71408858342568,989741
13,2026-08-23 15:24:57,"ntc2_C",-3.51971351854445,976959
13,2026-08-23 15:24:57,"testSB_C",-3.42568609268471,974847
14,2026-08-23 15:24:57,"ntc1_C",-3.30419068458679,969150
14,2026-08-23 15:24:57,"ntc2_C",-3.64203166830811,984864
14,2026-08-23 15:24:57,"testSB_C",-3.74885730348018,988980
15,2026-08-23 15:24:57,"ntc1_C",-4.05885881725743,998472
15,2026-08-23 15:24:57,"ntc2_C",-3.78934815759953,990952
15,2026-08-23 15:24:57,"testSB_C",-3.8432958880872,993315
16,2026-08-23 15:24:57,"ntc1_C",-4.10865561198477,1001463
16,2026-08-23 15:24:57,"ntc2_C",-3.6496946766253,982391
16,2026-08-23 15:24:57,"testSB_C",-3.90584601892147,992591
17,2026-08-23 15:24:57,"ntc1_C",-3.84077648647769,990565
17,2026-08-23 15:24:57,"ntc2_C",-3.80553624060849,988767
17,2026-08-23 15:24:57,"testSB_C",-4.0964307155229,1003521
18,2026-08-23 15:24:57,"ntc1_C",-3.90203523979261,996086
18,2026-08-23 15:24:57,"ntc2_C",-4.00496301965268,997790
18,2026-08-23 15:24:57,"testSB_C",-4.12257892158362,1001716
19,2026-08-23 15:24:57,"ntc1_C",-3.80097994948943,991665
19,2026-08-23 15:24:57,"ntc2_C",-4.02861851948887,999801
19,2026-08-23 15:24:57,"testSB_C",-3.92166231306891,996845
20,2026-08-23 15:24:57,"ntc1_C",-3.81805426336871,990576
20,2026-08-23 15:24:57,"ntc2_C",-3.75903767355049,989868
20,2026-08-23 15:24:57,"testSB_C",-3.83044445108982,989710
21,2026-08-23 15:24:57,"ntc1_C",-3.91950149190836,992970
21,2026-08-23 15:24:57,"ntc2_C",-3.89874507829586,994419
21,2026-08-23 15:24:57,"testSB_C",-4.13188971529496,1003979
22,2026-08-23 15:24:57,"ntc1_C",-4.02449458424024,999820
22,2026-08-23 15:24:57,"ntc2_C",-3.77204737351519,990766
22,2026-08-23 15:24:57,"testSB_C",-4.25338836472088,1007428
23,2026-08-23 15:24:57,"ntc1_C",-4.2222721962944,1009920
23,2026-08-23 15:24:57,"ntc2_C",-4.03907893892375,999950
23,2026-08-23 15:24:57,"testSB_C",-4.14589540456581,1002609
24,2026-08-23 15:24:57,"ntc1_C",-3.93835040004342,996320
24,2026-08-23 15:24:57,"ntc2_C",-4.10565821562489,1004651
24,2026-08-23 15:24:57,"testSB_C",-4.2634549651118,1007369
1,2026-08-23 18:24:57,"ntc1_C",-6.13066179188667,1086011
1,2026-08-23 18:24:57,"testSB_C",-6.28335245142654,1095256
2,2026-08-23 18:24:57,"ntc1_C",-6.49023552652204,1103748
2,2026-08-23 18:24:57,"ntc2_C",-5.21715521365394,1047796
2,2026-08-23 18:24:57,"testSB_C",-6.50284318671163,1106512
3,2026-08-23 18:24:57,"ntc1_C",-4.61077151375486,1024359
3,2026-08-23 18:24:57,"ntc2_C",-4.15144389132672,1004386
3,2026-08-23 18:24:57,"testSB_C",-3.59881748789581,981860
4,2026-08-23 18:24:57,"ntc1_C",-4.27087811284321,1009795
4,2026-08-23 18:24:57,"ntc2_C",-4.2192000888536,1005356
4,2026-08-23 18:24:57,"testSB_C",-3.63812559765518,982136
5,2026-08-23 18:24:57,"ntc1_C",-3.76679796346082,987313
5,2026-08-23 18:24:57,"ntc2_C",-4.15660079771743,1004445
5,2026-08-23 18:24:57,"testSB_C",-3.62221567447159,983678
6,2026-08-23 18:24:57,"ntc1_C",-3.92483390690222,994378
6,2026-08-23 18:24:57,"ntc2_C",-4.16639322202286,1005211
6,2026-08-23 18:24:57,"testSB_C",-3.67853350566389,985817
7,2026-08-23 18:24:57,"ntc1_C",-3.57173337201783,980049
7,2026-08-23 18:24:57,"ntc2_C",-4.48627701351359,1018813
7,2026-08-23 18:24:57,"testSB_C",-3.91575177490085,995596
8,2026-08-23 18:24:57,"ntc1_C",-3.81907673132741,993586
8,2026-08-23 18:24:57,"ntc2_C",-3.47395445405544,975970
8,2026-08-23 18:24:57,"testSB_C",-4.24702798059792,1005263
9,2026-08-23 18:24:57,"ntc1_C",-3.58406137011474,980102
9,2026-08-23 18:24:57,"ntc2_C",-3.74803963915423,989933
9,2026-08-23 18:24:57,"testSB_C",-3.75627848527643,988691
10,2026-08-23 18:24:57,"ntc1_C",-3.65103153706724,985009
10,2026-08-23 18:24:57,"ntc2_C",-4.16082589967158,1003004
10,2026-08-23 18:24:57,"testSB_C",-3.81517154147741,989748
11,2026-08-23 18:24:57,"ntc1_C",-3.6884399423958,986726
11,2026-08-23 18:24:57,"ntc2_C",-3.96674513397994,997481
11,2026-08-23 18:24:57,"testSB_C",-3.79367964177158,989178
12,2026-08-23 18:24:57,"ntc1_C",-4.50022171059288,1018890
12,2026-08-23 18:24:57,"ntc2_C",-3.94564252040294,995669
12,2026-08-23 18:24:57,"testSB_C",-4.1374036354427,1003244
13,2026-08-23 18:24:57,"ntc1_C",-4.11455539909815,1005939
13,2026-08-23 18:24:57,"ntc2_C",-3.87158402110629,990992
13,2026-08-23 18:24:57,"testSB_C",-3.71950040850089,986522
14,2026-08-23 18:24:57,"ntc1_C",-3.5096827412259,977247
14,2026-08-23 18:24:57,"ntc2_C",-3.99362766512115,998995
14,2026-08-23 18:24:57,"testSB_C",-3.86854904302277,993789
15,2026-08-23 18:24:57,"ntc1_C",-3.82912583845973,989221
15,2026-08-23 18:24:57,"ntc2_C",-4.04982151277898,1001472
15,2026-08-23 18:24:57,"testSB_C",-4.33535198657802,1013336
16,2026-08-23 18:24:57,"ntc1_C",-3.90556976531457,993250
16,2026-08-23 18:24:57,"ntc2_C",-3.67384236412079,983353
16,2026-08-23 18:24:57,"testSB_C",-3.83493442671113,989741
17,2026-08-23 18:24:57,"ntc1_C",-3.6387822975741,982488
17,2026-08-23 18:24:57,"ntc2_C",-3.81062704331123,988971
17,2026-08-23 18:24:57,"testSB_C",-3.6181125277937,984251
18,2026-08-23 18:24:57,"ntc1_C",-3.61108546047876,984413
18,2026-08-23 18:24:57,"ntc2_C",-4.26831943260009,1008495
18,2026-08-23 18:24:57,"testSB_C",-3.92305769000154,993642
19,2026-08-23 18:24:57,"ntc1_C",-3.73598645960715,989056
19,2026-08-23 18:24:57,"ntc2_C",-5.45722280975173,1059505
19,2026-08-23 18:24:57,"testSB_C",-3.77836065732936,991070
20,2026-08-23 18:24:57,"ntc1_C",-4.90469307276987,1035237
20,2026-08-23 18:24:57,"ntc2_C",-5.19870934077926,1049432
20,2026-08-23 18:24:57,"testSB_C",-3.53417364616496,977898
21,2026-08-23 18:24:57,"ntc1_C",-3.48533009166431,975666
21,2026-08-23 18:24:57,"ntc2_C",-5.5548121183615,1063564
21,2026-08-23 18:24:57,"testSB_C",-5.10221494527502,1044310
22,2026-08-23 18:24:57,"ntc1_C",-4.81277296199892,1032311
22,2026-08-23 18:24:57,"ntc2_C",-3.77424020390146,990854
22,2026-08-23 18:24:57,"testSB_C",-5.20300762875928,1047012
23,2026-08-23 18:24:57,"ntc1_C",-5.12329612396201,1047531
23,2026-08-23 18:24:57,"ntc2_C",-4.93697123947118,1037050
23,2026-08-23 18:24:57,"testSB_C",-5.09039174103725,1041752
24,2026-08-23 18:24:57,"ntc1_C",-4.80258515565561,1031880
24,2026-08-23 18:24:57,"ntc2_C",-5.32664931912035,1055695
24,2026-08-23 18:24:57,"testSB_C",-5.20964889323619,1046801
1,2026-08-23 21:24:57,"ntc1_C",-12.9907410011202,1436736
1,2026-08-23 21:24:57,"testSB_C",-12.9191343700375,1435591
2,2026-08-23 21:24:57,"ntc1_C",-12.9201793604906,1434796
2,2026-08-23 21:24:57,"ntc2_C",-12.7424876789237,1424023
2,2026-08-23 21:24:57,"testSB_C",-13.0140275242112,1442737
3,2026-08-23 21:24:57,"ntc1_C",-12.2492164121387,1398216
3,2026-08-23 21:24:57,"ntc2_C",-12.3041424309667,1400065
3,2026-08-23 21:24:57,"testSB_C",-12.2315356570912,1395286
4,2026-08-23 21:24:57,"ntc1_C",-12.347816455982,1403248
4,2026-08-23 21:24:57,"ntc2_C",-12.3683874448629,1401081
4,2026-08-23 21:24:57,"testSB_C",-12.2509984511753,1394627
5,2026-08-23 21:24:57,"ntc1_C",-12.2994563944998,1397719
5,2026-08-23 21:24:57,"ntc2_C",-12.3635124820458,1403082
5,2026-08-23 21:24:57,"testSB_C",-12.2955357856291,1400332
6,2026-08-23 21:24:57,"ntc1_C",-12.3129144959242,1399077
6,2026-08-23 21:24:57,"ntc2_C",-12.3977075191758,1405704
6,2026-08-23 21:24:57,"testSB_C",-12.3306035405143,1402108
7,2026-08-23 21:24:57,"ntc1_C",-12.2331454055057,1394620
7,2026-08-23 21:24:57,"ntc2_C",-12.420212085015,1407694
7,2026-08-23 21:24:57,"testSB_C",-12.2013619043469,1395084
8,2026-08-23 21:24:57,"ntc1_C",-12.2763510320438,1402198
8,2026-08-23 21:24:57,"ntc2_C",-12.2413951199118,1394661
8,2026-08-23 21:24:57,"testSB_C",-12.3166867795729,1396495
9,2026-08-23 21:24:57,"ntc1_C",-12.2600824314163,1395281
9,2026-08-23 21:24:57,"ntc2_C",-12.3183678798816,1403609
9,2026-08-23 21:24:57,"testSB_C",-12.297421583449,1400098
10,2026-08-23 21:24:57,"ntc1_C",-12.2700523759992,1399016
10,2026-08-23 21:24:57,"ntc2_C",-12.3937210908901,1402631
10,2026-08-23 21:24:57,"testSB_C",-12.3265630845995,1399861
11,2026-08-23 21:24:57,"ntc1_C",-12.2986385093803,1400909
11,2026-08-23 21:24:57,"ntc2_C",-12.3385265444105,1402704
11,2026-08-23 21:24:57,"testSB_C",-12.262256851209,1396411
12,2026-08-23 21:24:57,"ntc1_C",-12.429523648733,1407290
12,2026-08-23 21:24:57,"ntc2_C",-12.3054357716925,1399404
12,2026-08-23 21:24:57,"testSB_C",-12.3361848768408,1401014
13,2026-08-23 21:24:57,"ntc1_C",-12.3144324802137,1404771
13,2026-08-23 21:24:57,"ntc2_C",-12.3154023410913,1397837
13,2026-08-23 21:24:57,"testSB_C",-12.24529563798,1396054
14,2026-08-23 21:24:57,"ntc1_C",-12.1993561841677,1391920
14,2026-08-23 21:24:57,"ntc2_C",-12.3301098002009,1402728
14,2026-08-23 21:24:57,"testSB_C",-12.2472697013641,1397891
15,2026-08-23 21:24:57,"ntc1_C",-12.2601926893295,1394251
15,2026-08-23 21:24:57,"ntc2_C",-12.2707749974097,1399831
15,2026-08-23 21:24:57,"testSB_C",-12.319931980803,1402904
16,2026-08-23 21:24:57,"ntc1_C",-12.1982018180543,1392360
16,2026-08-23 21:24:57,"ntc2_C",-12.2511652109902,1394612
16,2026-08-23 21:24:57,"testSB_C",-12.2298020017201,1393345
17,2026-08-23 21:24:57,"ntc1_C",-12.2127156138893,1393067
17,2026-08-23 21:24:57,"ntc2_C",-12.2282632732827,1393238
17,2026-08-23 21:24:57,"testSB_C",-12.212786746607,1396654
18,2026-08-23 21:24:57,"ntc1_C",-12.1926764219023,1395972
18,2026-08-23 21:24:57,"ntc2_C",-12.3024491891185,1398598
18,2026-08-23 21:24:57,"testSB_C",-12.2419458833293,1394529
19,2026-08-23 21:24:57,"ntc1_C",-12.2194414845004,1397223
19,2026-08-23 21:24:57,"ntc2_C",-12.29719743846,1400239
19,2026-08-23 21:24:57,"testSB_C",-12.2449674556855,1399204
20,2026-08-23 21:24:57,"ntc1_C",-12.1436315737884,1390556
20,2026-08-23 21:24:57,"ntc2_C",-12.3065645113891,1402144
20,2026-08-23 21:24:57,"testSB_C",-12.1293601459597,1387723
21,2026-08-23 21:24:57,"ntc1_C",-12.1402971228396,1387499
21,2026-08-23 21:24:57,"ntc2_C",-12.3042086506488,1400382
21,2026-08-23 21:24:57,"testSB_C",-12.1875677942777,1393953
22,2026-08-23 21:24:57,"ntc1_C",-12.1031680835655,1389388
22,2026-08-23 21:24:57,"ntc2_C",-12.2239110799918,1397592
22,2026-08-23 21:24:57,"testSB_C",-12.2616218904985,1396017
23,2026-08-23 21:24:57,"ntc1_C",-12.1361262837422,1393979
23,2026-08-23 21:24:57,"ntc2_C",-12.223370929501,1395557
23,2026-08-23 21:24:57,"testSB_C",-12.3537463398046,1400262
24,2026-08-23 21:24:57,"ntc1_C",-12.0865681487931,1388511
24,2026-08-23 21:24:57,"ntc2_C",-12.3544921824025,1405832
24,2026-08-23 21:24:57,"testSB_C",-12.2442862095971,1394283
1,2026-08-24 00:24:57,"ntc1_C",-14.2636254651866,1513364
1,2026-08-24 00:24:57,"testSB_C",-14.2748616507772,1517240
2,2026-08-24 00:24:57,"ntc1_C",-14.3368200757174,1520198
2,2026-08-24 00:24:57,"ntc2_C",-14.2742474818301,1515887
2,2026-08-24 00:24:57,"testSB_C",-14.31859039818,1521542
3,2026-08-24 00:24:57,"ntc1_C",-14.294687602899,1519886
3,2026-08-24 00:24:57,"ntc2_C",-14.3175195589936,1519957
3,2026-08-24 00:24:57,"testSB_C",-14.3315944234984,1520081
4,2026-08-24 00:24:57,"ntc1_C",-14.2950161045795,1519295
4,2026-08-24 00:24:57,"ntc2_C",-14.3234656467241,1517418
4,2026-08-24 00:24:57,"testSB_C",-14.3167605633562,1517264
5,2026-08-24 00:24:57,"ntc1_C",-14.3182918631598,1517783
5,2026-08-24 00:24:57,"ntc2_C",-14.3465551153477,1521315
5,2026-08-24 00:24:57,"testSB_C",-14.3432953948212,1522360
6,2026-08-24 00:24:57,"ntc1_C",-14.3634364273197,1521097
6,2026-08-24 00:24:57,"ntc2_C",-14.3498782195107,1522263
6,2026-08-24 00:24:57,"testSB_C",-14.3997778684031,1525592
7,2026-08-24 00:24:57,"ntc1_C",-14.325078278476,1518932
7,2026-08-24 00:24:57,"ntc2_C",-14.3595427784201,1523638
7,2026-08-24 00:24:57,"testSB_C",-14.3305011181211,1521681
8,2026-08-24 00:24:57,"ntc1_C",-14.350524470316,1526046
8,2026-08-24 00:24:57,"ntc2_C",-14.3393704529957,1519321
8,2026-08-24 00:24:57,"testSB_C",-14.3496331371038,1517291
9,2026-08-24 00:24:57,"ntc1_C",-14.3374294348333,1518686
9,2026-08-24 00:24:57,"ntc2_C",-14.3825734241254,1527000
9,2026-08-24 00:24:57,"testSB_C",-14.3896444989026,1524910
10,2026-08-24 00:24:57,"ntc1_C",-14.3459945168505,1522642
10,2026-08-24 00:24:57,"ntc2_C",-14.3571400688359,1519629
10,2026-08-24 00:24:57,"testSB_C",-14.3572348808865,1520816
11,2026-08-24 00:24:57,"ntc1_C",-14.354492161482,1523446
11,2026-08-24 00:24:57,"ntc2_C",-14.3385134939831,1521960
11,2026-08-24 00:24:57,"testSB_C",-14.388825742924,1522971
12,2026-08-24 00:24:57,"ntc1_C",-14.3574517485383,1522425
12,2026-08-24 00:24:57,"ntc2_C",-14.3579460271653,1521615
12,2026-08-24 00:24:57,"testSB_C",-14.3586696898662,1521540
13,2026-08-24 00:24:57,"ntc1_C",-14.3723526087194,1527785
13,2026-08-24 00:24:57,"ntc2_C",-14.3604004986705,1519514
13,2026-08-24 00:24:57,"testSB_C",-14.360014757019,1521868
14,2026-08-24 00:24:57,"ntc1_C",-14.3776333442789,1521259
14,2026-08-24 00:24:57,"ntc2_C",-14.3723609205217,1524571
14,2026-08-24 00:24:57,"testSB_C",-14.3734953870539,1524556
15,2026-08-24 00:24:57,"ntc1_C",-14.3925067123538,1520938
15,2026-08-24 00:24:57,"ntc2_C",-14.3865035053906,1526058
15,2026-08-24 00:24:57,"testSB_C",-14.3962017388724,1526931
16,2026-08-24 00:24:57,"ntc1_C",-14.3619004037263,1520895
16,2026-08-24 00:24:57,"ntc2_C",-14.3862354487202,1521607
16,2026-08-24 00:24:57,"testSB_C",-14.3782195288385,1521060
17,2026-08-24 00:24:57,"ntc1_C",-14.3671247140634,1521081
17,2026-08-24 00:24:57,"ntc2_C",-14.4146214014525,1523200
17,2026-08-24 00:24:57,"testSB_C",-14.3656844302117,1524866
18,2026-08-24 00:24:57,"ntc1_C",-14.3777114267536,1526076
18,2026-08-24 00:24:57,"ntc2_C",-14.3709926979013,1521659
18,2026-08-24 00:24:57,"testSB_C",-14.3730803099574,1521267
19,2026-08-24 00:24:57,"ntc1_C",-14.3829178537823,1526170
19,2026-08-24 00:24:57,"ntc2_C",-14.3688640807285,1523760
19,2026-08-24 00:24:57,"testSB_C",-14.3711630269698,1526033
20,2026-08-24 00:24:57,"ntc1_C",-14.3968350227448,1524507
20,2026-08-24 00:24:57,"ntc2_C",-14.3730029132732,1525517
20,2026-08-24 00:24:57,"testSB_C",-14.3915742800004,1521939
21,2026-08-24 00:24:57,"ntc1_C",-14.3940804792523,1521059
21,2026-08-24 00:24:57,"ntc2_C",-14.4198413551539,1526633
21,2026-08-24 00:24:57,"testSB_C",-14.3854274216217,1524755
22,2026-08-24 00:24:57,"ntc1_C",-14.3826699010633,1524831
22,2026-08-24 00:24:57,"ntc2_C",-14.4004909458446,1527341
22,2026-08-24 00:24:57,"testSB_C",-14.4006009640387,1523355
23,2026-08-24 00:24:57,"ntc1_C",-14.3691442161445,1526914
23,2026-08-24 00:24:57,"ntc2_C",-14.4145108160044,1526079
23,2026-08-24 00:24:57,"testSB_C",-14.4039425806726,1522309
24,2026-08-24 00:24:57,"ntc1_C",-14.4352984078114,1528189
24,2026-08-24 00:24:57,"ntc2_C",-14.4065044487668,1528594
24,2026-08-24 00:24:57,"testSB_C",-14.4110274252758,1523148
1,2026-08-24 03:24:57,"ntc1_C",-19.4334382792164,1867570
1,2026-08-24 03:24:57,"testSB_C",-19.3453002584478,1864646
2,2026-08-24 03:24:57,"ntc1_C",-19.245611265869,1856165
2,2026-08-24 03:24:57,"ntc2_C",-19.1554989153253,1848849
2,2026-08-24 03:24:57,"testSB_C",-19.1241913463856,1849654
3,2026-08-24 03:24:57,"ntc1_C",-19.0722583794816,1845714
3,2026-08-24 03:24:57,"ntc2_C",-19.1766470645798,1852057
3,2026-08-24 03:24:57,"testSB_C",-19.1456967660328,1848683
4,2026-08-24 03:24:57,"ntc1_C",-19.1470908368315,1850713
4,2026-08-24 03:24:57,"ntc2_C",-19.006889313881,1835801
4,2026-08-24 03:24:57,"testSB_C",-19.0787995304795,1841463
5,2026-08-24 03:24:57,"ntc1_C",-19.02678650545,1838273
5,2026-08-24 03:24:57,"ntc2_C",-19.0134608519531,1839248
5,2026-08-24 03:24:57,"testSB_C",-19.1079564116311,1847833
6,2026-08-24 03:24:57,"ntc1_C",-19.0246076152602,1838364
6,2026-08-24 03:24:57,"ntc2_C",-19.0977172719651,1846471
6,2026-08-24 03:24:57,"testSB_C",-18.9205583655261,1833442
7,2026-08-24 03:24:57,"ntc1_C",-18.9073358491336,1830237
7,2026-08-24 03:24:57,"ntc2_C",-19.1273282029501,1849703
7,2026-08-24 03:24:57,"testSB_C",-19.0602233280121,1844355
8,2026-08-24 03:24:57,"ntc1_C",-19.0120196297307,1844575
8,2026-08-24 03:24:57,"ntc2_C",-18.7571825983623,1818450
8,2026-08-24 03:24:57,"testSB_C",-18.8963806099949,1825564
9,2026-08-24 03:24:57,"ntc1_C",-18.931411895571,1830631
9,2026-08-24 03:24:57,"ntc2_C",-18.9985366627557,1842429
9,2026-08-24 03:24:57,"testSB_C",-18.9312484632624,1834351
10,2026-08-24 03:24:57,"ntc1_C",-19.0182227805983,1841142
10,2026-08-24 03:24:57,"ntc2_C",-19.0250910158856,1837338
10,2026-08-24 03:24:57,"testSB_C",-18.9598263475847,1833971
11,2026-08-24 03:24:57,"ntc1_C",-18.9686370818625,1837789
11,2026-08-24 03:24:57,"ntc2_C",-18.8922860436095,1831616
11,2026-08-24 03:24:57,"testSB_C",-18.9577951722893,1833938
12,2026-08-24 03:24:57,"ntc1_C",-18.9634598071435,1835970
12,2026-08-24 03:24:57,"ntc2_C",-18.9048608421127,1830624
12,2026-08-24 03:24:57,"testSB_C",-18.8675500696941,1827831
13,2026-08-24 03:24:57,"ntc1_C",-18.8597463611684,1833583
13,2026-08-24 03:24:57,"ntc2_C",-19.0447680199364,1838505
13,2026-08-24 03:24:57,"testSB_C",-18.9086368529538,1831146
14,2026-08-24 03:24:57,"ntc1_C",-18.9794960580608,1834275
14,2026-08-24 03:24:57,"ntc2_C",-18.9606500990829,1837189
14,2026-08-24 03:24:57,"testSB_C",-18.9616493894684,1837214
15,2026-08-24 03:24:57,"ntc1_C",-18.9119322192664,1827744
15,2026-08-24 03:24:57,"ntc2_C",-18.9316333008855,1835948
15,2026-08-24 03:24:57,"testSB_C",-18.9130512824596,1834831
16,2026-08-24 03:24:57,"ntc1_C",-18.9469562883406,1832734
16,2026-08-24 03:24:57,"ntc2_C",-18.871824602911,1826289
16,2026-08-24 03:24:57,"testSB_C",-18.9310860657559,1830635
17,2026-08-24 03:24:57,"ntc1_C",-18.8997352772607,1829039
17,2026-08-24 03:24:57,"ntc2_C",-18.8421535902062,1823662
17,2026-08-24 03:24:57,"testSB_C",-19.0324962365924,1843462
18,2026-08-24 03:24:57,"ntc1_C",-19.0634537783155,1846220
18,2026-08-24 03:24:57,"ntc2_C",-18.7924776358072,1821209
18,2026-08-24 03:24:57,"testSB_C",-18.7581372159617,1818434
19,2026-08-24 03:24:57,"ntc1_C",-18.9302653350604,1836201
19,2026-08-24 03:24:57,"ntc2_C",-18.8931398524388,1831635
19,2026-08-24 03:24:57,"testSB_C",-18.8051325128642,1827674
20,2026-08-24 03:24:57,"ntc1_C",-19.0291156805651,1840643
20,2026-08-24 03:24:57,"ntc2_C",-18.8977151345669,1833801
20,2026-08-24 03:24:57,"testSB_C",-19.059295363187,1840140
21,2026-08-24 03:24:57,"ntc1_C",-19.0076538553059,1834796
21,2026-08-24 03:24:57,"ntc2_C",-18.7012787929935,1817054
21,2026-08-24 03:24:57,"testSB_C",-18.6609205431521,1814435
22,2026-08-24 03:24:57,"ntc1_C",-18.8958725345559,1832095
22,2026-08-24 03:24:57,"ntc2_C",-18.8519662764294,1830371
22,2026-08-24 03:24:57,"testSB_C",-18.7879937486061,1821060
23,2026-08-24 03:24:57,"ntc1_C",-18.6209560564634,1815122
23,2026-08-24 03:24:57,"ntc2_C",-18.7204254690567,1818237
23,2026-08-24 03:24:57,"testSB_C",-18.8396900822688,1822897
24,2026-08-24 03:24:57,"ntc1_C",-18.6956334116118,1817403
24,2026-08-24 03:24:57,"ntc2_C",-18.6993573458855,1820215
24,2026-08-24 03:24:57,"testSB_C",-18.4509090663444,1795240
1,2026-08-24 06:24:57,"ntc1_C",-20.5594865850668,1954567
1,2026-08-24 06:24:57,"testSB_C",-20.416048554189,1947136
2,2026-08-24 06:24:57,"ntc1_C",-20.3358364815282,1939851
2,2026-08-24 06:24:57,"ntc2_C",-20.2379635495785,1931615
2,2026-08-24 06:24:57,"testSB_C",-20.2849785926412,1938487
3,2026-08-24 06:24:57,"ntc1_C",-20.0675787187157,1921524
3,2026-08-24 06:24:57,"ntc2_C",-20.1037122300301,1922834
3,2026-08-24 06:24:57,"testSB_C",-20.0330935815123,1916237
4,2026-08-24 06:24:57,"ntc1_C",-20.0220534959202,1917399
4,2026-08-24 06:24:57,"ntc2_C",-19.9976523764858,1910895
4,2026-08-24 06:24:57,"testSB_C",-20.003402648305,1911655
5,2026-08-24 06:24:57,"ntc1_C",-20.0185045136817,1913571
5,2026-08-24 06:24:57,"ntc2_C",-19.990364284406,1913401
5,2026-08-24 06:24:57,"testSB_C",-19.9659135580142,1913099
6,2026-08-24 06:24:57,"ntc1_C",-19.9856761850085,1911212
6,2026-08-24 06:24:57,"ntc2_C",-19.9634180698016,1912288
6,2026-08-24 06:24:57,"testSB_C",-19.9833772822454,1913993
7,2026-08-24 06:24:57,"ntc1_C",-19.9385237458166,1908262
7,2026-08-24 06:24:57,"ntc2_C",-19.9066893771647,1908973
7,2026-08-24 06:24:57,"testSB_C",-19.9120413655064,1909024
8,2026-08-24 06:24:57,"ntc1_C",-19.922569931485,1913796
8,2026-08-24 06:24:57,"ntc2_C",-19.9006254435027,1904600
8,2026-08-24 06:24:57,"testSB_C",-19.8591583312261,1898122
9,2026-08-24 06:24:57,"ntc1_C",-19.8235316918345,1897926
9,2026-08-24 06:24:57,"ntc2_C",-19.8137793850707,1904244
9,2026-08-24 06:24:57,"testSB_C",-19.8237774699592,1901840
10,2026-08-24 06:24:57,"ntc1_C",-19.8100682104563,1901072
10,2026-08-24 06:24:57,"ntc2_C",-19.7654420587022,1893230
10,2026-08-24 06:24:57,"testSB_C",-19.7606930275726,1894413
11,2026-08-24 06:24:57,"ntc1_C",-19.7308415082272,1895350
11,2026-08-24 06:24:57,"ntc2_C",-19.6889497635302,1891645
11,2026-08-24 06:24:57,"testSB_C",-19.689637923765,1889078
12,2026-08-24 06:24:57,"ntc1_C",-19.6513683147647,1887799
12,2026-08-24 06:24:57,"ntc2_C",-19.6413106767837,1886011
12,2026-08-24 06:24:57,"testSB_C",-19.6595413596936,1887395
13,2026-08-24 06:24:57,"ntc1_C",-19.6630281784248,1894169
13,2026-08-24 06:24:57,"ntc2_C",-19.6236404341497,1882110
13,2026-08-24 06:24:57,"testSB_C",-19.6453141301617,1886581
14,2026-08-24 06:24:57,"ntc1_C",-19.598435567967,1880809
14,2026-08-24 06:24:57,"ntc2_C",-19.6252965543886,1887270
14,2026-08-24 06:24:57,"testSB_C",-19.6076735805306,1885880
15,2026-08-24 06:24:57,"ntc1_C",-19.5749664149219,1877463
15,2026-08-24 06:24:57,"ntc2_C",-19.5341657586117,1881293
15,2026-08-24 06:24:57,"testSB_C",-19.4754384961786,1877089
16,2026-08-24 06:24:57,"ntc1_C",-19.6075913552122,1882423
16,2026-08-24 06:24:57,"ntc2_C",-19.5647347522455,1878277
16,2026-08-24 06:24:57,"testSB_C",-19.5703546403223,1878658
17,2026-08-24 06:24:57,"ntc1_C",-19.6199378994282,1883163
17,2026-08-24 06:24:57,"ntc2_C",-19.5634926978647,1877701
17,2026-08-24 06:24:57,"testSB_C",-19.5425413246994,1881911
18,2026-08-24 06:24:57,"ntc1_C",-19.5971037096552,1886511
18,2026-08-24 06:24:57,"ntc2_C",-19.5241369431935,1875933
18,2026-08-24 06:24:57,"testSB_C",-19.5272599086157,1875985
19,2026-08-24 06:24:57,"ntc1_C",-19.5068704801294,1879573
19,2026-08-24 06:24:57,"ntc2_C",-19.5023053999271,1877380
19,2026-08-24 06:24:57,"testSB_C",-19.4875979928209,1878895
20,2026-08-24 06:24:57,"ntc1_C",-19.5173406519316,1877400
20,2026-08-24 06:24:57,"ntc2_C",-19.4158581181092,1872691
20,2026-08-24 06:24:57,"testSB_C",-19.4796695647901,1871733
21,2026-08-24 06:24:57,"ntc1_C",-19.5600564907339,1876273
21,2026-08-24 06:24:57,"ntc2_C",-19.4378989072957,1872082
21,2026-08-24 06:24:57,"testSB_C",-19.3830279030597,1868296
22,2026-08-24 06:24:57,"ntc1_C",-19.4176690603372,1871223
22,2026-08-24 06:24:57,"ntc2_C",-19.3873526415011,1870477
22,2026-08-24 06:24:57,"testSB_C",-19.410586834734,1867577
23,2026-08-24 06:24:57,"ntc1_C",-19.5343211355663,1883498
23,2026-08-24 06:24:57,"ntc2_C",-19.3948158488236,1868594
23,2026-08-24 06:24:57,"testSB_C",-19.4879998147643,1871318
24,2026-08-24 06:24:57,"ntc1_C",-19.2739235912442,1860489
24,2026-08-24 06:24:57,"ntc2_C",-19.3776883852976,1870916
24,2026-08-24 06:24:57,"testSB_C",-19.3496469275259,1861821
1,2026-08-24 09:24:57,"ntc1_C",-13.8352896085881,1487138
1,2026-08-24 09:24:57,"testSB_C",-12.0148934617705,1383571
2,2026-08-24 09:24:57,"ntc1_C",-12.1835994858122,1392288
2,2026-08-24 09:24:57,"ntc2_C",-12.3594097519608,1401925
2,2026-08-24 09:24:57,"testSB_C",-11.9371351623481,1380744
3,2026-08-24 09:24:57,"ntc1_C",-8.87548738013129,1218432
3,2026-08-24 09:24:57,"ntc2_C",-9.40031298715405,1243579
3,2026-08-24 09:24:57,"testSB_C",-10.9140961841343,1322259
4,2026-08-24 09:24:57,"ntc1_C",-9.95400389789864,1272626
4,2026-08-24 09:24:57,"ntc2_C",-10.2127579620599,1283091
4,2026-08-24 09:24:57,"testSB_C",-11.2218869948125,1337265
5,2026-08-24 09:24:57,"ntc1_C",-9.6702101106726,1255450
5,2026-08-24 09:24:57,"ntc2_C",-9.30438371403528,1238432
5,2026-08-24 09:24:57,"testSB_C",-9.38611135943341,1243560
6,2026-08-24 09:24:57,"ntc1_C",-11.3346061604842,1344339
6,2026-08-24 09:24:57,"ntc2_C",-12.297243059495,1399951
6,2026-08-24 09:24:57,"testSB_C",-9.24835368030733,1236420
7,2026-08-24 09:24:57,"ntc1_C",-9.33637410316516,1239081
7,2026-08-24 09:24:57,"ntc2_C",-8.40797697631928,1195068
7,2026-08-24 09:24:57,"testSB_C",-9.74298279146473,1261929
8,2026-08-24 09:24:57,"ntc1_C",-11.0041182069755,1331233
8,2026-08-24 09:24:57,"ntc2_C",-10.3570568961438,1291411
8,2026-08-24 09:24:57,"testSB_C",-8.65541964298194,1202688
9,2026-08-24 09:24:57,"ntc1_C",-8.90212762339007,1216641
9,2026-08-24 09:24:57,"ntc2_C",-9.38118341868261,1244989
9,2026-08-24 09:24:57,"testSB_C",-8.78973103218402,1213327
10,2026-08-24 09:24:57,"ntc1_C",-9.53326243071206,1251208
10,2026-08-24 09:24:57,"ntc2_C",-9.74072180507943,1258688
10,2026-08-24 09:24:57,"testSB_C",-10.0139888687984,1273756
11,2026-08-24 09:24:57,"ntc1_C",-9.31033681721448,1240129
11,2026-08-24 09:24:57,"ntc2_C",-9.31660991184685,1239975
11,2026-08-24 09:24:57,"testSB_C",-8.91064873842708,1217944
12,2026-08-24 09:24:57,"ntc1_C",-11.5530943851252,1357851
12,2026-08-24 09:24:57,"ntc2_C",-12.337636804957,1401244
12,2026-08-24 09:24:57,"testSB_C",-10.0341758053379,1275373
13,2026-08-24 09:24:57,"ntc1_C",-9.24767605326099,1239550
13,2026-08-24 09:24:57,"ntc2_C",-12.7361048071597,1422053
13,2026-08-24 09:24:57,"testSB_C",-12.8984743090439,1433773
14,2026-08-24 09:24:57,"ntc1_C",-12.9706281126383,1436419
14,2026-08-24 09:24:57,"ntc2_C",-12.5052117615048,1412785
14,2026-08-24 09:24:57,"testSB_C",-13.0412328062062,1443922
15,2026-08-24 09:24:57,"ntc1_C",-13.2543919393875,1451963
15,2026-08-24 09:24:57,"ntc2_C",-12.7200404849286,1425739
15,2026-08-24 09:24:57,"testSB_C",-12.3912371963848,1406993
16,2026-08-24 09:24:57,"ntc1_C",-13.2664923095531,1454418
16,2026-08-24 09:24:57,"ntc2_C",-13.077333811234,1442457
16,2026-08-24 09:24:57,"testSB_C",-13.0808895599005,1442616
17,2026-08-24 09:24:57,"ntc1_C",-13.1582394532505,1447880
17,2026-08-24 09:24:57,"ntc2_C",-12.9058428290593,1432294
17,2026-08-24 09:24:57,"testSB_C",-13.4855480218764,1471102
18,2026-08-24 09:24:57,"ntc1_C",-12.9154163469561,1437742
18,2026-08-24 09:24:57,"ntc2_C",-12.8508961305715,1430231
18,2026-08-24 09:24:57,"testSB_C",-13.2064859856661,1450540
19,2026-08-24 09:24:57,"ntc1_C",-13.093202340439,1447948
19,2026-08-24 09:24:57,"ntc2_C",-12.2122001421844,1395389
19,2026-08-24 09:24:57,"testSB_C",-13.1544999363429,1452128
20,2026-08-24 09:24:57,"ntc1_C",-13.0717308446997,1444257
20,2026-08-24 09:24:57,"ntc2_C",-12.5193849262467,1414379
20,2026-08-24 09:24:57,"testSB_C",-12.9679898037039,1436052
21,2026-08-24 09:24:57,"ntc1_C",-13.1724795288015,1447159
21,2026-08-24 09:24:57,"ntc2_C",-7.39600980616308,1146297
21,2026-08-24 09:24:57,"testSB_C",-12.6771587519754,1422092
22,2026-08-24 09:24:57,"ntc1_C",-12.9787003227307,1439939
22,2026-08-24 09:24:57,"ntc2_C",-12.6967026559425,1424813
22,2026-08-24 09:24:57,"testSB_C",-13.3311399963416,1458312
23,2026-08-24 09:24:57,"ntc1_C",-12.9263085061302,1439655
23,2026-08-24 09:24:57,"ntc2_C",-12.5653902859122,1415176
23,2026-08-24 09:24:57,"testSB_C",-13.2238632343867,1450831
24,2026-08-24 09:24:57,"ntc1_C",-13.0119924358112,1441968
24,2026-08-24 09:24:57,"ntc2_C",-8.51191433369485,1201832
24,2026-08-24 09:24:57,"testSB_C",-11.3839848659436,1346178
1,2026-08-24 12:24:57,"ntc1_C",-7.83569484163661,1164100
1,2026-08-24 12:24:57,"testSB_C",-7.73025370981264,1161700
2,2026-08-24 12:24:57,"ntc1_C",-6.34751696260145,1097356
2,2026-08-24 12:24:57,"ntc2_C",-7.97222579134143,1172118
2,2026-08-24 12:24:57,"testSB_C",-7.83464802901511,1168120
3,2026-08-24 12:24:57,"ntc1_C",-5.61091690615274,1066813
3,2026-08-24 12:24:57,"ntc2_C",-6.18358829079972,1090817
3,2026-08-24 12:24:57,"testSB_C",-6.78780980300837,1117581
4,2026-08-24 12:24:57,"ntc1_C",-5.97628066047054,1082216
4,2026-08-24 12:24:57,"ntc2_C",-5.94267207254518,1078224
4,2026-08-24 12:24:57,"testSB_C",-6.6007890793166,1107669
5,2026-08-24 12:24:57,"ntc1_C",-6.68289408632819,1111500
5,2026-08-24 12:24:57,"ntc2_C",-6.35537891382188,1098259
5,2026-08-24 12:24:57,"testSB_C",-6.54811638536512,1107770
6,2026-08-24 12:24:57,"ntc1_C",-6.85522467880821,1120024
6,2026-08-24 12:24:57,"ntc2_C",-6.38245868042253,1099908
6,2026-08-24 12:24:57,"testSB_C",-7.48599381199227,1150734
7,2026-08-24 12:24:57,"ntc1_C",-6.49811024345865,1103734
7,2026-08-24 12:24:57,"ntc2_C",-6.04053360392948,1085223
7,2026-08-24 12:24:57,"testSB_C",-6.85186349287221,1121689
8,2026-08-24 12:24:57,"ntc1_C",-6.62411190146179,1113505
8,2026-08-24 12:24:57,"ntc2_C",-6.69054792297118,1112133
8,2026-08-24 12:24:57,"testSB_C",-6.31136517723979,1093183
9,2026-08-24 12:24:57,"ntc1_C",-6.74806611432314,1114444
9,2026-08-24 12:24:57,"ntc2_C",-6.36766085360983,1101087
9,2026-08-24 12:24:57,"testSB_C",-7.13356976895324,1134129
10,2026-08-24 12:24:57,"ntc1_C",-6.67971757189417,1113892
10,2026-08-24 12:24:57,"ntc2_C",-6.20399118947205,1089778
10,2026-08-24 12:24:57,"testSB_C",-6.75752862511121,1115411
11,2026-08-24 12:24:57,"ntc1_C",-6.98884019612865,1128226
11,2026-08-24 12:24:57,"ntc2_C",-6.35933020323932,1099251
11,2026-08-24 12:24:57,"testSB_C",-6.62044120223982,1109477
12,2026-08-24 12:24:57,"ntc1_C",-5.98862797507741,1082369
12,2026-08-24 12:24:57,"ntc2_C",-6.27411665028558,1094385
12,2026-08-24 12:24:57,"testSB_C",-7.50993687917884,1150643
13,2026-08-24 12:24:57,"ntc1_C",-6.56832860493267,1111374
13,2026-08-24 12:24:57,"ntc2_C",-6.1143001941216,1085494
13,2026-08-24 12:24:57,"testSB_C",-6.51308681141813,1105051
14,2026-08-24 12:24:57,"ntc1_C",-6.50067921822239,1103390
14,2026-08-24 12:24:57,"ntc2_C",-6.24398388808743,1094564
14,2026-08-24 12:24:57,"testSB_C",-6.50961594137772,1106308
15,2026-08-24 12:24:57,"ntc1_C",-6.66405688778605,1109881
15,2026-08-24 12:24:57,"ntc2_C",-6.18623373612127,1092254
15,2026-08-24 12:24:57,"testSB_C",-6.18461830211862,1092398
16,2026-08-24 12:24:57,"ntc1_C",-6.79832674888775,1117123
16,2026-08-24 12:24:57,"ntc2_C",-6.48140539219753,1102146
16,2026-08-24 12:24:57,"testSB_C",-6.64868758492065,1109622
17,2026-08-24 12:24:57,"ntc1_C",-6.4924674667426,1103218
17,2026-08-24 12:24:57,"ntc2_C",-6.49127143664958,1102694
17,2026-08-24 12:24:57,"testSB_C",-6.79250618671716,1119695
18,2026-08-24 12:24:57,"ntc1_C",-6.59660341411848,1111258
18,2026-08-24 12:24:57,"ntc2_C",-6.4794117321847,1103203
18,2026-08-24 12:24:57,"testSB_C",-6.65010946440509,1110089
19,2026-08-24 12:24:57,"ntc1_C",-6.66332919926435,1113940
19,2026-08-24 12:24:57,"ntc2_C",-6.62078898895174,1110851
19,2026-08-24 12:24:57,"testSB_C",-6.47084483714394,1105618
20,2026-08-24 12:24:57,"ntc1_C",-6.54363762466494,1106579
20,2026-08-24 12:24:57,"ntc2_C",-6.09439495035929,1088351
20,2026-08-24 12:24:57,"testSB_C",-6.25681821869307,1092201
21,2026-08-24 12:24:57,"ntc1_C",-6.59698857135135,1106961
21,2026-08-24 12:24:57,"ntc2_C",-6.24474438102823,1093821
21,2026-08-24 12:24:57,"testSB_C",-6.92279064540668,1124565
22,2026-08-24 12:24:57,"ntc1_C",-6.59650480110582,1109934
22,2026-08-24 12:24:57,"ntc2_C",-6.05876471546821,1087096
22,2026-08-24 12:24:57,"testSB_C",-6.80552947098175,1117503
23,2026-08-24 12:24:57,"ntc1_C",-6.65386359072534,1114775
23,2026-08-24 12:24:57,"ntc2_C",-6.26747214924114,1094667
23,2026-08-24 12:24:57,"testSB_C",-6.84067595332141,1118525
24,2026-08-24 12:24:57,"ntc1_C",-7.67355102264628,1159718
24,2026-08-24 12:24:57,"ntc2_C",-7.04497148325453,1132111
24,2026-08-24 12:24:57,"testSB_C",-5.25101533248284,1048561
1,2026-08-24 15:24:57,"ntc1_C",-4.42253030712942,1013188
1,2026-08-24 15:24:57,"testSB_C",-4.59666141113041,1022723
2,2026-08-24 15:24:57,"ntc1_C",-4.58419256566447,1021462
2,2026-08-24 15:24:57,"ntc2_C",-4.22073453277096,1006258
2,2026-08-24 15:24:57,"testSB_C",-4.35136116409171,1013968
3,2026-08-24 15:24:57,"ntc1_C",-3.22414292187489,968381
3,2026-08-24 15:24:57,"ntc2_C",-3.30272504779396,970422
3,2026-08-24 15:24:57,"testSB_C",-3.15726921857839,964464
4,2026-08-24 15:24:57,"ntc1_C",-3.31952996113301,971600
4,2026-08-24 15:24:57,"ntc2_C",-3.32482664394826,969577
4,2026-08-24 15:24:57,"testSB_C",-3.2142978564155,965425
5,2026-08-24 15:24:57,"ntc1_C",-3.34366982907886,970528
5,2026-08-24 15:24:57,"ntc2_C",-3.38396510082009,973489
5,2026-08-24 15:24:57,"testSB_C",-3.13755572668214,964560
6,2026-08-24 15:24:57,"ntc1_C",-3.49766543226474,977322
6,2026-08-24 15:24:57,"ntc2_C",-3.46483938782194,977028
6,2026-08-24 15:24:57,"testSB_C",-3.31218258504731,971298
7,2026-08-24 15:24:57,"ntc1_C",-3.20115468659031,965447
7,2026-08-24 15:24:57,"ntc2_C",-3.48201910836661,978159
7,2026-08-24 15:24:57,"testSB_C",-3.29757018015027,970977
8,2026-08-24 15:24:57,"ntc1_C",-3.40038282879755,976871
8,2026-08-24 15:24:57,"ntc2_C",-3.219183320779,965954
8,2026-08-24 15:24:57,"testSB_C",-3.35080309906942,969411
9,2026-08-24 15:24:57,"ntc1_C",-3.33209308672417,970154
9,2026-08-24 15:24:57,"ntc2_C",-3.18530157240355,967616
9,2026-08-24 15:24:57,"testSB_C",-3.35222852192248,972637
10,2026-08-24 15:24:57,"ntc1_C",-3.28804528991105,970637
10,2026-08-24 15:24:57,"ntc2_C",-3.37211474160341,971456
10,2026-08-24 15:24:57,"testSB_C",-3.46167014403824,975672
11,2026-08-24 15:24:57,"ntc1_C",-3.46079874466352,977672
11,2026-08-24 15:24:57,"ntc2_C",-3.29960971786272,970886
11,2026-08-24 15:24:57,"testSB_C",-3.34637413106338,971421
12,2026-08-24 15:24:57,"ntc1_C",-3.45281852750827,976545
12,2026-08-24 15:24:57,"ntc2_C",-3.2785893771549,969128
12,2026-08-24 15:24:57,"testSB_C",-3.46654004520713,976336
13,2026-08-24 15:24:57,"ntc1_C",-3.42121655005599,978067
13,2026-08-24 15:24:57,"ntc2_C",-3.12418701959962,961432
13,2026-08-24 15:24:57,"testSB_C",-3.25347349116345,968071
14,2026-08-24 15:24:57,"ntc1_C",-3.09782506408624,961089
14,2026-08-24 15:24:57,"ntc2_C",-3.25448246591185,969529
14,2026-08-24 15:24:57,"testSB_C",-3.34913992078594,973095
15,2026-08-24 15:24:57,"ntc1_C",-3.34290772759942,969935
15,2026-08-24 15:24:57,"ntc2_C",-3.30591284997791,971731
15,2026-08-24 15:24:57,"testSB_C",-3.40509936992294,975832
16,2026-08-24 15:24:57,"ntc1_C",-3.46876705290788,975822
16,2026-08-24 15:24:57,"ntc2_C",-3.17066950994308,963509
16,2026-08-24 15:24:57,"testSB_C",-3.31586308905702,969137
17,2026-08-24 15:24:57,"ntc1_C",-3.14848598916268,963167
17,2026-08-24 15:24:57,"ntc2_C",-3.29064950777382,968359
17,2026-08-24 15:24:57,"testSB_C",-3.32129097810576,972487
18,2026-08-24 15:24:57,"ntc1_C",-3.22243384451798,969042
18,2026-08-24 15:24:57,"ntc2_C",-3.55448490987584,979752
18,2026-08-24 15:24:57,"testSB_C",-3.38328840428602,972137
19,2026-08-24 15:24:57,"ntc1_C",-3.30007004946299,971741
19,2026-08-24 15:24:57,"ntc2_C",-3.44621652127154,976474
19,2026-08-24 15:24:57,"testSB_C",-3.32968914892797,973213
20,2026-08-24 15:24:57,"ntc1_C",-3.18296262323207,965406
20,2026-08-24 15:24:57,"ntc2_C",-3.35682163712659,973863
20,2026-08-24 15:24:57,"testSB_C",-3.00183020716418,957042
21,2026-08-24 15:24:57,"ntc1_C",-3.21843128259303,965185
21,2026-08-24 15:24:57,"ntc2_C",-3.50285617978744,978592
21,2026-08-24 15:24:57,"testSB_C",-3.51686278195291,979257
22,2026-08-24 15:24:57,"ntc1_C",-3.24070179500796,968568
22,2026-08-24 15:24:57,"ntc2_C",-3.20616432830809,968327
22,2026-08-24 15:24:57,"testSB_C",-3.57899151899619,980264
23,2026-08-24 15:24:57,"ntc1_C",-3.59782783564981,984679
23,2026-08-24 15:24:57,"ntc2_C",-3.27298695073296,969388
23,2026-08-24 15:24:57,"testSB_C",-3.47043287722505,975556
24,2026-08-24 15:24:57,"ntc1_C",-3.19824466048954,966881
24,2026-08-24 15:24:57,"ntc2_C",-3.43627681404286,977762
24,2026-08-24 15:24:57,"testSB_C",-3.36084078423698,971191
1,2026-08-24 18:24:57,"ntc1_C",-6.80157609283742,1116075
1,2026-08-24 18:24:57,"testSB_C",-6.96068619112594,1125860
2,2026-08-24 18:24:57,"ntc1_C",-6.67937119499663,1112278
2,2026-08-24 18:24:57,"ntc2_C",-6.27519900798313,1093851
2,2026-08-24 18:24:57,"testSB_C",-6.71843333020649,1116254
3,2026-08-24 18:24:57,"ntc1_C",-5.91137230027743,1079919
3,2026-08-24 18:24:57,"ntc2_C",-5.74813528953723,1071670
3,2026-08-24 18:24:57,"testSB_C",-5.39476057821963,1056051
4,2026-08-24 18:24:57,"ntc1_C",-5.83801132337476,1076149
4,2026-08-24 18:24:57,"ntc2_C",-5.82618805002227,1073131
4,2026-08-24 18:24:57,"testSB_C",-5.37908142308987,1054002
5,2026-08-24 18:24:57,"ntc1_C",-5.47955512513767,1058402
5,2026-08-24 18:24:57,"ntc2_C",-5.77426204393487,1072616
5,2026-08-24 18:24:57,"testSB_C",-5.42736659071056,1058425
6,2026-08-24 18:24:57,"ntc1_C",-5.57361177355875,1063166
6,2026-08-24 18:24:57,"ntc2_C",-5.82332524464778,1075177
6,2026-08-24 18:24:57,"testSB_C",-5.47192577968434,1060219
7,2026-08-24 18:24:57,"ntc1_C",-5.37765435755352,1054570
7,2026-08-24 18:24:57,"ntc2_C",-5.96967376901233,1082100
7,2026-08-24 18:24:57,"testSB_C",-5.44618292262618,1059379
8,2026-08-24 18:24:57,"ntc1_C",-5.4994589730681,1063720
8,2026-08-24 18:24:57,"ntc2_C",-5.32844011003999,1052216
8,2026-08-24 18:24:57,"testSB_C",-5.7704384290185,1069402
9,2026-08-24 18:24:57,"ntc1_C",-5.34808124664067,1052791
9,2026-08-24 18:24:57,"ntc2_C",-5.4994975597715,1062884
9,2026-08-24 18:24:57,"testSB_C",-5.42364510899938,1057914
10,2026-08-24 18:24:57,"ntc1_C",-5.363465502368,1055859
10,2026-08-24 18:24:57,"ntc2_C",-5.78769638103392,1071488
10,2026-08-24 18:24:57,"testSB_C",-5.5922381656585,1063777
11,2026-08-24 18:24:57,"ntc1_C",-5.4205949438429,1058541
11,2026-08-24 18:24:57,"ntc2_C",-5.58362546513968,1065128
11,2026-08-24 18:24:57,"testSB_C",-5.37830341038477,1054850
12,2026-08-24 18:24:57,"ntc1_C",-5.88639967197753,1077881
12,2026-08-24 18:24:57,"ntc2_C",-5.55130445418342,1062701
12,2026-08-24 18:24:57,"testSB_C",-5.61522797934663,1065273
13,2026-08-24 18:24:57,"ntc1_C",-5.5327100668996,1065547
13,2026-08-24 18:24:57,"ntc2_C",-5.49780568536835,1058622
13,2026-08-24 18:24:57,"testSB_C",-5.42015213694674,1057015
14,2026-08-24 18:24:57,"ntc1_C",-5.18545198380968,1045963
14,2026-08-24 18:24:57,"ntc2_C",-5.61813125600554,1067072
14,2026-08-24 18:24:57,"testSB_C",-5.46512872656297,1060311
15,2026-08-24 18:24:57,"ntc1_C",-5.45975225060749,1056863
15,2026-08-24 18:24:57,"ntc2_C",-5.60165427158472,1066598
15,2026-08-24 18:24:57,"testSB_C",-5.73349491103448,1072541
16,2026-08-24 18:24:57,"ntc1_C",-5.44009353241785,1057084
16,2026-08-24 18:24:57,"ntc2_C",-5.38911344362367,1054255
16,2026-08-24 18:24:57,"testSB_C",-5.37289789210763,1053506
17,2026-08-24 18:24:57,"ntc1_C",-5.25769507862304,1049197
17,2026-08-24 18:24:57,"ntc2_C",-5.39097271474867,1054461
17,2026-08-24 18:24:57,"testSB_C",-5.30748073919261,1054082
18,2026-08-24 18:24:57,"ntc1_C",-5.28644773985394,1053631
18,2026-08-24 18:24:57,"ntc2_C",-5.75280611163947,1071106
18,2026-08-24 18:24:57,"testSB_C",-5.43231366417552,1056436
19,2026-08-24 18:24:57,"ntc1_C",-5.34681711384519,1055872
19,2026-08-24 18:24:57,"ntc2_C",-5.61538208870326,1066338
19,2026-08-24 18:24:57,"testSB_C",-5.49738708049489,1062700
20,2026-08-24 18:24:57,"ntc1_C",-5.14394874205124,1045348
20,2026-08-24 18:24:57,"ntc2_C",-5.7266121232858,1072193
20,2026-08-24 18:24:57,"testSB_C",-5.12298018060028,1043004
21,2026-08-24 18:24:57,"ntc1_C",-5.19119648677264,1045514
21,2026-08-24 18:24:57,"ntc2_C",-5.80021592638252,1074226
21,2026-08-24 18:24:57,"testSB_C",-5.42819502755344,1058233
22,2026-08-24 18:24:57,"ntc1_C",-5.11398501120448,1045014
22,2026-08-24 18:24:57,"ntc2_C",-5.53623057186519,1064260
22,2026-08-24 18:24:57,"testSB_C",-5.45219431890519,1057664
23,2026-08-24 18:24:57,"ntc1_C",-5.586340374553,1067421
23,2026-08-24 18:24:57,"ntc2_C",-5.53887891848171,1062717
23,2026-08-24 18:24:57,"testSB_C",-5.52530977641624,1060306
24,2026-08-24 18:24:57,"ntc1_C",-5.18850736009267,1048182
24,2026-08-24 18:24:57,"ntc2_C",-5.5542224816956,1065502
24,2026-08-24 18:24:57,"testSB_C",-5.22437042882319,1047427
1,2026-08-24 21:24:57,"ntc1_C",-15.3935711555327,1584746
1,2026-08-24 21:24:57,"testSB_C",-15.3063653687472,1582408
2,2026-08-24 21:24:57,"ntc1_C",-15.2137839122844,1575552
2,2026-08-24 21:24:57,"ntc2_C",-15.098291301881,1567697
2,2026-08-24 21:24:57,"testSB_C",-15.0985550645781,1570665
3,2026-08-24 21:24:57,"ntc1_C",-15.0442545890029,1567037
3,2026-08-24 21:24:57,"ntc2_C",-14.9822489553845,1561720
3,2026-08-24 21:24:57,"testSB_C",-14.923038523616,1557172
4,2026-08-24 21:24:57,"ntc1_C",-14.940726186583,1559828
4,2026-08-24 21:24:57,"ntc2_C",-14.9280518171561,1555286
4,2026-08-24 21:24:57,"testSB_C",-14.8749307739246,1552188
5,2026-08-24 21:24:57,"ntc1_C",-14.8811233133142,1553032
5,2026-08-24 21:24:57,"ntc2_C",-14.8744611253269,1554412
5,2026-08-24 21:24:57,"testSB_C",-14.8462501327858,1553901
6,2026-08-24 21:24:57,"ntc1_C",-14.832131960599,1550428
6,2026-08-24 21:24:57,"ntc2_C",-14.8513210282939,1553709
6,2026-08-24 21:24:57,"testSB_C",-14.8149473359777,1551630
7,2026-08-24 21:24:57,"ntc1_C",-14.7724120446611,1546901
7,2026-08-24 21:24:57,"ntc2_C",-14.8265695846479,1552937
7,2026-08-24 21:24:57,"testSB_C",-14.76277082378,1548735
8,2026-08-24 21:24:57,"ntc1_C",-14.741335501008,1550560
8,2026-08-24 21:24:57,"ntc2_C",-14.7210841772347,1543156
8,2026-08-24 21:24:57,"testSB_C",-14.7689149156628,1543458
9,2026-08-24 21:24:57,"ntc1_C",-14.7189008305442,1542490
9,2026-08-24 21:24:57,"ntc2_C",-14.7363621175152,1549196
9,2026-08-24 21:24:57,"testSB_C",-14.7282030442413,1546113
10,2026-08-24 21:24:57,"ntc1_C",-14.7266209390715,1546450
10,2026-08-24 21:24:57,"ntc2_C",-14.7518027568746,1544283
10,2026-08-24 21:24:57,"testSB_C",-14.7379756069288,1544616
11,2026-08-24 21:24:57,"ntc1_C",-14.7202749094434,1546330
11,2026-08-24 21:24:57,"ntc2_C",-14.7332679944539,1546654
11,2026-08-24 21:24:57,"testSB_C",-14.7124871428646,1543201
12,2026-08-24 21:24:57,"ntc1_C",-14.7529891414382,1547170
12,2026-08-24 21:24:57,"ntc2_C",-14.7211419296587,1544311
12,2026-08-24 21:24:57,"testSB_C",-14.7183813898216,1544023
13,2026-08-24 21:24:57,"ntc1_C",-14.7154804554659,1549304
13,2026-08-24 21:24:57,"ntc2_C",-14.6973271814891,1540540
13,2026-08-24 21:24:57,"testSB_C",-14.6747924200448,1541528
14,2026-08-24 21:24:57,"ntc1_C",-14.6636856811515,1539102
14,2026-08-24 21:24:57,"ntc2_C",-14.6852790429525,1544140
14,2026-08-24 21:24:57,"testSB_C",-14.6736740453646,1543327
15,2026-08-24 21:24:57,"ntc1_C",-14.6576860600309,1537467
15,2026-08-24 21:24:57,"ntc2_C",-14.66240263881,1543325
15,2026-08-24 21:24:57,"testSB_C",-14.6629124710046,1543627
16,2026-08-24 21:24:57,"ntc1_C",-14.6352212893966,1537943
16,2026-08-24 21:24:57,"ntc2_C",-14.6403491206573,1537462
16,2026-08-24 21:24:57,"testSB_C",-14.6244347124951,1536415
17,2026-08-24 21:24:57,"ntc1_C",-14.6258878827032,1537217
17,2026-08-24 21:24:57,"ntc2_C",-14.628991394758,1536569
17,2026-08-24 21:24:57,"testSB_C",-14.6231077598136,1540953
18,2026-08-24 21:24:57,"ntc1_C",-14.6293528856214,1541807
18,2026-08-24 21:24:57,"ntc2_C",-14.6409240059057,1538486
18,2026-08-24 21:24:57,"testSB_C",-14.6367672012389,1537718
19,2026-08-24 21:24:57,"ntc1_C",-14.6244999622506,1541278
19,2026-08-24 21:24:57,"ntc2_C",-14.6385561302809,1540611
19,2026-08-24 21:24:57,"testSB_C",-14.625769675251,1541961
20,2026-08-24 21:24:57,"ntc1_C",-14.6024855547791,1537349
20,2026-08-24 21:24:57,"ntc2_C",-14.6444179122521,1542497
20,2026-08-24 21:24:57,"testSB_C",-14.5921988531918,1534443
21,2026-08-24 21:24:57,"ntc1_C",-14.5889099405167,1533184
21,2026-08-24 21:24:57,"ntc2_C",-14.6331679318565,1539970
21,2026-08-24 21:24:57,"testSB_C",-14.5740155698413,1536527
22,2026-08-24 21:24:57,"ntc1_C",-14.563988797358,1536148
22,2026-08-24 21:24:57,"ntc2_C",-14.6017275325418,1539921
22,2026-08-24 21:24:57,"testSB_C",-14.5789109910547,1534474
23,2026-08-24 21:24:57,"ntc1_C",-14.586247869118,1540487
23,2026-08-24 21:24:57,"ntc2_C",-14.6004457784715,1537694
23,2026-08-24 21:24:57,"testSB_C",-14.6006393765193,1534555
24,2026-08-24 21:24:57,"ntc1_C",-14.5639631173713,1536229
24,2026-08-24 21:24:57,"ntc2_C",-14.569791856188,1538805
24,2026-08-24 21:24:57,"testSB_C",-14.5317346340451,1530663
1,2026-08-25 00:24:57,"ntc1_C",-18.4301914462849,1793141
1,2026-08-25 00:24:57,"testSB_C",-18.3192370012933,1788696
2,2026-08-25 00:24:57,"ntc1_C",-18.2766634474312,1784656
2,2026-08-25 00:24:57,"ntc2_C",-18.2713536041903,1783741
2,2026-08-25 00:24:57,"testSB_C",-18.2470200383019,1785088
3,2026-08-25 00:24:57,"ntc1_C",-18.21546209629,1782725
3,2026-08-25 00:24:57,"ntc2_C",-18.173502794886,1778245
3,2026-08-25 00:24:57,"testSB_C",-18.1412492245655,1774934
4,2026-08-25 00:24:57,"ntc1_C",-18.2017505475576,1781127
4,2026-08-25 00:24:57,"ntc2_C",-18.1974544689607,1776530
4,2026-08-25 00:24:57,"testSB_C",-18.1321009710399,1772122
5,2026-08-25 00:24:57,"ntc1_C",-18.1560436670373,1774477
5,2026-08-25 00:24:57,"ntc2_C",-18.1431468994686,1775481
5,2026-08-25 00:24:57,"testSB_C",-18.124580223627,1775614
6,2026-08-25 00:24:57,"ntc1_C",-18.1348217628618,1773264
6,2026-08-25 00:24:57,"ntc2_C",-18.1469127618001,1776650
6,2026-08-25 00:24:57,"testSB_C",-18.1390647460452,1776268
7,2026-08-25 00:24:57,"ntc1_C",-18.077202528739,1769627
7,2026-08-25 00:24:57,"ntc2_C",-18.1974404038664,1781259
7,2026-08-25 00:24:57,"testSB_C",-18.1658786008308,1778688
8,2026-08-25 00:24:57,"ntc1_C",-18.1262011543663,1779507
8,2026-08-25 00:24:57,"ntc2_C",-18.1834595981119,1776625
8,2026-08-25 00:24:57,"testSB_C",-18.1926864791301,1774199
9,2026-08-25 00:24:57,"ntc1_C",-18.1406210232995,1772871
9,2026-08-25 00:24:57,"ntc2_C",-18.1546002090965,1780437
9,2026-08-25 00:24:57,"testSB_C",-18.1344023097477,1776015
10,2026-08-25 00:24:57,"ntc1_C",-18.1194259825207,1775281
10,2026-08-25 00:24:57,"ntc2_C",-18.1475872463102,1773112
10,2026-08-25 00:24:57,"testSB_C",-18.1296857512312,1773248
11,2026-08-25 00:24:57,"ntc1_C",-18.1172111790963,1775446
11,2026-08-25 00:24:57,"ntc2_C",-18.1603979012214,1778060
11,2026-08-25 00:24:57,"testSB_C",-18.1219412668033,1772825
12,2026-08-25 00:24:57,"ntc1_C",-18.1424150828726,1775872
12,2026-08-25 00:24:57,"ntc2_C",-18.1366579207927,1774491
12,2026-08-25 00:24:57,"testSB_C",-18.1704522680601,1776880
13,2026-08-25 00:24:57,"ntc1_C",-18.154727959617,1781923
13,2026-08-25 00:24:57,"ntc2_C",-18.1263339935551,1771278
13,2026-08-25 00:24:57,"testSB_C",-18.1480896898991,1775534
14,2026-08-25 00:24:57,"ntc1_C",-18.1507211627421,1773670
14,2026-08-25 00:24:57,"ntc2_C",-18.1401257542048,1777096
14,2026-08-25 00:24:57,"testSB_C",-18.1213061510259,1775685
15,2026-08-25 00:24:57,"ntc1_C",-18.1455971674065,1771833
15,2026-08-25 00:24:57,"ntc2_C",-18.1416527159591,1778062
15,2026-08-25 00:24:57,"testSB_C",-18.1565699928981,1779407
16,2026-08-25 00:24:57,"ntc1_C",-18.0976213970339,1770675
16,2026-08-25 00:24:57,"ntc2_C",-18.1570496579211,1774090
16,2026-08-25 00:24:57,"testSB_C",-18.1488705441123,1773454
17,2026-08-25 00:24:57,"ntc1_C",-18.1475409832351,1774085
17,2026-08-25 00:24:57,"ntc2_C",-18.104617985454,1769935
17,2026-08-25 00:24:57,"testSB_C",-18.1312219088483,1777331
18,2026-08-25 00:24:57,"ntc1_C",-18.1659900782345,1780290
18,2026-08-25 00:24:57,"ntc2_C",-18.1394129191256,1773644
18,2026-08-25 00:24:57,"testSB_C",-18.138443446578,1773285
19,2026-08-25 00:24:57,"ntc1_C",-18.1299844180467,1777572
19,2026-08-25 00:24:57,"ntc2_C",-18.1617161641329,1778103
19,2026-08-25 00:24:57,"testSB_C",-18.1207678850204,1777640
20,2026-08-25 00:24:57,"ntc1_C",-18.1571766020275,1776686
20,2026-08-25 00:24:57,"ntc2_C",-18.1719698337293,1780613
20,2026-08-25 00:24:57,"testSB_C",-18.1311445036265,1772164
21,2026-08-25 00:24:57,"ntc1_C",-18.1381440684249,1771264
21,2026-08-25 00:24:57,"ntc2_C",-18.1721092117334,1778473
21,2026-08-25 00:24:57,"testSB_C",-18.1414238251051,1776600
22,2026-08-25 00:24:57,"ntc1_C",-18.1459223874935,1777213
22,2026-08-25 00:24:57,"ntc2_C",-18.1264167258521,1777318
22,2026-08-25 00:24:57,"testSB_C",-18.1431872633773,1774042
23,2026-08-25 00:24:57,"ntc1_C",-18.1756713266844,1782646
23,2026-08-25 00:24:57,"ntc2_C",-18.1299531117388,1775205
23,2026-08-25 00:24:57,"testSB_C",-18.1439893687825,1772254
24,2026-08-25 00:24:57,"ntc1_C",-18.1284404347434,1776064
24,2026-08-25 00:24:57,"ntc2_C",-18.103607741239,1776763
24,2026-08-25 00:24:57,"testSB_C",-18.0676893623901,1767543
1,2026-08-25 03:24:57,"ntc1_C",-21.728295719778,2048843
1,2026-08-25 03:24:57,"testSB_C",-21.6075652737565,2042919
2,2026-08-25 03:24:57,"ntc1_C",-21.5266636871624,2035272
2,2026-08-25 03:24:57,"ntc2_C",-21.5004687697039,2032512
2,2026-08-25 03:24:57,"testSB_C",-21.4784830009753,2033963
3,2026-08-25 03:24:57,"ntc1_C",-21.4017324777411,2027710
3,2026-08-25 03:24:57,"ntc2_C",-21.3460553564413,2021647
3,2026-08-25 03:24:57,"testSB_C",-21.3453205005091,2020371
4,2026-08-25 03:24:57,"ntc1_C",-21.3374837711998,2021893
4,2026-08-25 03:24:57,"ntc2_C",-21.3441802591854,2017568
4,2026-08-25 03:24:57,"testSB_C",-21.3040827905091,2014642
5,2026-08-25 03:24:57,"ntc1_C",-21.2849407318499,2013924
5,2026-08-25 03:24:57,"ntc2_C",-21.2482649398887,2013005
5,2026-08-25 03:24:57,"testSB_C",-21.2134840998691,2011858
6,2026-08-25 03:24:57,"ntc1_C",-21.195400217585,2006746
6,2026-08-25 03:24:57,"ntc2_C",-21.199430925318,2010066
6,2026-08-25 03:24:57,"testSB_C",-21.1404502353057,2005446
7,2026-08-25 03:24:57,"ntc1_C",-21.0285081048893,1994116
7,2026-08-25 03:24:57,"ntc2_C",-21.1753840172346,2009269
7,2026-08-25 03:24:57,"testSB_C",-21.1432906111561,2006257
8,2026-08-25 03:24:57,"ntc1_C",-21.0891979738302,2006034
8,2026-08-25 03:24:57,"ntc2_C",-21.1239321207357,2000989
8,2026-08-25 03:24:57,"testSB_C",-21.1335080210295,1998319
9,2026-08-25 03:24:57,"ntc1_C",-21.0309599193759,1992699
9,2026-08-25 03:24:57,"ntc2_C",-21.0735605599072,2003591
9,2026-08-25 03:24:57,"testSB_C",-21.0496596585153,1998329
10,2026-08-25 03:24:57,"ntc1_C",-21.0179035452904,1996011
10,2026-08-25 03:24:57,"ntc2_C",-21.051763993259,1994143
10,2026-08-25 03:24:57,"testSB_C",-20.9718757529435,1989379
11,2026-08-25 03:24:57,"ntc1_C",-21.0189639879274,1996483
11,2026-08-25 03:24:57,"ntc2_C",-21.0515306394209,1998609
11,2026-08-25 03:24:57,"testSB_C",-20.9545026537969,1988059
12,2026-08-25 03:24:57,"ntc1_C",-20.9895348601431,1992572
12,2026-08-25 03:24:57,"ntc2_C",-21.014085673848,1993472
12,2026-08-25 03:24:57,"testSB_C",-20.9894484690599,1991527
13,2026-08-25 03:24:57,"ntc1_C",-21.0020119841217,1999347
13,2026-08-25 03:24:57,"ntc2_C",-20.9593586600049,1986455
13,2026-08-25 03:24:57,"testSB_C",-20.9159438985442,1985911
14,2026-08-25 03:24:57,"ntc1_C",-20.9387228098771,1985400
14,2026-08-25 03:24:57,"ntc2_C",-20.9659402502414,1992206
14,2026-08-25 03:24:57,"testSB_C",-20.9142485481541,1988021
15,2026-08-25 03:24:57,"ntc1_C",-20.9061725499905,1981145
15,2026-08-25 03:24:57,"ntc2_C",-20.9286713186151,1990301
15,2026-08-25 03:24:57,"testSB_C",-20.8739843886563,1986168
16,2026-08-25 03:24:57,"ntc1_C",-20.84617017872,1979006
16,2026-08-25 03:24:57,"ntc2_C",-20.7250506230233,1968458
16,2026-08-25 03:24:57,"testSB_C",-20.8620448613447,1979322
17,2026-08-25 03:24:57,"ntc1_C",-20.8552161872536,1979511
17,2026-08-25 03:24:57,"ntc2_C",-20.8135333825582,1974925
17,2026-08-25 03:24:57,"testSB_C",-20.8433648001021,1983404
18,2026-08-25 03:24:57,"ntc1_C",-20.8799530420647,1986765
18,2026-08-25 03:24:57,"ntc2_C",-20.7900117207165,1974278
18,2026-08-25 03:24:57,"testSB_C",-20.8159371066198,1976263
19,2026-08-25 03:24:57,"ntc1_C",-20.7734287615839,1978242
19,2026-08-25 03:24:57,"ntc2_C",-20.8559858557012,1982901
19,2026-08-25 03:24:57,"testSB_C",-20.7616022060926,1978138
20,2026-08-25 03:24:57,"ntc1_C",-20.8530502386068,1981513
20,2026-08-25 03:24:57,"ntc2_C",-20.8235457968146,1982293
20,2026-08-25 03:24:57,"testSB_C",-20.7478651345758,1970157
21,2026-08-25 03:24:57,"ntc1_C",-20.7949119695486,1972198
21,2026-08-25 03:24:57,"ntc2_C",-20.793000106975,1977425
21,2026-08-25 03:24:57,"testSB_C",-20.8114300907134,1979292
22,2026-08-25 03:24:57,"ntc1_C",-20.7869562286373,1977665
22,2026-08-25 03:24:57,"ntc2_C",-20.7384866435533,1975391
22,2026-08-25 03:24:57,"testSB_C",-20.768414387527,1972928
23,2026-08-25 03:24:57,"ntc1_C",-20.608684007377,1967023
23,2026-08-25 03:24:57,"ntc2_C",-20.7460436074808,1973461
23,2026-08-25 03:24:57,"testSB_C",-20.7863483781171,1971932
24,2026-08-25 03:24:57,"ntc1_C",-20.768945322465,1976370
24,2026-08-25 03:24:57,"ntc2_C",-20.7421283910818,1976945
24,2026-08-25 03:24:57,"testSB_C",-20.7261249080133,1968317
1,2026-08-25 06:24:57,"ntc1_C",-20.3404836318143,1937356
1,2026-08-25 06:24:57,"testSB_C",-20.3087322339793,1938717
2,2026-08-25 06:24:57,"ntc1_C",-20.318231288466,1938472
2,2026-08-25 06:24:57,"ntc2_C",-20.251734943348,1932690
2,2026-08-25 06:24:57,"testSB_C",-20.1847146152519,1930659
3,2026-08-25 06:24:57,"ntc1_C",-19.7227955328482,1894938
3,2026-08-25 06:24:57,"ntc2_C",-19.7307227528476,1894058
3,2026-08-25 06:24:57,"testSB_C",-19.7503357959704,1894464
4,2026-08-25 06:24:57,"ntc1_C",-19.563141470852,1882146
4,2026-08-25 06:24:57,"ntc2_C",-19.4975499148947,1872636
4,2026-08-25 06:24:57,"testSB_C",-19.7172485907153,1889667
5,2026-08-25 06:24:57,"ntc1_C",-19.7364686206709,1891867
5,2026-08-25 06:24:57,"ntc2_C",-19.5861111384135,1882381
5,2026-08-25 06:24:57,"testSB_C",-19.6318645412874,1887434
6,2026-08-25 06:24:57,"ntc1_C",-19.671729444991,1887122
6,2026-08-25 06:24:57,"ntc2_C",-19.4925695092786,1876222
6,2026-08-25 06:24:57,"testSB_C",-19.7226484807467,1893930
7,2026-08-25 06:24:57,"ntc1_C",-19.6406536840819,1885408
7,2026-08-25 06:24:57,"ntc2_C",-19.3986152352587,1870135
7,2026-08-25 06:24:57,"testSB_C",-19.6373054605109,1887937
8,2026-08-25 06:24:57,"ntc1_C",-19.5402812744627,1884442
8,2026-08-25 06:24:57,"ntc2_C",-19.5118950030023,1874890
8,2026-08-25 06:24:57,"testSB_C",-19.3870033088569,1862206
9,2026-08-25 06:24:57,"ntc1_C",-19.5903853167269,1880118
9,2026-08-25 06:24:57,"ntc2_C",-19.4275581647655,1874720
9,2026-08-25 06:24:57,"testSB_C",-19.5725515111505,1882611
10,2026-08-25 06:24:57,"ntc1_C",-19.4707521220394,1875170
10,2026-08-25 06:24:57,"ntc2_C",-19.2767370560101,1856159
10,2026-08-25 06:24:57,"testSB_C",-19.5707699037919,1879912
11,2026-08-25 06:24:57,"ntc1_C",-19.3912138075685,1869495
11,2026-08-25 06:24:57,"ntc2_C",-19.2557508707237,1858777
11,2026-08-25 06:24:57,"testSB_C",-19.4459711632606,1870548
12,2026-08-25 06:24:57,"ntc1_C",-19.3059337838738,1861603
12,2026-08-25 06:24:57,"ntc2_C",-19.2064784647254,1853120
12,2026-08-25 06:24:57,"testSB_C",-19.3598525853024,1864644
13,2026-08-25 06:24:57,"ntc1_C",-19.3707177512464,1871907
13,2026-08-25 06:24:57,"ntc2_C",-19.1484984692551,1846248
13,2026-08-25 06:24:57,"testSB_C",-19.250547766955,1856681
14,2026-08-25 06:24:57,"ntc1_C",-19.2413912794984,1853831
14,2026-08-25 06:24:57,"ntc2_C",-19.1868800600768,1854093
14,2026-08-25 06:24:57,"testSB_C",-19.1969115556244,1854798
15,2026-08-25 06:24:57,"ntc1_C",-19.2680820600708,1854294
15,2026-08-25 06:24:57,"ntc2_C",-19.1193465496001,1849963
15,2026-08-25 06:24:57,"testSB_C",-19.1071343066717,1849312
16,2026-08-25 06:24:57,"ntc1_C",-19.1422173370952,1847290
16,2026-08-25 06:24:57,"ntc2_C",-19.6296985548298,1883222
16,2026-08-25 06:24:57,"testSB_C",-19.1905096373584,1849982
17,2026-08-25 06:24:57,"ntc1_C",-19.1976484372677,1851247
17,2026-08-25 06:24:57,"ntc2_C",-19.1090499209022,1843483
17,2026-08-25 06:24:57,"testSB_C",-19.2409150856574,1859083
18,2026-08-25 06:24:57,"ntc1_C",-19.1153059425086,1850099
18,2026-08-25 06:24:57,"ntc2_C",-19.2181943434398,1852864
18,2026-08-25 06:24:57,"testSB_C",-19.1301883049741,1846062
19,2026-08-25 06:24:57,"ntc1_C",-19.1525889642599,1852811
19,2026-08-25 06:24:57,"ntc2_C",-19.099829323566,1847037
19,2026-08-25 06:24:57,"testSB_C",-19.1150548415015,1850769
20,2026-08-25 06:24:57,"ntc1_C",-18.9980862372598,1838330
20,2026-08-25 06:24:57,"ntc2_C",-19.100558520323,1848934
20,2026-08-25 06:24:57,"testSB_C",-19.1305173924388,1845457
21,2026-08-25 06:24:57,"ntc1_C",-19.0523832637217,1838122
21,2026-08-25 06:24:57,"ntc2_C",-19.0323461541387,1841594
21,2026-08-25 06:24:57,"testSB_C",-19.0868458335566,1846024
22,2026-08-25 06:24:57,"ntc1_C",-19.0150487374465,1840963
22,2026-08-25 06:24:57,"ntc2_C",-19.0487390363985,1845016
22,2026-08-25 06:24:57,"testSB_C",-19.0070570610626,1837301
23,2026-08-25 06:24:57,"ntc1_C",-19.4035446762543,1873561
23,2026-08-25 06:24:57,"ntc2_C",-18.9626971700055,1836178
23,2026-08-25 06:24:57,"testSB_C",-19.0232419314801,1836485
24,2026-08-25 06:24:57,"ntc1_C",-18.988232052552,1839084
24,2026-08-25 06:24:57,"ntc2_C",-18.8466968271398,1831116
24,2026-08-25 06:24:57,"testSB_C",-18.947124096688,1831717
1,2026-08-25 09:24:57,"ntc1_C",-14.6085963208379,1534816
1,2026-08-25 09:24:57,"testSB_C",-14.3767002433924,1523555
2,2026-08-25 09:24:57,"ntc1_C",-14.5855783706921,1535703
2,2026-08-25 09:24:57,"ntc2_C",-14.2863722798865,1516637
2,2026-08-25 09:24:57,"testSB_C",-14.140858927424,1510561
3,2026-08-25 09:24:57,"ntc1_C",-12.9465918136351,1438573
3,2026-08-25 09:24:57,"ntc2_C",-14.264200505609,1516655
3,2026-08-25 09:24:57,"testSB_C",-14.5238859991778,1532044
4,2026-08-25 09:24:57,"ntc1_C",-13.7959330510629,1488677
4,2026-08-25 09:24:57,"ntc2_C",-13.6981579026748,1479206
4,2026-08-25 09:24:57,"testSB_C",-14.6788414749597,1539830
5,2026-08-25 09:24:57,"ntc1_C",-14.6809738738903,1540406
5,2026-08-25 09:24:57,"ntc2_C",-12.6601561915165,1420171
5,2026-08-25 09:24:57,"testSB_C",-14.6098820741727,1538999
6,2026-08-25 09:24:57,"ntc1_C",-14.8147118875823,1549328
6,2026-08-25 09:24:57,"ntc2_C",-11.7503682820382,1369044
6,2026-08-25 09:24:57,"testSB_C",-14.8351801404658,1552910
7,2026-08-25 09:24:57,"ntc1_C",-14.4048179155931,1523881
7,2026-08-25 09:24:57,"ntc2_C",-13.6952266378964,1482896
7,2026-08-25 09:24:57,"testSB_C",-11.7121927936301,1367510
8,2026-08-25 09:24:57,"ntc1_C",-14.8005691305799,1554309
8,2026-08-25 09:24:57,"ntc2_C",-14.7053767590516,1542168
8,2026-08-25 09:24:57,"testSB_C",-13.9828123203598,1494756
9,2026-08-25 09:24:57,"ntc1_C",-14.7088475403704,1541858
9,2026-08-25 09:24:57,"ntc2_C",-14.2985571098212,1521775
9,2026-08-25 09:24:57,"testSB_C",-14.6972730168455,1544164
10,2026-08-25 09:24:57,"ntc1_C",-14.6843649042776,1543789
10,2026-08-25 09:24:57,"ntc2_C",-14.0252990339644,1499199
10,2026-08-25 09:24:57,"testSB_C",-14.7806305424475,1547305
11,2026-08-25 09:24:57,"ntc1_C",-14.9504731416421,1560904
11,2026-08-25 09:24:57,"ntc2_C",-14.2801329238778,1518341
11,2026-08-25 09:24:57,"testSB_C",-14.5651115720149,1533957
12,2026-08-25 09:24:57,"ntc1_C",-13.6957868043619,1481898
12,2026-08-25 09:24:57,"ntc2_C",-14.2032197627461,1512046
12,2026-08-25 09:24:57,"testSB_C",-14.5360928830779,1532589
13,2026-08-25 09:24:57,"ntc1_C",-14.1385241339639,1513289
13,2026-08-25 09:24:57,"ntc2_C",-13.8851210967141,1490333
13,2026-08-25 09:24:57,"testSB_C",-14.4633387648164,1528294
14,2026-08-25 09:24:57,"ntc1_C",-14.4640039854307,1526625
14,2026-08-25 09:24:57,"ntc2_C",-14.1223134181791,1509109
14,2026-08-25 09:24:57,"testSB_C",-14.3895460628857,1525554
15,2026-08-25 09:24:57,"ntc1_C",-14.5660604216378,1531736
15,2026-08-25 09:24:57,"ntc2_C",-14.0085376141433,1502711
15,2026-08-25 09:24:57,"testSB_C",-13.9120113160884,1497073
16,2026-08-25 09:24:57,"ntc1_C",-14.6166224352691,1536777
16,2026-08-25 09:24:57,"ntc2_C",-14.4780177933835,1527315
16,2026-08-25 09:24:57,"testSB_C",-14.4729681495764,1526951
17,2026-08-25 09:24:57,"ntc1_C",-14.4099986811655,1523743
17,2026-08-25 09:24:57,"ntc2_C",-14.3289470775077,1517889
17,2026-08-25 09:24:57,"testSB_C",-11.8479845831882,1376015
18,2026-08-25 09:24:57,"ntc1_C",-14.6110742392537,1540659
18,2026-08-25 09:24:57,"ntc2_C",-14.2258994158692,1512689
18,2026-08-25 09:24:57,"testSB_C",-14.4352655553496,1525131
19,2026-08-25 09:24:57,"ntc1_C",-14.546594399736,1536390
19,2026-08-25 09:24:57,"ntc2_C",-14.4048181496001,1525996
19,2026-08-25 09:24:57,"testSB_C",-14.3496405961057,1524694
20,2026-08-25 09:24:57,"ntc1_C",-14.4346587411587,1526861
20,2026-08-25 09:24:57,"ntc2_C",-13.8239750600338,1491729
20,2026-08-25 09:24:57,"testSB_C",-14.1879755221016,1509352
21,2026-08-25 09:24:57,"ntc1_C",-14.4888007242162,1526942
21,2026-08-25 09:24:57,"ntc2_C",-13.8106373763698,1489168
21,2026-08-25 09:24:57,"testSB_C",-14.8108670280998,1551438
22,2026-08-25 09:24:57,"ntc1_C",-14.4961303505503,1531903
22,2026-08-25 09:24:57,"ntc2_C",-13.8541557225215,1493695
22,2026-08-25 09:24:57,"testSB_C",-14.6431294699023,1538498
23,2026-08-25 09:24:57,"ntc1_C",-14.28988273944,1521988
23,2026-08-25 09:24:57,"ntc2_C",-13.8948125180081,1494070
23,2026-08-25 09:24:57,"testSB_C",-14.5203065471493,1529542
24,2026-08-25 09:24:57,"ntc1_C",-14.4718687990821,1530470
24,2026-08-25 09:24:57,"ntc2_C",-14.1149788895971,1510529
24,2026-08-25 09:24:57,"testSB_C",-14.3614190705767,1520070
1,2026-08-25 12:24:57,"ntc1_C",-8.67483946197495,1204622
1,2026-08-25 12:24:57,"testSB_C",-8.71827252241297,1209432
2,2026-08-25 12:24:57,"ntc1_C",-8.95367701484531,1220302
2,2026-08-25 12:24:57,"ntc2_C",-8.78043323474287,1211385
2,2026-08-25 12:24:57,"testSB_C",-8.54244628115487,1202280
3,2026-08-25 12:24:57,"ntc1_C",-6.31747853471518,1097898
3,2026-08-25 12:24:57,"ntc2_C",-6.88893101246748,1122582
3,2026-08-25 12:24:57,"testSB_C",-7.63583180081662,1156832
4,2026-08-25 12:24:57,"ntc1_C",-6.82930920652842,1120433
4,2026-08-25 12:24:57,"ntc2_C",-6.83754813553327,1118191
4,2026-08-25 12:24:57,"testSB_C",-7.43965155091865,1146141
5,2026-08-25 12:24:57,"ntc1_C",-7.55108893255266,1151506
5,2026-08-25 12:24:57,"ntc2_C",-7.19156188216243,1136270
5,2026-08-25 12:24:57,"testSB_C",-7.30344639792446,1142357
6,2026-08-25 12:24:57,"ntc1_C",-7.70195229253676,1159295
6,2026-08-25 12:24:57,"ntc2_C",-7.24314622477129,1139127
6,2026-08-25 12:24:57,"testSB_C",-8.35999377347963,1192444
7,2026-08-25 12:24:57,"ntc1_C",-7.34322596660297,1142374
7,2026-08-25 12:24:57,"ntc2_C",-6.93590023399503,1125494
7,2026-08-25 12:24:57,"testSB_C",-7.47797405587681,1150645
8,2026-08-25 12:24:57,"ntc1_C",-7.60575274308155,1158917
8,2026-08-25 12:24:57,"ntc2_C",-7.49691249524949,1149249
8,2026-08-25 12:24:57,"testSB_C",-6.98757118775069,1123680
9,2026-08-25 12:24:57,"ntc1_C",-7.59885701974167,1153716
9,2026-08-25 12:24:57,"ntc2_C",-7.13749338363664,1136146
9,2026-08-25 12:24:57,"testSB_C",-8.01523776780363,1175610
10,2026-08-25 12:24:57,"ntc1_C",-7.47646966241246,1150606
10,2026-08-25 12:24:57,"ntc2_C",-7.04502249506805,1127717
10,2026-08-25 12:24:57,"testSB_C",-7.56681826956572,1152782
11,2026-08-25 12:24:57,"ntc1_C",-7.80619299507333,1166398
11,2026-08-25 12:24:57,"ntc2_C",-7.21915212187565,1138393
11,2026-08-25 12:24:57,"testSB_C",-7.52649659715479,1151155
12,2026-08-25 12:24:57,"ntc1_C",-7.01062712278133,1128309
12,2026-08-25 12:24:57,"ntc2_C",-7.16817376972733,1134926
12,2026-08-25 12:24:57,"testSB_C",-8.4436786758065,1195266
13,2026-08-25 12:24:57,"ntc1_C",-7.475670098352,1153189
13,2026-08-25 12:24:57,"ntc2_C",-7.00387624201818,1125514
13,2026-08-25 12:24:57,"testSB_C",-7.37239857527584,1144393
14,2026-08-25 12:24:57,"ntc1_C",-7.34663545648232,1142034
14,2026-08-25 12:24:57,"ntc2_C",-7.09297308236683,1133028
14,2026-08-25 12:24:57,"testSB_C",-7.41089198043517,1147647
15,2026-08-25 12:24:57,"ntc1_C",-7.51032362850174,1148768
15,2026-08-25 12:24:57,"ntc2_C",-7.11523246640678,1134341
15,2026-08-25 12:24:57,"testSB_C",-7.12968593629523,1135233
16,2026-08-25 12:24:57,"ntc1_C",-7.68056871864405,1157990
16,2026-08-25 12:24:57,"ntc2_C",-7.33660549434757,1141202
16,2026-08-25 12:24:57,"testSB_C",-7.51049832699198,1149262
17,2026-08-25 12:24:57,"ntc1_C",-7.33435827694063,1141685
17,2026-08-25 12:24:57,"ntc2_C",-7.34984485642656,1141904
17,2026-08-25 12:24:57,"testSB_C",-7.63817576898083,1158921
18,2026-08-25 12:24:57,"ntc1_C",-7.39220225508234,1147825
18,2026-08-25 12:24:57,"ntc2_C",-7.35404565992621,1143155
18,2026-08-25 12:24:57,"testSB_C",-7.48995706660327,1148717
19,2026-08-25 12:24:57,"ntc1_C",-7.4933089178702,1152227
19,2026-08-25 12:24:57,"ntc2_C",-7.46474111357435,1149689
19,2026-08-25 12:24:57,"testSB_C",-7.32645209718919,1144812
20,2026-08-25 12:24:57,"ntc1_C",-7.40885680994245,1146264
20,2026-08-25 12:24:57,"ntc2_C",-7.01969812302457,1130121
20,2026-08-25 12:24:57,"testSB_C",-7.12953323571907,1131693
21,2026-08-25 12:24:57,"ntc1_C",-7.43197590183007,1145207
21,2026-08-25 12:24:57,"ntc2_C",-7.11776539248865,1133382
21,2026-08-25 12:24:57,"testSB_C",-7.74056219111179,1162653
22,2026-08-25 12:24:57,"ntc1_C",-7.48415689883427,1150779
22,2026-08-25 12:24:57,"ntc2_C",-6.91025808764385,1125397
22,2026-08-25 12:24:57,"testSB_C",-7.71787256010941,1159800
23,2026-08-25 12:24:57,"ntc1_C",-7.83548126178312,1169714
23,2026-08-25 12:24:57,"ntc2_C",-7.41901300423348,1147195
23,2026-08-25 12:24:57,"testSB_C",-8.04685669266797,1174798
24,2026-08-25 12:24:57,"ntc1_C",-8.69206594634556,1208882
24,2026-08-25 12:24:57,"ntc2_C",-8.16381044517021,1184900
24,2026-08-25 12:24:57,"testSB_C",-8.19393886827294,1181936
1,2026-08-25 15:24:57,"ntc1_C",-5.31569611494996,1050613
1,2026-08-25 15:24:57,"testSB_C",-5.507861187667,1061268
2,2026-08-25 15:24:57,"ntc1_C",-5.66121369403129,1067147
2,2026-08-25 15:24:57,"ntc2_C",-5.0633270519711,1041269
2,2026-08-25 15:24:57,"testSB_C",-5.44702335416906,1060052
3,2026-08-25 15:24:57,"ntc1_C",-3.76293871293626,989744
3,2026-08-25 15:24:57,"ntc2_C",-3.72403822615422,987130
3,2026-08-25 15:24:57,"testSB_C",-3.45567678871373,976185
4,2026-08-25 15:24:57,"ntc1_C",-3.55677826721256,980982
4,2026-08-25 15:24:57,"ntc2_C",-3.50263672957271,976583
4,2026-08-25 15:24:57,"testSB_C",-3.46505828396442,975276
5,2026-08-25 15:24:57,"ntc1_C",-3.61596053391986,981295
5,2026-08-25 15:24:57,"ntc2_C",-3.65005035616815,984036
5,2026-08-25 15:24:57,"testSB_C",-3.4437596819767,976593
6,2026-08-25 15:24:57,"ntc1_C",-3.75244932230714,987458
6,2026-08-25 15:24:57,"ntc2_C",-3.65953886864753,984766
6,2026-08-25 15:24:57,"testSB_C",-3.59350100704683,982427
7,2026-08-25 15:24:57,"ntc1_C",-3.39031641988015,972872
7,2026-08-25 15:24:57,"ntc2_C",-3.6448218388353,984633
7,2026-08-25 15:24:57,"testSB_C",-3.83406828378867,992306
8,2026-08-25 15:24:57,"ntc1_C",-3.73034646086904,990019
8,2026-08-25 15:24:57,"ntc2_C",-3.46917229639132,975781
8,2026-08-25 15:24:57,"testSB_C",-3.71533778804024,983830
9,2026-08-25 15:24:57,"ntc1_C",-3.57549381737243,979762
9,2026-08-25 15:24:57,"ntc2_C",-3.42247285192417,976957
9,2026-08-25 15:24:57,"testSB_C",-3.6162196433221,983095
10,2026-08-25 15:24:57,"ntc1_C",-3.56410114171985,981547
10,2026-08-25 15:24:57,"ntc2_C",-3.52061827840356,977316
10,2026-08-25 15:24:57,"testSB_C",-3.78204506848999,988420
11,2026-08-25 15:24:57,"ntc1_C",-3.79048533855138,990813
11,2026-08-25 15:24:57,"ntc2_C",-3.5171775783673,979477
11,2026-08-25 15:24:57,"testSB_C",-3.55743953333433,979758
12,2026-08-25 15:24:57,"ntc1_C",-3.59789069350802,982299
12,2026-08-25 15:24:57,"ntc2_C",-3.44906492317295,975840
12,2026-08-25 15:24:57,"testSB_C",-3.79005791756941,989217
13,2026-08-25 15:24:57,"ntc1_C",-3.75656156849703,991446
13,2026-08-25 15:24:57,"ntc2_C",-3.38193988687487,971521
13,2026-08-25 15:24:57,"testSB_C",-3.54569043206828,979598
14,2026-08-25 15:24:57,"ntc1_C",-3.38866406033918,972470
14,2026-08-25 15:24:57,"ntc2_C",-3.5637950800392,981748
14,2026-08-25 15:24:57,"testSB_C",-3.63018797168417,984236
15,2026-08-25 15:24:57,"ntc1_C",-3.6878149875352,983575
15,2026-08-25 15:24:57,"ntc2_C",-3.46505302822101,978015
15,2026-08-25 15:24:57,"testSB_C",-3.67642268158232,986619
16,2026-08-25 15:24:57,"ntc1_C",-3.81647331533725,989669
16,2026-08-25 15:24:57,"ntc2_C",-3.49306677185007,976175
16,2026-08-25 15:24:57,"testSB_C",-3.69184428164061,984016
17,2026-08-25 15:24:57,"ntc1_C",-3.49635213816981,976834
17,2026-08-25 15:24:57,"ntc2_C",-3.6300353758383,981761
17,2026-08-25 15:24:57,"testSB_C",-3.75579426172447,989758
18,2026-08-25 15:24:57,"ntc1_C",-3.63574992217201,985397
18,2026-08-25 15:24:57,"ntc2_C",-3.92224281847041,994452
18,2026-08-25 15:24:57,"testSB_C",-3.82675032950414,989769
19,2026-08-25 15:24:57,"ntc1_C",-3.74790738726341,989534
19,2026-08-25 15:24:57,"ntc2_C",-3.910387601553,995019
19,2026-08-25 15:24:57,"testSB_C",-3.73072442003928,989158
20,2026-08-25 15:24:57,"ntc1_C",-3.61233784477162,982349
20,2026-08-25 15:24:57,"ntc2_C",-3.69583487404407,987335
20,2026-08-25 15:24:57,"testSB_C",-3.37676108295489,971682
21,2026-08-25 15:24:57,"ntc1_C",-3.61787418953639,980915
21,2026-08-25 15:24:57,"ntc2_C",-3.81876059392056,991200
21,2026-08-25 15:24:57,"testSB_C",-3.93936374419138,996171
22,2026-08-25 15:24:57,"ntc1_C",-3.62540757347233,983778
22,2026-08-25 15:24:57,"ntc2_C",-3.57589174779332,982927
22,2026-08-25 15:24:57,"testSB_C",-3.97126098548961,995970
23,2026-08-25 15:24:57,"ntc1_C",-3.98271297042788,1000158
23,2026-08-25 15:24:57,"ntc2_C",-3.67486606572572,985297
23,2026-08-25 15:24:57,"testSB_C",-3.94407603303182,994445
24,2026-08-25 15:24:57,"ntc1_C",-3.66520697722075,985348
24,2026-08-25 15:24:57,"ntc2_C",-3.85150125383564,994352
24,2026-08-25 15:24:57,"testSB_C",-3.85072195670574,990655
1,2026-08-25 18:24:57,"ntc1_C",-8.15711054015838,1179454
1,2026-08-25 18:24:57,"testSB_C",-8.53254508084814,1200309
2,2026-08-25 18:24:57,"ntc1_C",-8.07498932443912,1177349
2,2026-08-25 18:24:57,"ntc2_C",-7.32619433320377,1141667
2,2026-08-25 18:24:57,"testSB_C",-8.19206154369868,1185244
3,2026-08-25 18:24:57,"ntc1_C",-5.8671814935006,1077981
3,2026-08-25 18:24:57,"ntc2_C",-5.65882391540845,1067786
3,2026-08-25 18:24:57,"testSB_C",-5.16714906032712,1046335
4,2026-08-25 18:24:57,"ntc1_C",-5.77383495101219,1073345
4,2026-08-25 18:24:57,"ntc2_C",-5.714683781867,1068279
4,2026-08-25 18:24:57,"testSB_C",-5.14795130834977,1044155
5,2026-08-25 18:24:57,"ntc1_C",-5.30687154299665,1051000
5,2026-08-25 18:24:57,"ntc2_C",-5.66260244316987,1067760
5,2026-08-25 18:24:57,"testSB_C",-5.22652595050744,1049825
6,2026-08-25 18:24:57,"ntc1_C",-5.45375100818512,1058003
6,2026-08-25 18:24:57,"ntc2_C",-5.71981632181075,1070662
6,2026-08-25 18:24:57,"testSB_C",-5.33968571413726,1054539
7,2026-08-25 18:24:57,"ntc1_C",-5.08952606937078,1042297
7,2026-08-25 18:24:57,"ntc2_C",-5.97455880681548,1082315
7,2026-08-25 18:24:57,"testSB_C",-5.41730384399273,1058137
8,2026-08-25 18:24:57,"ntc1_C",-5.38758529372774,1058895
8,2026-08-25 18:24:57,"ntc2_C",-5.03590236899134,1039789
8,2026-08-25 18:24:57,"testSB_C",-5.77497026635154,1069599
9,2026-08-25 18:24:57,"ntc1_C",-5.12435255824676,1043270
9,2026-08-25 18:24:57,"ntc2_C",-5.32425158014865,1055340
9,2026-08-25 18:24:57,"testSB_C",-5.32589046221824,1053720
10,2026-08-25 18:24:57,"ntc1_C",-5.22058020996292,1049750
10,2026-08-25 18:24:57,"ntc2_C",-5.68578510335692,1067059
10,2026-08-25 18:24:57,"testSB_C",-5.68388435063935,1067747
11,2026-08-25 18:24:57,"ntc1_C",-5.32297604817205,1054353
11,2026-08-25 18:24:57,"ntc2_C",-5.48540424256265,1060886
11,2026-08-25 18:24:57,"testSB_C",-5.28421292873077,1050827
12,2026-08-25 18:24:57,"ntc1_C",-5.91664913545014,1079207
12,2026-08-25 18:24:57,"ntc2_C",-5.36702901981766,1054776
12,2026-08-25 18:24:57,"testSB_C",-5.61749159549328,1065371
13,2026-08-25 18:24:57,"ntc1_C",-5.57535362810364,1067395
13,2026-08-25 18:24:57,"ntc2_C",-5.34103823456059,1051899
13,2026-08-25 18:24:57,"testSB_C",-5.24062317797529,1049333
14,2026-08-25 18:24:57,"ntc1_C",-4.95589905983451,1036261
14,2026-08-25 18:24:57,"ntc2_C",-5.54022457672357,1063700
14,2026-08-25 18:24:57,"testSB_C",-5.38463090942872,1056849
15,2026-08-25 18:24:57,"ntc1_C",-5.35144773642691,1052225
15,2026-08-25 18:24:57,"ntc2_C",-5.41665410483353,1058609
15,2026-08-25 18:24:57,"testSB_C",-5.77107850125935,1074181
16,2026-08-25 18:24:57,"ntc1_C",-5.36499173860375,1053863
16,2026-08-25 18:24:57,"ntc2_C",-5.23445718626022,1047650
16,2026-08-25 18:24:57,"testSB_C",-5.35803958327023,1052870
17,2026-08-25 18:24:57,"ntc1_C",-5.17532563216702,1045692
17,2026-08-25 18:24:57,"ntc2_C",-5.28893943891666,1050100
17,2026-08-25 18:24:57,"testSB_C",-5.21761391040405,1050241
18,2026-08-25 18:24:57,"ntc1_C",-5.18465949949996,1049285
18,2026-08-25 18:24:57,"ntc2_C",-5.8083671389893,1073526
18,2026-08-25 18:24:57,"testSB_C",-5.4636614594753,1057783
19,2026-08-25 18:24:57,"ntc1_C",-5.31805896030335,1054639
19,2026-08-25 18:24:57,"ntc2_C",-5.67390719583938,1068878
19,2026-08-25 18:24:57,"testSB_C",-5.46831434582475,1061445
20,2026-08-25 18:24:57,"ntc1_C",-5.12454036580885,1044524
20,2026-08-25 18:24:57,"ntc2_C",-5.76042188933872,1073668
20,2026-08-25 18:24:57,"testSB_C",-5.03687989490447,1039363
21,2026-08-25 18:24:57,"ntc1_C",-5.10059999664941,1041677
21,2026-08-25 18:24:57,"ntc2_C",-5.81960312593714,1075073
21,2026-08-25 18:24:57,"testSB_C",-5.40776978609938,1057355
22,2026-08-25 18:24:57,"ntc1_C",-5.03558215159211,1041692
22,2026-08-25 18:24:57,"ntc2_C",-5.44655283859987,1060391
22,2026-08-25 18:24:57,"testSB_C",-5.41190095013445,1055934
23,2026-08-25 18:24:57,"ntc1_C",-5.60457023913705,1068212
23,2026-08-25 18:24:57,"ntc2_C",-5.50599719137296,1061298
23,2026-08-25 18:24:57,"testSB_C",-5.56787164031567,1062140
24,2026-08-25 18:24:57,"ntc1_C",-5.11475286278016,1045046
24,2026-08-25 18:24:57,"ntc2_C",-5.50729415756882,1063472
24,2026-08-25 18:24:57,"testSB_C",-5.18371118547981,1045699
1,2026-08-25 21:24:57,"ntc1_C",-21.1348647884901,2000464
1,2026-08-25 21:24:57,"testSB_C",-20.9718409682893,1991285
2,2026-08-25 21:24:57,"ntc1_C",-20.6796809032233,1966968
2,2026-08-25 21:24:57,"ntc2_C",-20.4136996887918,1945375
2,2026-08-25 21:24:57,"testSB_C",-20.5716097850656,1961029
3,2026-08-25 21:24:57,"ntc1_C",-19.5227867752828,1879674
3,2026-08-25 21:24:57,"ntc2_C",-19.364781861529,1866219
3,2026-08-25 21:24:57,"testSB_C",-19.0909275988927,1844588
4,2026-08-25 21:24:57,"ntc1_C",-19.2729341332557,1860168
4,2026-08-25 21:24:57,"ntc2_C",-19.2388664414424,1853130
4,2026-08-25 21:24:57,"testSB_C",-18.9335146981485,1830657
5,2026-08-25 21:24:57,"ntc1_C",-18.955359201089,1832959
5,2026-08-25 21:24:57,"ntc2_C",-18.9913040316623,1837598
5,2026-08-25 21:24:57,"testSB_C",-18.7685773867397,1822600
6,2026-08-25 21:24:57,"ntc1_C",-18.6801385320625,1812897
6,2026-08-25 21:24:57,"ntc2_C",-18.7751313076106,1822496
6,2026-08-25 21:24:57,"testSB_C",-18.518941384074,1803845
7,2026-08-25 21:24:57,"ntc1_C",-18.2108182095361,1779252
7,2026-08-25 21:24:57,"ntc2_C",-18.3934610255243,1795484
7,2026-08-25 21:24:57,"testSB_C",-17.9007885334773,1759655
8,2026-08-25 21:24:57,"ntc1_C",-17.7454723258199,1752216
8,2026-08-25 21:24:57,"ntc2_C",-17.5362404687797,1730542
8,2026-08-25 21:24:57,"testSB_C",-17.6181907692883,1733288
9,2026-08-25 21:24:57,"ntc1_C",-17.280319363447,1712007
9,2026-08-25 21:24:57,"ntc2_C",-17.2750067188051,1717941
9,2026-08-25 21:24:57,"testSB_C",-17.0828513293656,1701734
10,2026-08-25 21:24:57,"ntc1_C",-16.9082742548741,1690076
10,2026-08-25 21:24:57,"ntc2_C",-17.0294467341366,1694371
10,2026-08-25 21:24:57,"testSB_C",-16.7490536048732,1676487
11,2026-08-25 21:24:57,"ntc1_C",-16.5666545823673,1667063
11,2026-08-25 21:24:57,"ntc2_C",-16.6181272488769,1670058
11,2026-08-25 21:24:57,"testSB_C",-16.416130675477,1654090
12,2026-08-25 21:24:57,"ntc1_C",-16.7240045692786,1676447
12,2026-08-25 21:24:57,"ntc2_C",-16.3829934502355,1652448
12,2026-08-25 21:24:57,"testSB_C",-16.3485110200665,1650046
13,2026-08-25 21:24:57,"ntc1_C",-16.2543178966806,1649507
13,2026-08-25 21:24:57,"ntc2_C",-16.1691132599561,1635771
13,2026-08-25 21:24:57,"testSB_C",-15.9556013367203,1624116
14,2026-08-25 21:24:57,"ntc1_C",-15.8418843548752,1614778
14,2026-08-25 21:24:57,"ntc2_C",-15.9747330761554,1627402
14,2026-08-25 21:24:57,"testSB_C",-15.7995122966211,1615763
15,2026-08-25 21:24:57,"ntc1_C",-15.7559675508783,1607817
15,2026-08-25 21:24:57,"ntc2_C",-15.7177787409922,1611157
15,2026-08-25 21:24:57,"testSB_C",-15.7571581697381,1614015
16,2026-08-25 21:24:57,"ntc1_C",-15.5075409416778,1593614
16,2026-08-25 21:24:57,"ntc2_C",-15.5485184545903,1595459
16,2026-08-25 21:24:57,"testSB_C",-15.5184905859701,1593459
17,2026-08-25 21:24:57,"ntc1_C",-15.4447292975752,1589391
17,2026-08-25 21:24:57,"ntc2_C",-15.4129864269436,1586448
17,2026-08-25 21:24:57,"testSB_C",-15.306650119728,1584480
18,2026-08-25 21:24:57,"ntc1_C",-15.2847450150161,1583527
18,2026-08-25 21:24:57,"ntc2_C",-15.3637925949404,1584451
18,2026-08-25 21:24:57,"testSB_C",-15.2641775812752,1577565
19,2026-08-25 21:24:57,"ntc1_C",-15.1803778111616,1576600
19,2026-08-25 21:24:57,"ntc2_C",-15.2594993229797,1580106
19,2026-08-25 21:24:57,"testSB_C",-15.1397800381703,1574615
20,2026-08-25 21:24:57,"ntc1_C",-15.0000246707357,1562475
20,2026-08-25 21:24:57,"ntc2_C",-15.1673998495162,1575739
20,2026-08-25 21:24:57,"testSB_C",-14.9123889888322,1554608
21,2026-08-25 21:24:57,"ntc1_C",-14.8624389951314,1550367
21,2026-08-25 21:24:57,"ntc2_C",-15.0540513022081,1566619
21,2026-08-25 21:24:57,"testSB_C",-14.8599231099545,1554544
22,2026-08-25 21:24:57,"ntc1_C",-14.7548563019764,1548150
22,2026-08-25 21:24:57,"ntc2_C",-14.8996821656718,1558734
22,2026-08-25 21:24:57,"testSB_C",-14.72788936789,1543825
23,2026-08-25 21:24:57,"ntc1_C",-14.7572337918259,1551260
23,2026-08-25 21:24:57,"ntc2_C",-14.8168881475528,1551324
23,2026-08-25 21:24:57,"testSB_C",-14.7164780080413,1541812
24,2026-08-25 21:24:57,"ntc1_C",-14.5573859310381,1535817
24,2026-08-25 21:24:57,"ntc2_C",-14.570333783262,1538839
24,2026-08-25 21:24:57,"testSB_C",-14.4060517004498,1522839
1,2026-08-26 00:24:57,"ntc1_C",-29.3179489355196,2766399
1,2026-08-26 00:24:57,"testSB_C",-29.2688837334722,2766249
2,2026-08-26 00:24:57,"ntc1_C",-29.1979431066403,2757614
2,2026-08-26 00:24:57,"ntc2_C",-29.1727928012377,2754095
2,2026-08-26 00:24:57,"testSB_C",-29.1327293968847,2753271
3,2026-08-26 00:24:57,"ntc1_C",-29.0538204897466,2745209
3,2026-08-26 00:24:57,"ntc2_C",-29.0242538180407,2740428
3,2026-08-26 00:24:57,"testSB_C",-28.9932023831959,2735224
4,2026-08-26 00:24:57,"ntc1_C",-28.9558038632982,2734386
4,2026-08-26 00:24:57,"ntc2_C",-28.9170361477494,2723808
4,2026-08-26 00:24:57,"testSB_C",-28.8953917648676,2721916
5,2026-08-26 00:24:57,"ntc1_C",-28.8423888809436,2717763
5,2026-08-26 00:24:57,"ntc2_C",-28.782119270623,2713703
5,2026-08-26 00:24:57,"testSB_C",-28.7340397071452,2710851
6,2026-08-26 00:24:57,"ntc1_C",-28.66458552381,2698122
6,2026-08-26 00:24:57,"ntc2_C",-28.5831694767625,2693993
6,2026-08-26 00:24:57,"testSB_C",-28.5254230756264,2688081
7,2026-08-26 00:24:57,"ntc1_C",-28.4160793007751,2674135
7,2026-08-26 00:24:57,"ntc2_C",-28.3601596982893,2672509
7,2026-08-26 00:24:57,"testSB_C",-28.3018878860146,2665678
8,2026-08-26 00:24:57,"ntc1_C",-28.244436935085,2664954
8,2026-08-26 00:24:57,"ntc2_C",-28.1973601000794,2649977
8,2026-08-26 00:24:57,"testSB_C",-28.1300052994121,2638708
9,2026-08-26 00:24:57,"ntc1_C",-28.0646341532437,2635043
9,2026-08-26 00:24:57,"ntc2_C",-27.9924131658192,2637588
9,2026-08-26 00:24:57,"testSB_C",-27.9397804546757,2627869
10,2026-08-26 00:24:57,"ntc1_C",-27.8671400486605,2620296
10,2026-08-26 00:24:57,"ntc2_C",-27.8075328823242,2608694
10,2026-08-26 00:24:57,"testSB_C",-27.7463574082602,2604837
11,2026-08-26 00:24:57,"ntc1_C",-27.6925469559895,2603157
11,2026-08-26 00:24:57,"ntc2_C",-27.626719348344,2596009
11,2026-08-26 00:24:57,"testSB_C",-27.5907270574217,2588859
12,2026-08-26 00:24:57,"ntc1_C",-27.5243082714802,2584140
12,2026-08-26 00:24:57,"ntc2_C",-27.4676665732801,2577077
12,2026-08-26 00:24:57,"testSB_C",-27.4223076975079,2572807
13,2026-08-26 00:24:57,"ntc1_C",-27.3528265611763,2574178
13,2026-08-26 00:24:57,"ntc2_C",-27.3047236561397,2557771
13,2026-08-26 00:24:57,"testSB_C",-27.2564791522255,2556431
14,2026-08-26 00:24:57,"ntc1_C",-27.1962138082225,2547384
14,2026-08-26 00:24:57,"ntc2_C",-27.1589972976725,2549288
14,2026-08-26 00:24:57,"testSB_C",-27.1231091907866,2545623
15,2026-08-26 00:24:57,"ntc1_C",-27.0687845169198,2532553
15,2026-08-26 00:24:57,"ntc2_C",-27.0289711988628,2538044
15,2026-08-26 00:24:57,"testSB_C",-27.0078237138522,2536071
16,2026-08-26 00:24:57,"ntc1_C",-26.9802072037062,2527313
16,2026-08-26 00:24:57,"ntc2_C",-26.9779219538918,2526083
16,2026-08-26 00:24:57,"testSB_C",-26.9425012817655,2522518
17,2026-08-26 00:24:57,"ntc1_C",-26.9371686247431,2522749
17,2026-08-26 00:24:57,"ntc2_C",-26.9257931840466,2519817
17,2026-08-26 00:24:57,"testSB_C",-26.9294042779966,2527799
18,2026-08-26 00:24:57,"ntc1_C",-26.9156391579992,2526804
18,2026-08-26 00:24:57,"ntc2_C",-26.9004544826823,2518501
18,2026-08-26 00:24:57,"testSB_C",-26.9013455043878,2519139
19,2026-08-26 00:24:57,"ntc1_C",-26.9021864169102,2525822
19,2026-08-26 00:24:57,"ntc2_C",-26.8969656191738,2522905
19,2026-08-26 00:24:57,"testSB_C",-26.8929350591297,2525998
20,2026-08-26 00:24:57,"ntc1_C",-26.882958804852,2520262
20,2026-08-26 00:24:57,"ntc2_C",-26.8742660219624,2523214
20,2026-08-26 00:24:57,"testSB_C",-26.8915226837213,2517248
21,2026-08-26 00:24:57,"ntc1_C",-26.8819628087445,2513818
21,2026-08-26 00:24:57,"ntc2_C",-26.8605294999272,2518663
21,2026-08-26 00:24:57,"testSB_C",-26.8875003589035,2521837
22,2026-08-26 00:24:57,"ntc1_C",-26.8757249745187,2521097
22,2026-08-26 00:24:57,"ntc2_C",-26.8657127135139,2521852
22,2026-08-26 00:24:57,"testSB_C",-26.8717399535456,2516740
23,2026-08-26 00:24:57,"ntc1_C",-26.8530122323614,2523056
23,2026-08-26 00:24:57,"ntc2_C",-26.8455302188864,2516999
23,2026-08-26 00:24:57,"testSB_C",-26.8912058097055,2514186
24,2026-08-26 00:24:57,"ntc1_C",-26.8496888994335,2518799
24,2026-08-26 00:24:57,"ntc2_C",-26.8367359464816,2520783
24,2026-08-26 00:24:57,"testSB_C",-26.8284738340194,2510773
1,2026-08-26 03:24:57,"ntc1_C",-31.2654104471385,2981488
1,2026-08-26 03:24:57,"testSB_C",-31.1579095440465,2974693
2,2026-08-26 03:24:57,"ntc1_C",-31.042390757656,2960583
2,2026-08-26 03:24:57,"ntc2_C",-30.9723576270129,2951781
2,2026-08-26 03:24:57,"testSB_C",-30.8341370866713,2939664
3,2026-08-26 03:24:57,"ntc1_C",-30.7603354814072,2931813
3,2026-08-26 03:24:57,"ntc2_C",-30.5989355538595,2912100
3,2026-08-26 03:24:57,"testSB_C",-30.4286094367116,2891066
4,2026-08-26 03:24:57,"ntc1_C",-30.252508112343,2874883
4,2026-08-26 03:24:57,"ntc2_C",-30.1216138628337,2853701
4,2026-08-26 03:24:57,"testSB_C",-29.9908661985432,2839766
5,2026-08-26 03:24:57,"ntc1_C",-29.8902907915466,2830318
5,2026-08-26 03:24:57,"ntc2_C",-29.7698361341293,2819511
5,2026-08-26 03:24:57,"testSB_C",-29.6893068023991,2813046
6,2026-08-26 03:24:57,"ntc1_C",-29.6071725801081,2798449
6,2026-08-26 03:24:57,"ntc2_C",-29.4811896033521,2789451
6,2026-08-26 03:24:57,"testSB_C",-29.4357639603762,2784701
7,2026-08-26 03:24:57,"ntc1_C",-29.3513948721598,2773080
7,2026-08-26 03:24:57,"ntc2_C",-29.2537844718797,2766921
7,2026-08-26 03:24:57,"testSB_C",-29.2206556261949,2762555
8,2026-08-26 03:24:57,"ntc1_C",-29.1330337237543,2758551
8,2026-08-26 03:24:57,"ntc2_C",-29.0582070560675,2740182
8,2026-08-26 03:24:57,"testSB_C",-28.9353438606095,2722738
9,2026-08-26 03:24:57,"ntc1_C",-28.8463872532183,2716446
9,2026-08-26 03:24:57,"ntc2_C",-28.7872105195009,2720486
9,2026-08-26 03:24:57,"testSB_C",-28.7219048560973,2709173
10,2026-08-26 03:24:57,"ntc1_C",-28.6973461484463,2706408
10,2026-08-26 03:24:57,"ntc2_C",-28.6831401056108,2699293
10,2026-08-26 03:24:57,"testSB_C",-28.6376540735824,2697022
11,2026-08-26 03:24:57,"ntc1_C",-28.6005306351759,2696982
11,2026-08-26 03:24:57,"ntc2_C",-28.5997133926851,2696452
11,2026-08-26 03:24:57,"testSB_C",-28.5681685785289,2689534
12,2026-08-26 03:24:57,"ntc1_C",-28.5784956337615,2692669
12,2026-08-26 03:24:57,"ntc2_C",-28.5458393075249,2687865
12,2026-08-26 03:24:57,"testSB_C",-28.5268557730504,2686247
13,2026-08-26 03:24:57,"ntc1_C",-28.5266462420135,2694903
13,2026-08-26 03:24:57,"ntc2_C",-28.498343538288,2679966
13,2026-08-26 03:24:57,"testSB_C",-28.4794334511206,2681600
14,2026-08-26 03:24:57,"ntc1_C",-28.4701930736059,2677488
14,2026-08-26 03:24:57,"ntc2_C",-28.4583379671209,2682080
14,2026-08-26 03:24:57,"testSB_C",-28.4405256093973,2680114
15,2026-08-26 03:24:57,"ntc1_C",-28.4162486813127,2669638
15,2026-08-26 03:24:57,"ntc2_C",-28.4065481221415,2678586
15,2026-08-26 03:24:57,"testSB_C",-28.3944421773359,2677413
16,2026-08-26 03:24:57,"ntc1_C",-28.3774462450076,2669386
16,2026-08-26 03:24:57,"ntc2_C",-28.3758765584094,2668197
16,2026-08-26 03:24:57,"testSB_C",-28.358542287718,2666342
17,2026-08-26 03:24:57,"ntc1_C",-28.3550318730759,2666751
17,2026-08-26 03:24:57,"ntc2_C",-28.3461769967109,2663883
17,2026-08-26 03:24:57,"testSB_C",-28.3392328224794,2671157
18,2026-08-26 03:24:57,"ntc1_C",-28.3352358318644,2671093
18,2026-08-26 03:24:57,"ntc2_C",-28.3170424312071,2662025
18,2026-08-26 03:24:57,"testSB_C",-28.3079109219944,2661802
19,2026-08-26 03:24:57,"ntc1_C",-28.310002486231,2668932
19,2026-08-26 03:24:57,"ntc2_C",-28.2943433088802,2664785
19,2026-08-26 03:24:57,"testSB_C",-28.2739427481244,2666331
20,2026-08-26 03:24:57,"ntc1_C",-28.2717460210567,2661174
20,2026-08-26 03:24:57,"ntc2_C",-28.248610826578,2662745
20,2026-08-26 03:24:57,"testSB_C",-28.23363271625,2653130
21,2026-08-26 03:24:57,"ntc1_C",-28.237370200974,2650845
21,2026-08-26 03:24:57,"ntc2_C",-28.2079311171152,2655142
21,2026-08-26 03:24:57,"testSB_C",-28.2315096345961,2658099
22,2026-08-26 03:24:57,"ntc1_C",-28.2048424033823,2655786
22,2026-08-26 03:24:57,"ntc2_C",-28.177092545439,2654686
22,2026-08-26 03:24:57,"testSB_C",-28.1646412119728,2647509
23,2026-08-26 03:24:57,"ntc1_C",-28.1303868626739,2652445
23,2026-08-26 03:24:57,"ntc2_C",-28.0934291092152,2643141
23,2026-08-26 03:24:57,"testSB_C",-28.1222046957161,2638076
24,2026-08-26 03:24:57,"ntc1_C",-28.0713924016858,2642324
24,2026-08-26 03:24:57,"ntc2_C",-28.0282510283274,2641255
24,2026-08-26 03:24:57,"testSB_C",-28.026290412118,2631475
1,2026-08-26 06:24:57,"ntc1_C",-31.5625008309038,3015440
1,2026-08-26 06:24:57,"testSB_C",-31.4225759112864,3004873
2,2026-08-26 06:24:57,"ntc1_C",-31.263293044756,2985674
2,2026-08-26 06:24:57,"ntc2_C",-31.114801464616,2967903
2,2026-08-26 06:24:57,"testSB_C",-30.9578907630811,2953608
3,2026-08-26 06:24:57,"ntc1_C",-30.1305332054124,2861785
3,2026-08-26 06:24:57,"ntc2_C",-30.1986170678612,2867652
3,2026-08-26 06:24:57,"testSB_C",-30.1840317884459,2864014
4,2026-08-26 06:24:57,"ntc1_C",-29.9274708709542,2839125
4,2026-08-26 06:24:57,"ntc2_C",-29.7888933998023,2817327
4,2026-08-26 06:24:57,"testSB_C",-29.9906195119702,2839739
5,2026-08-26 06:24:57,"ntc1_C",-29.9349842476248,2835202
5,2026-08-26 06:24:57,"ntc2_C",-29.7486637116238,2817208
5,2026-08-26 06:24:57,"testSB_C",-29.786514952904,2823620
6,2026-08-26 06:24:57,"ntc1_C",-29.7290686007207,2811644
6,2026-08-26 06:24:57,"ntc2_C",-29.5481896983023,2796683
6,2026-08-26 06:24:57,"testSB_C",-29.6051167424593,2802987
7,2026-08-26 06:24:57,"ntc1_C",-29.410790341506,2779464
7,2026-08-26 06:24:57,"ntc2_C",-29.0844408149213,2748821
7,2026-08-26 06:24:57,"testSB_C",-29.3501009288627,2776435
8,2026-08-26 06:24:57,"ntc1_C",-29.2432025267752,2770342
8,2026-08-26 06:24:57,"ntc2_C",-29.1115382871074,2745853
8,2026-08-26 06:24:57,"testSB_C",-28.9307742264473,2722255
9,2026-08-26 06:24:57,"ntc1_C",-29.0191645311667,2734716
9,2026-08-26 06:24:57,"ntc2_C",-28.8811937418472,2730430
9,2026-08-26 06:24:57,"testSB_C",-28.9468388785547,2732939
10,2026-08-26 06:24:57,"ntc1_C",-28.9083443055916,2728665
10,2026-08-26 06:24:57,"ntc2_C",-28.6905998439677,2700076
10,2026-08-26 06:24:57,"testSB_C",-28.9100488133826,2725733
11,2026-08-26 06:24:57,"ntc1_C",-28.9359267523348,2732346
11,2026-08-26 06:24:57,"ntc2_C",-28.7461089002407,2711842
11,2026-08-26 06:24:57,"testSB_C",-28.7919676740443,2713040
12,2026-08-26 06:24:57,"ntc1_C",-28.5395723452487,2688595
12,2026-08-26 06:24:57,"ntc2_C",-28.688312651516,2702799
12,2026-08-26 06:24:57,"testSB_C",-28.7638383547333,2711124
13,2026-08-26 06:24:57,"ntc1_C",-28.7227485330226,2715527
13,2026-08-26 06:24:57,"ntc2_C",-28.6177935393465,2692460
13,2026-08-26 06:24:57,"testSB_C",-28.7347555851794,2708371
14,2026-08-26 06:24:57,"ntc1_C",-28.6782357349266,2699256
14,2026-08-26 06:24:57,"ntc2_C",-28.607837830008,2697725
14,2026-08-26 06:24:57,"testSB_C",-28.6522245947172,2702272
15,2026-08-26 06:24:57,"ntc1_C",-28.6694048229741,2696078
15,2026-08-26 06:24:57,"ntc2_C",-28.4850190008207,2686785
15,2026-08-26 06:24:57,"testSB_C",-28.453297287286,2683556
16,2026-08-26 06:24:57,"ntc1_C",-28.6280416800322,2695565
16,2026-08-26 06:24:57,"ntc2_C",-28.6220705780897,2693909
16,2026-08-26 06:24:57,"testSB_C",-28.6325028723931,2694950
17,2026-08-26 06:24:57,"ntc1_C",-28.5994800959227,2692265
17,2026-08-26 06:24:57,"ntc2_C",-28.5587772550242,2686033
17,2026-08-26 06:24:57,"testSB_C",-28.6658513348787,2705328
18,2026-08-26 06:24:57,"ntc1_C",-28.6178872164155,2700635
18,2026-08-26 06:24:57,"ntc2_C",-28.4887427748782,2679881
18,2026-08-26 06:24:57,"testSB_C",-28.5938271331888,2691619
19,2026-08-26 06:24:57,"ntc1_C",-28.6020227431353,2699457
19,2026-08-26 06:24:57,"ntc2_C",-28.5898258852448,2695632
19,2026-08-26 06:24:57,"testSB_C",-28.5209797919775,2692114
20,2026-08-26 06:24:57,"ntc1_C",-28.5445424725506,2689620
20,2026-08-26 06:24:57,"ntc2_C",-28.3786010897268,2676273
20,2026-08-26 06:24:57,"testSB_C",-28.4817811117668,2678920
21,2026-08-26 06:24:57,"ntc1_C",-28.5404631393405,2682335
21,2026-08-26 06:24:57,"ntc2_C",-28.3425942001602,2669119
21,2026-08-26 06:24:57,"testSB_C",-28.627294679781,2699388
22,2026-08-26 06:24:57,"ntc1_C",-28.5061167437367,2687145
22,2026-08-26 06:24:57,"ntc2_C",-28.3994786266155,2677787
22,2026-08-26 06:24:57,"testSB_C",-28.5503092834282,2687609
23,2026-08-26 06:24:57,"ntc1_C",-28.4155875584777,2682086
23,2026-08-26 06:24:57,"ntc2_C",-28.3832459756509,2673189
23,2026-08-26 06:24:57,"testSB_C",-28.5861981467978,2686084
24,2026-08-26 06:24:57,"ntc1_C",-28.5018345360135,2687047
24,2026-08-26 06:24:57,"ntc2_C",-28.3826903619758,2678017
24,2026-08-26 06:24:57,"testSB_C",-28.3773735537916,2667770
1,2026-08-26 09:24:57,"ntc1_C",-20.9229011035581,1983441
1,2026-08-26 09:24:57,"testSB_C",-21.2451882618815,2013337
2,2026-08-26 09:24:57,"ntc1_C",-21.5500539554054,2037189
2,2026-08-26 09:24:57,"ntc2_C",-21.5020698957803,2032643
2,2026-08-26 09:24:57,"testSB_C",-21.5094721748608,2036499
3,2026-08-26 09:24:57,"ntc1_C",-16.0157676180536,1630280
3,2026-08-26 09:24:57,"ntc2_C",-17.0218144398685,1696960
3,2026-08-26 09:24:57,"testSB_C",-17.516266800438,1730469
4,2026-08-26 09:24:57,"ntc1_C",-16.2846940260802,1647608
4,2026-08-26 09:24:57,"ntc2_C",-16.1893058124954,1637281
4,2026-08-26 09:24:57,"testSB_C",-17.8801681455946,1754092
5,2026-08-26 09:24:57,"ntc1_C",-18.1117264826923,1771287
5,2026-08-26 09:24:57,"ntc2_C",-17.2674002755693,1713446
5,2026-08-26 09:24:57,"testSB_C",-17.8840156676117,1758360
6,2026-08-26 09:24:57,"ntc1_C",-18.3228399954629,1786835
6,2026-08-26 09:24:57,"ntc2_C",-17.4766857048874,1728950
6,2026-08-26 09:24:57,"testSB_C",-18.5783040930354,1808191
7,2026-08-26 09:24:57,"ntc1_C",-17.8936957262246,1756489
7,2026-08-26 09:24:57,"ntc2_C",-16.5890961487751,1668544
7,2026-08-26 09:24:57,"testSB_C",-18.5227283990757,1804619
8,2026-08-26 09:24:57,"ntc1_C",-18.5356778482066,1809310
8,2026-08-26 09:24:57,"ntc2_C",-18.2696709439349,1782851
8,2026-08-26 09:24:57,"testSB_C",-17.1712710775545,1702088
9,2026-08-26 09:24:57,"ntc1_C",-18.4481842630151,1795127
9,2026-08-26 09:24:57,"ntc2_C",-17.7111394027689,1748662
9,2026-08-26 09:24:57,"testSB_C",-18.5193201017968,1803971
10,2026-08-26 09:24:57,"ntc1_C",-18.3879409913528,1794719
10,2026-08-26 09:24:57,"ntc2_C",-17.2247858349593,1707881
10,2026-08-26 09:24:57,"testSB_C",-18.6838744932646,1813570
11,2026-08-26 09:24:57,"ntc1_C",-19.1070656992448,1848119
11,2026-08-26 09:24:57,"ntc2_C",-17.8863425731119,1758392
11,2026-08-26 09:24:57,"testSB_C",-18.3875510389198,1792032
12,2026-08-26 09:24:57,"ntc1_C",-17.1086487466284,1702868
12,2026-08-26 09:24:57,"ntc2_C",-17.7650636651919,1747930
12,2026-08-26 09:24:57,"testSB_C",-18.5875466727549,1807201
13,2026-08-26 09:24:57,"ntc1_C",-18.4160777885636,1800910
13,2026-08-26 09:24:57,"ntc2_C",-17.7383015003504,1743584
13,2026-08-26 09:24:57,"testSB_C",-18.446526404435,1797162
14,2026-08-26 09:24:57,"ntc1_C",-18.4059767754767,1792130
14,2026-08-26 09:24:57,"ntc2_C",-17.8727447420711,1757921
14,2026-08-26 09:24:57,"testSB_C",-18.334115493069,1791079
15,2026-08-26 09:24:57,"ntc1_C",-18.6433169773585,1807958
15,2026-08-26 09:24:57,"ntc2_C",-17.5077780171847,1732876
15,2026-08-26 09:24:57,"testSB_C",-17.5474142288809,1735939
16,2026-08-26 09:24:57,"ntc1_C",-18.7366926590903,1817181
16,2026-08-26 09:24:57,"ntc2_C",-18.6270310933891,1808250
16,2026-08-26 09:24:57,"testSB_C",-18.8180889690737,1822268
17,2026-08-26 09:24:57,"ntc1_C",-18.5838104605376,1805764
17,2026-08-26 09:24:57,"ntc2_C",-18.436423400251,1793917
17,2026-08-26 09:24:57,"testSB_C",-19.2698563753929,1861262
18,2026-08-26 09:24:57,"ntc1_C",-18.8354859846095,1829257
18,2026-08-26 09:24:57,"ntc2_C",-18.2429315910513,1781104
18,2026-08-26 09:24:57,"testSB_C",-18.8459587251621,1824920
19,2026-08-26 09:24:57,"ntc1_C",-19.0453174585381,1844779
19,2026-08-26 09:24:57,"ntc2_C",-18.9194257663675,1833587
19,2026-08-26 09:24:57,"testSB_C",-18.6742507343252,1818003
20,2026-08-26 09:24:57,"ntc1_C",-18.8613889815227,1828173
20,2026-08-26 09:24:57,"ntc2_C",-17.7661934626574,1751518
20,2026-08-26 09:24:57,"testSB_C",-18.5566256166957,1803024
21,2026-08-26 09:24:57,"ntc1_C",-19.0410131757919,1837276
21,2026-08-26 09:24:57,"ntc2_C",-17.7520521613719,1748404
21,2026-08-26 09:24:57,"testSB_C",-19.5366582001207,1879948
22,2026-08-26 09:24:57,"ntc1_C",-19.0181056457448,1841191
22,2026-08-26 09:24:57,"ntc2_C",-18.0702973392779,1773276
22,2026-08-26 09:24:57,"testSB_C",-19.2561402154785,1855934
23,2026-08-26 09:24:57,"ntc1_C",-18.715346972194,1822078
23,2026-08-26 09:24:57,"ntc2_C",-18.3024514968714,1787675
23,2026-08-26 09:24:57,"testSB_C",-19.407227982393,1865220
24,2026-08-26 09:24:57,"ntc1_C",-19.3887336687089,1869157
24,2026-08-26 09:24:57,"ntc2_C",-18.7505969302341,1823999
24,2026-08-26 09:24:57,"testSB_C",-19.2209829925035,1852148
1,2026-08-26 12:24:57,"ntc1_C",-9.85153794002679,1263876
1,2026-08-26 12:24:57,"testSB_C",-9.743661476976,1261084
2,2026-08-26 12:24:57,"ntc1_C",-9.79124553687069,1262728
2,2026-08-26 12:24:57,"ntc2_C",-9.26510860834878,1235573
2,2026-08-26 12:24:57,"testSB_C",-9.42506715861919,1246307
3,2026-08-26 12:24:57,"ntc1_C",-5.26176372273801,1051789
3,2026-08-26 12:24:57,"ntc2_C",-4.944163644833,1037226
3,2026-08-26 12:24:57,"testSB_C",-5.85721265844433,1076080
4,2026-08-26 12:24:57,"ntc1_C",-5.03905689571496,1041774
4,2026-08-26 12:24:57,"ntc2_C",-5.21025477987553,1046611
4,2026-08-26 12:24:57,"testSB_C",-5.11875679158868,1042918
5,2026-08-26 12:24:57,"ntc1_C",-5.82171123725124,1073228
5,2026-08-26 12:24:57,"ntc2_C",-5.46948447391992,1059415
5,2026-08-26 12:24:57,"testSB_C",-5.01656996588844,1040912
6,2026-08-26 12:24:57,"ntc1_C",-5.74992380909816,1070808
6,2026-08-26 12:24:57,"ntc2_C",-5.5694275983916,1064137
6,2026-08-26 12:24:57,"testSB_C",-7.42995293943159,1148111
7,2026-08-26 12:24:57,"ntc1_C",-4.98323721870003,1037807
7,2026-08-26 12:24:57,"ntc2_C",-5.74600557568459,1072303
7,2026-08-26 12:24:57,"testSB_C",-5.73035358184131,1071681
8,2026-08-26 12:24:57,"ntc1_C",-5.52678510236245,1064902
8,2026-08-26 12:24:57,"ntc2_C",-5.09820958211276,1042423
8,2026-08-26 12:24:57,"testSB_C",-5.70780157010131,1066683
9,2026-08-26 12:24:57,"ntc1_C",-5.39002607565698,1054586
9,2026-08-26 12:24:57,"ntc2_C",-5.1850464671283,1049387
9,2026-08-26 12:24:57,"testSB_C",-6.8325991783239,1120315
10,2026-08-26 12:24:57,"ntc1_C",-5.59852454757629,1065989
10,2026-08-26 12:24:57,"ntc2_C",-5.57975311346189,1062471
10,2026-08-26 12:24:57,"testSB_C",-5.70371378814173,1068608
11,2026-08-26 12:24:57,"ntc1_C",-5.9232815308323,1080381
11,2026-08-26 12:24:57,"ntc2_C",-5.49452100325891,1061279
11,2026-08-26 12:24:57,"testSB_C",-5.51093530868957,1060548
12,2026-08-26 12:24:57,"ntc1_C",-5.78416668367629,1073412
12,2026-08-26 12:24:57,"ntc2_C",-5.24409299538439,1049523
12,2026-08-26 12:24:57,"testSB_C",-8.17896858916856,1182439
13,2026-08-26 12:24:57,"ntc1_C",-6.09163977041919,1090033
13,2026-08-26 12:24:57,"ntc2_C",-5.06871021354664,1040325
13,2026-08-26 12:24:57,"testSB_C",-5.17051995114281,1046349
14,2026-08-26 12:24:57,"ntc1_C",-5.3171126652631,1051570
14,2026-08-26 12:24:57,"ntc2_C",-5.34144235155514,1055146
14,2026-08-26 12:24:57,"testSB_C",-5.51141597961254,1062307
15,2026-08-26 12:24:57,"ntc1_C",-5.71591155790918,1067917
15,2026-08-26 12:24:57,"ntc2_C",-5.45070995907508,1060075
15,2026-08-26 12:24:57,"testSB_C",-5.65083190764057,1068943
16,2026-08-26 12:24:57,"ntc1_C",-5.80638174111476,1072940
16,2026-08-26 12:24:57,"ntc2_C",-5.10544565470212,1042173
16,2026-08-26 12:24:57,"testSB_C",-5.98464120785377,1080039
17,2026-08-26 12:24:57,"ntc1_C",-5.43974978224367,1056987
17,2026-08-26 12:24:57,"ntc2_C",-5.4905248557364,1058734
17,2026-08-26 12:24:57,"testSB_C",-5.65542650107693,1069091
18,2026-08-26 12:24:57,"ntc1_C",-5.63941230011227,1068846
18,2026-08-26 12:24:57,"ntc2_C",-6.1143333785958,1086954
18,2026-08-26 12:24:57,"testSB_C",-6.12057458647229,1086422
19,2026-08-26 12:24:57,"ntc1_C",-5.9889586842092,1083795
19,2026-08-26 12:24:57,"ntc2_C",-6.35219004062361,1098775
19,2026-08-26 12:24:57,"testSB_C",-5.81358714335795,1076449
20,2026-08-26 12:24:57,"ntc1_C",-6.00115808226349,1082420
20,2026-08-26 12:24:57,"ntc2_C",-6.18470751392726,1092357
20,2026-08-26 12:24:57,"testSB_C",-5.97608321349907,1079801
21,2026-08-26 12:24:57,"ntc1_C",-6.00082813492196,1080460
21,2026-08-26 12:24:57,"ntc2_C",-6.50207160458694,1105332
21,2026-08-26 12:24:57,"testSB_C",-6.23184096033827,1093383
22,2026-08-26 12:24:57,"ntc1_C",-6.17420040298572,1091028
22,2026-08-26 12:24:57,"ntc2_C",-5.99174491336908,1084139
22,2026-08-26 12:24:57,"testSB_C",-6.52890304039715,1104994
23,2026-08-26 12:24:57,"ntc1_C",-7.82162603537171,1169054
23,2026-08-26 12:24:57,"ntc2_C",-7.72627021541894,1161643
23,2026-08-26 12:24:57,"testSB_C",-8.4487070117757,1194182
24,2026-08-26 12:24:57,"ntc1_C",-9.62462832595077,1255756
24,2026-08-26 12:24:57,"ntc2_C",-8.52091391003057,1202273
24,2026-08-26 12:24:57,"testSB_C",-8.0385439412197,1174476
1,2026-08-26 15:24:57,"ntc1_C",-6.59011707696135,1106508
1,2026-08-26 15:24:57,"testSB_C",-6.59973284317294,1109443
2,2026-08-26 15:24:57,"ntc1_C",-6.55965576839077,1106871
2,2026-08-26 15:24:57,"ntc2_C",-5.82382861534512,1073953
2,2026-08-26 15:24:57,"testSB_C",-6.48596461010499,1105753
3,2026-08-26 15:24:57,"ntc1_C",-5.13305391735969,1046306
3,2026-08-26 15:24:57,"ntc2_C",-4.70285574547387,1027113
3,2026-08-26 15:24:57,"testSB_C",-4.03791335771899,999484
4,2026-08-26 15:24:57,"ntc1_C",-4.74523575924263,1029420
4,2026-08-26 15:24:57,"ntc2_C",-4.73347653373162,1026549
4,2026-08-26 15:24:57,"testSB_C",-3.96812016112085,995356
5,2026-08-26 15:24:57,"ntc1_C",-4.27367131847694,1007819
5,2026-08-26 15:24:57,"ntc2_C",-4.68182642404372,1026072
5,2026-08-26 15:24:57,"testSB_C",-4.14653740442469,1004806
6,2026-08-26 15:24:57,"ntc1_C",-4.36642795741608,1012336
6,2026-08-26 15:24:57,"ntc2_C",-4.89135600568392,1035224
6,2026-08-26 15:24:57,"testSB_C",-4.27713970555681,1010029
7,2026-08-26 15:24:57,"ntc1_C",-4.06703611969971,999926
7,2026-08-26 15:24:57,"ntc2_C",-5.17561912747061,1047732
7,2026-08-26 15:24:57,"testSB_C",-4.44449914639023,1017169
8,2026-08-26 15:24:57,"ntc1_C",-4.33225091770248,1014480
8,2026-08-26 15:24:57,"ntc2_C",-4.11533830191485,1001668
8,2026-08-26 15:24:57,"testSB_C",-4.94116655732546,1033978
9,2026-08-26 15:24:57,"ntc1_C",-4.20592657487487,1005112
9,2026-08-26 15:24:57,"ntc2_C",-4.44280252606922,1018228
9,2026-08-26 15:24:57,"testSB_C",-4.43904938068385,1016450
10,2026-08-26 15:24:57,"ntc1_C",-4.31632169445976,1011929
10,2026-08-26 15:24:57,"ntc2_C",-4.85796474069383,1031777
10,2026-08-26 15:24:57,"testSB_C",-4.58002326461929,1020932
11,2026-08-26 15:24:57,"ntc1_C",-4.42316796747718,1016549
11,2026-08-26 15:24:57,"ntc2_C",-4.61467010091104,1024037
11,2026-08-26 15:24:57,"testSB_C",-4.33935116519541,1011299
12,2026-08-26 15:24:57,"ntc1_C",-5.10983313446212,1044410
12,2026-08-26 15:24:57,"ntc2_C",-4.51617850710221,1018970
12,2026-08-26 15:24:57,"testSB_C",-4.83011255289642,1031839
13,2026-08-26 15:24:57,"ntc1_C",-4.68264625551916,1029391
13,2026-08-26 15:24:57,"ntc2_C",-4.53094972797794,1017856
13,2026-08-26 15:24:57,"testSB_C",-4.31035567963187,1010443
14,2026-08-26 15:24:57,"ntc1_C",-4.2904063303377,1008658
14,2026-08-26 15:24:57,"ntc2_C",-4.75173421656086,1030186
14,2026-08-26 15:24:57,"testSB_C",-4.44466521048872,1017279
15,2026-08-26 15:24:57,"ntc1_C",-4.5940745138779,1020375
15,2026-08-26 15:24:57,"ntc2_C",-4.58517170809199,1023460
15,2026-08-26 15:24:57,"testSB_C",-4.79494921833219,1032415
16,2026-08-26 15:24:57,"ntc1_C",-4.44165493203252,1015083
16,2026-08-26 15:24:57,"ntc2_C",-4.23776906808979,1006100
16,2026-08-26 15:24:57,"testSB_C",-4.50436903107271,1016989
17,2026-08-26 15:24:57,"ntc1_C",-4.27241472779502,1008057
17,2026-08-26 15:24:57,"ntc2_C",-4.39678970732285,1012755
17,2026-08-26 15:24:57,"testSB_C",-4.28399289167646,1011184
18,2026-08-26 15:24:57,"ntc1_C",-4.27418674821683,1011227
18,2026-08-26 15:24:57,"ntc2_C",-4.99957280062273,1038849
18,2026-08-26 15:24:57,"testSB_C",-4.5362746236375,1018675
19,2026-08-26 15:24:57,"ntc1_C",-4.40504932187167,1016259
19,2026-08-26 15:24:57,"ntc2_C",-4.91112939795408,1036258
19,2026-08-26 15:24:57,"testSB_C",-4.60138558950558,1024718
20,2026-08-26 15:24:57,"ntc1_C",-4.33700733224191,1011650
20,2026-08-26 15:24:57,"ntc2_C",-4.99279970499009,1040690
20,2026-08-26 15:24:57,"testSB_C",-4.26358868055314,1007247
21,2026-08-26 15:24:57,"ntc1_C",-4.32901098615309,1009584
21,2026-08-26 15:24:57,"ntc2_C",-5.1021674563267,1044184
21,2026-08-26 15:24:57,"testSB_C",-4.38322708500255,1014268
22,2026-08-26 15:24:57,"ntc1_C",-4.31394018301688,1011625
22,2026-08-26 15:24:57,"ntc2_C",-4.82749365060664,1034077
22,2026-08-26 15:24:57,"testSB_C",-4.61191512593376,1022187
23,2026-08-26 15:24:57,"ntc1_C",-5.01394400016665,1042890
23,2026-08-26 15:24:57,"ntc2_C",-5.02120554693931,1040603
23,2026-08-26 15:24:57,"testSB_C",-4.83392936297548,1030969
24,2026-08-26 15:24:57,"ntc1_C",-4.535188729379,1020739
24,2026-08-26 15:24:57,"ntc2_C",-4.96159533639053,1040158
24,2026-08-26 15:24:57,"testSB_C",-4.4497987470229,1015011
1,2026-08-26 18:24:57,"ntc1_C",-7.62159353526806,1153986
1,2026-08-26 18:24:57,"testSB_C",-8.05892516995561,1177361
2,2026-08-26 18:24:57,"ntc1_C",-7.29330078590488,1140436
2,2026-08-26 18:24:57,"ntc2_C",-6.3249648458314,1096068
2,2026-08-26 18:24:57,"testSB_C",-7.55965169231649,1155117
3,2026-08-26 18:24:57,"ntc1_C",-5.31082930526674,1053887
3,2026-08-26 18:24:57,"ntc2_C",-4.57989003424859,1021999
3,2026-08-26 18:24:57,"testSB_C",-3.62457910240272,982885
4,2026-08-26 18:24:57,"ntc1_C",-4.69403968134981,1027283
4,2026-08-26 18:24:57,"ntc2_C",-4.67030659282477,1023921
4,2026-08-26 18:24:57,"testSB_C",-3.45766341874742,974984
5,2026-08-26 18:24:57,"ntc1_C",-3.7282401866139,985771
5,2026-08-26 18:24:57,"ntc2_C",-4.45317410790238,1016598
5,2026-08-26 18:24:57,"testSB_C",-3.59268771617877,982502
6,2026-08-26 18:24:57,"ntc1_C",-3.77831214312539,988493
6,2026-08-26 18:24:57,"ntc2_C",-4.5023636025449,1019006
6,2026-08-26 18:24:57,"testSB_C",-3.62034805474963,983496
7,2026-08-26 18:24:57,"ntc1_C",-3.33470584432808,970683
7,2026-08-26 18:24:57,"ntc2_C",-5.0187707971258,1041078
7,2026-08-26 18:24:57,"testSB_C",-3.80263579937832,991043
8,2026-08-26 18:24:57,"ntc1_C",-3.62454082316759,985783
8,2026-08-26 18:24:57,"ntc2_C",-3.17592372908047,964264
8,2026-08-26 18:24:57,"testSB_C",-4.55544865958598,1017918
9,2026-08-26 18:24:57,"ntc1_C",-3.25105545197232,966977
9,2026-08-26 18:24:57,"ntc2_C",-3.90089071582287,996087
9,2026-08-26 18:24:57,"testSB_C",-3.65211424356681,984526
10,2026-08-26 18:24:57,"ntc1_C",-3.61476145991213,983563
10,2026-08-26 18:24:57,"ntc2_C",-4.55062771462553,1018988
10,2026-08-26 18:24:57,"testSB_C",-4.13830708884774,1002800
11,2026-08-26 18:24:57,"ntc1_C",-3.59700789896726,983079
11,2026-08-26 18:24:57,"ntc2_C",-4.11589628129491,1003530
11,2026-08-26 18:24:57,"testSB_C",-3.59194402866183,981128
12,2026-08-26 18:24:57,"ntc1_C",-4.97573533030538,1038740
12,2026-08-26 18:24:57,"ntc2_C",-4.02288714243389,998791
12,2026-08-26 18:24:57,"testSB_C",-4.1549487232798,1003958
13,2026-08-26 18:24:57,"ntc1_C",-4.18332027603151,1008748
13,2026-08-26 18:24:57,"ntc2_C",-4.11053059616052,1000641
13,2026-08-26 18:24:57,"testSB_C",-3.6715314236281,984606
14,2026-08-26 18:24:57,"ntc1_C",-3.3851842162465,972333
14,2026-08-26 18:24:57,"ntc2_C",-4.31722194443529,1012187
14,2026-08-26 18:24:57,"testSB_C",-3.87907308644048,994213
15,2026-08-26 18:24:57,"ntc1_C",-3.89568450290852,991892
15,2026-08-26 18:24:57,"ntc2_C",-4.23034243865629,1008831
15,2026-08-26 18:24:57,"testSB_C",-4.62209392263321,1025196
16,2026-08-26 18:24:57,"ntc1_C",-3.73892274545108,986563
16,2026-08-26 18:24:57,"ntc2_C",-3.76176549799271,986864
16,2026-08-26 18:24:57,"testSB_C",-3.9480432968403,994291
17,2026-08-26 18:24:57,"ntc1_C",-3.74075735865648,986557
17,2026-08-26 18:24:57,"ntc2_C",-3.8859628143889,991995
17,2026-08-26 18:24:57,"testSB_C",-3.5510451393655,981580
18,2026-08-26 18:24:57,"ntc1_C",-3.74485259906072,989762
18,2026-08-26 18:24:57,"ntc2_C",-4.69738433379518,1026192
18,2026-08-26 18:24:57,"testSB_C",-4.08452925318801,1000171
19,2026-08-26 18:24:57,"ntc1_C",-3.91013790880618,996063
19,2026-08-26 18:24:57,"ntc2_C",-4.55020339799421,1021184
19,2026-08-26 18:24:57,"testSB_C",-4.1940541458435,1007919
20,2026-08-26 18:24:57,"ntc1_C",-3.72863074042925,986991
20,2026-08-26 18:24:57,"ntc2_C",-4.89534905673679,1036579
20,2026-08-26 18:24:57,"testSB_C",-3.81595803646439,989129
21,2026-08-26 18:24:57,"ntc1_C",-3.64183420308905,981867
21,2026-08-26 18:24:57,"ntc2_C",-5.0292412086261,1041096
21,2026-08-26 18:24:57,"testSB_C",-3.84216306062666,992253
22,2026-08-26 18:24:57,"ntc1_C",-3.59548321716215,982586
22,2026-08-26 18:24:57,"ntc2_C",-4.55170085751496,1022573
22,2026-08-26 18:24:57,"testSB_C",-3.94903188980993,995073
23,2026-08-26 18:24:57,"ntc1_C",-4.45249881148868,1019395
23,2026-08-26 18:24:57,"ntc2_C",-4.62095078374807,1023832
23,2026-08-26 18:24:57,"testSB_C",-4.27235354853326,1007760
24,2026-08-26 18:24:57,"ntc1_C",-3.74858893874051,988684
24,2026-08-26 18:24:57,"ntc2_C",-4.44403117976037,1018535
24,2026-08-26 18:24:57,"testSB_C",-3.8772114815514,991719
1,2026-08-26 21:24:56,"ntc1_C",-21.1641931183703,2002830
1,2026-08-26 21:24:56,"testSB_C",-21.0708560986193,1999247
2,2026-08-26 21:24:56,"ntc1_C",-20.9462023912697,1988229
2,2026-08-26 21:24:56,"ntc2_C",-20.8531094849579,1980181
2,2026-08-26 21:24:56,"testSB_C",-20.750862285613,1975250
3,2026-08-26 21:24:56,"ntc1_C",-20.7087970625535,1971897
3,2026-08-26 21:24:56,"ntc2_C",-20.5090644971484,1954570
3,2026-08-26 21:24:56,"testSB_C",-20.3052794116283,1937417
4,2026-08-26 21:24:56,"ntc1_C",-20.1557734943689,1927787
4,2026-08-26 21:24:56,"ntc2_C",-20.0585426683131,1915603
4,2026-08-26 21:24:56,"testSB_C",-19.964698253097,1908667
5,2026-08-26 21:24:56,"ntc1_C",-19.8524991078934,1900768
5,2026-08-26 21:24:56,"ntc2_C",-19.8093733027397,1899454
5,2026-08-26 21:24:56,"testSB_C",-19.7821341524144,1898939
6,2026-08-26 21:24:56,"ntc1_C",-19.7148525114418,1890414
6,2026-08-26 21:24:56,"ntc2_C",-19.7006353214389,1892080
6,2026-08-26 21:24:56,"testSB_C",-19.7052077095664,1892595
7,2026-08-26 21:24:56,"ntc1_C",-19.6271493901304,1884378
7,2026-08-26 21:24:56,"ntc2_C",-19.6387254780382,1888396
7,2026-08-26 21:24:56,"testSB_C",-19.6482652389379,1888774
8,2026-08-26 21:24:56,"ntc1_C",-19.5403337474366,1884446
8,2026-08-26 21:24:56,"ntc2_C",-19.538020392939,1876873
8,2026-08-26 21:24:56,"testSB_C",-19.5311148269567,1873100
9,2026-08-26 21:24:56,"ntc1_C",-19.5018003818197,1873393
9,2026-08-26 21:24:56,"ntc2_C",-19.4989520411762,1880145
9,2026-08-26 21:24:56,"testSB_C",-19.4640264165565,1874361
10,2026-08-26 21:24:56,"ntc1_C",-19.4506508726064,1873646
10,2026-08-26 21:24:56,"ntc2_C",-19.4082466347782,1866067
10,2026-08-26 21:24:56,"testSB_C",-19.4061439244608,1867427
11,2026-08-26 21:24:56,"ntc1_C",-19.3789020876532,1868564
11,2026-08-26 21:24:56,"ntc2_C",-19.3858225638826,1868589
11,2026-08-26 21:24:56,"testSB_C",-19.3597333899347,1864031
12,2026-08-26 21:24:56,"ntc1_C",-19.3498593565985,1864915
12,2026-08-26 21:24:56,"ntc2_C",-19.3261798999276,1862120
12,2026-08-26 21:24:56,"testSB_C",-19.3611376135916,1864741
13,2026-08-26 21:24:56,"ntc1_C",-19.3369736835339,1869353
13,2026-08-26 21:24:56,"ntc2_C",-19.3009006658012,1857680
13,2026-08-26 21:24:56,"testSB_C",-19.3094790980425,1861116
14,2026-08-26 21:24:56,"ntc1_C",-19.3082649667431,1858856
14,2026-08-26 21:24:56,"ntc2_C",-19.2969703969354,1862372
14,2026-08-26 21:24:56,"testSB_C",-19.2916010095474,1861920
15,2026-08-26 21:24:56,"ntc1_C",-19.2629920530733,1853912
15,2026-08-26 21:24:56,"ntc2_C",-19.283238267115,1862282
15,2026-08-26 21:24:56,"testSB_C",-19.2827629004454,1862509
16,2026-08-26 21:24:56,"ntc1_C",-19.2657734383015,1856557
16,2026-08-26 21:24:56,"ntc2_C",-19.2382667630759,1853611
16,2026-08-26 21:24:56,"testSB_C",-19.2475404872462,1854261
17,2026-08-26 21:24:56,"ntc1_C",-19.2356088820985,1854095
17,2026-08-26 21:24:56,"ntc2_C",-19.2329303739017,1852752
17,2026-08-26 21:24:56,"testSB_C",-19.2186993301309,1857412
18,2026-08-26 21:24:56,"ntc1_C",-19.2139939405229,1857503
18,2026-08-26 21:24:56,"ntc2_C",-19.2251167535303,1853383
18,2026-08-26 21:24:56,"testSB_C",-19.2138898821075,1852332
19,2026-08-26 21:24:56,"ntc1_C",-19.2069513151127,1856894
19,2026-08-26 21:24:56,"ntc2_C",-19.2033896283409,1854800
19,2026-08-26 21:24:56,"testSB_C",-19.1921938558309,1856560
20,2026-08-26 21:24:56,"ntc1_C",-19.1828725520728,1852145
20,2026-08-26 21:24:56,"ntc2_C",-19.1735860473961,1854411
20,2026-08-26 21:24:56,"testSB_C",-19.1654345520345,1848069
21,2026-08-26 21:24:56,"ntc1_C",-19.1516274998519,1845522
21,2026-08-26 21:24:56,"ntc2_C",-19.14892963053,1850310
21,2026-08-26 21:24:56,"testSB_C",-19.1382314345211,1849870
22,2026-08-26 21:24:56,"ntc1_C",-19.1291450708871,1849491
22,2026-08-26 21:24:56,"ntc2_C",-19.1228442176569,1850560
22,2026-08-26 21:24:56,"testSB_C",-19.1369144789994,1846993
23,2026-08-26 21:24:56,"ntc1_C",-19.139260906631,1853630
23,2026-08-26 21:24:56,"ntc2_C",-19.1106414899298,1847216
23,2026-08-26 21:24:56,"testSB_C",-19.1336734971808,1844706
24,2026-08-26 21:24:56,"ntc1_C",-19.0718801088101,1845327
24,2026-08-26 21:24:56,"ntc2_C",-19.0779222622451,1848348
24,2026-08-26 21:24:56,"testSB_C",-19.2216630225016,1852199
1,2026-08-27 00:24:56,"ntc1_C",-19.6824892607791,1886493
1,2026-08-27 00:24:56,"testSB_C",-19.6027496056215,1884175
2,2026-08-27 00:24:56,"ntc1_C",-19.4925681625427,1874819
2,2026-08-27 00:24:56,"ntc2_C",-19.4507468397508,1871087
2,2026-08-27 00:24:56,"testSB_C",-19.425439171124,1872333
3,2026-08-27 00:24:56,"ntc1_C",-19.4404898852483,1873427
3,2026-08-27 00:24:56,"ntc2_C",-19.3755941841088,1867036
3,2026-08-27 00:24:56,"testSB_C",-19.2949099159149,1859883
4,2026-08-27 00:24:56,"ntc1_C",-19.3525461080215,1866173
4,2026-08-27 00:24:56,"ntc2_C",-19.3286591112281,1859879
4,2026-08-27 00:24:56,"testSB_C",-19.2194004573884,1851978
5,2026-08-27 00:24:56,"ntc1_C",-19.1894218085391,1850427
5,2026-08-27 00:24:56,"ntc2_C",-19.1653125063572,1850594
5,2026-08-27 00:24:56,"testSB_C",-19.0975179840955,1847052
6,2026-08-27 00:24:56,"ntc1_C",-19.1052010391892,1844371
6,2026-08-27 00:24:56,"ntc2_C",-19.0924078954002,1846074
6,2026-08-27 00:24:56,"testSB_C",-19.0449119347632,1842699
7,2026-08-27 00:24:56,"ntc1_C",-19.0102938429049,1837890
7,2026-08-27 00:24:56,"ntc2_C",-19.073700079707,1845689
7,2026-08-27 00:24:56,"testSB_C",-18.9722217890927,1837793
8,2026-08-27 00:24:56,"ntc1_C",-18.9035906186469,1836491
8,2026-08-27 00:24:56,"ntc2_C",-18.9066678710504,1829500
8,2026-08-27 00:24:56,"testSB_C",-18.9545567871994,1829873
9,2026-08-27 00:24:56,"ntc1_C",-18.8562862558798,1825068
9,2026-08-27 00:24:56,"ntc2_C",-18.8383180934068,1830505
9,2026-08-27 00:24:56,"testSB_C",-18.8332101912127,1827077
10,2026-08-27 00:24:56,"ntc1_C",-18.8285428368169,1827053
10,2026-08-27 00:24:56,"ntc2_C",-18.8542845556832,1824666
10,2026-08-27 00:24:56,"testSB_C",-18.7830753846809,1820879
11,2026-08-27 00:24:56,"ntc1_C",-18.7424826700635,1821030
11,2026-08-27 00:24:56,"ntc2_C",-18.7568982385614,1821595
11,2026-08-27 00:24:56,"testSB_C",-18.7680641501504,1819893
12,2026-08-27 00:24:56,"ntc1_C",-18.8110064098833,1824667
12,2026-08-27 00:24:56,"ntc2_C",-18.7462370236391,1818897
12,2026-08-27 00:24:56,"testSB_C",-18.6986598308463,1815361
13,2026-08-27 00:24:56,"ntc1_C",-18.7093235967448,1822443
13,2026-08-27 00:24:56,"ntc2_C",-18.6480719321371,1809176
13,2026-08-27 00:24:56,"testSB_C",-18.5996634909259,1808357
14,2026-08-27 00:24:56,"ntc1_C",-18.5959731920807,1805989
14,2026-08-27 00:24:56,"ntc2_C",-18.6052028938658,1810924
14,2026-08-27 00:24:56,"testSB_C",-18.5920598539365,1809908
15,2026-08-27 00:24:56,"ntc1_C",-18.5485751192883,1801028
15,2026-08-27 00:24:56,"ntc2_C",-18.6014303096258,1811538
15,2026-08-27 00:24:56,"testSB_C",-18.5526942590043,1808228
16,2026-08-27 00:24:56,"ntc1_C",-18.5053579845305,1800214
16,2026-08-27 00:24:56,"ntc2_C",-18.4348136011218,1794204
16,2026-08-27 00:24:56,"testSB_C",-18.4510690982337,1795341
17,2026-08-27 00:24:56,"ntc1_C",-18.4325222706715,1794718
17,2026-08-27 00:24:56,"ntc2_C",-18.4194123259698,1792680
17,2026-08-27 00:24:56,"testSB_C",-18.3434589475069,1792698
18,2026-08-27 00:24:56,"ntc1_C",-18.3720637281126,1795228
18,2026-08-27 00:24:56,"ntc2_C",-18.3768214251927,1790797
18,2026-08-27 00:24:56,"testSB_C",-18.3533451413611,1788820
19,2026-08-27 00:24:56,"ntc1_C",-18.3194852209217,1791292
19,2026-08-27 00:24:56,"ntc2_C",-18.3285793254459,1790183
19,2026-08-27 00:24:56,"testSB_C",-18.3034770238408,1790869
20,2026-08-27 00:24:56,"ntc1_C",-18.2946427571766,1786627
20,2026-08-27 00:24:56,"ntc2_C",-18.2901082180493,1789170
20,2026-08-27 00:24:56,"testSB_C",-18.2813017366551,1782997
21,2026-08-27 00:24:56,"ntc1_C",-18.2220462260227,1777302
21,2026-08-27 00:24:56,"ntc2_C",-18.2746538255155,1785888
21,2026-08-27 00:24:56,"testSB_C",-18.2230119959239,1782492
22,2026-08-27 00:24:56,"ntc1_C",-18.2213033877862,1782658
22,2026-08-27 00:24:56,"ntc2_C",-18.2482047428254,1786120
22,2026-08-27 00:24:56,"testSB_C",-18.2073726050054,1778670
23,2026-08-27 00:24:56,"ntc1_C",-18.1961448417004,1784127
23,2026-08-27 00:24:56,"ntc2_C",-18.2296085415356,1782399
23,2026-08-27 00:24:56,"testSB_C",-18.171680611228,1774244
24,2026-08-27 00:24:56,"ntc1_C",-18.1340717891639,1776470
24,2026-08-27 00:24:56,"ntc2_C",-18.1509697871909,1780181
24,2026-08-27 00:24:56,"testSB_C",-18.1260007933207,1771731
1,2026-08-27 03:24:56,"ntc1_C",-19.3532188306823,1861513
1,2026-08-27 03:24:56,"testSB_C",-19.242162357077,1856876
2,2026-08-27 03:24:56,"ntc1_C",-19.1614511837829,1849848
2,2026-08-27 03:24:56,"ntc2_C",-19.1157201198112,1845872
2,2026-08-27 03:24:56,"testSB_C",-19.0926031730322,1847291
3,2026-08-27 03:24:56,"ntc1_C",-19.1154572575218,1848945
3,2026-08-27 03:24:56,"ntc2_C",-19.0636920816231,1843603
3,2026-08-27 03:24:56,"testSB_C",-18.9643530512747,1835157
4,2026-08-27 03:24:56,"ntc1_C",-19.0387852068158,1842612
4,2026-08-27 03:24:56,"ntc2_C",-18.9854740850093,1834209
4,2026-08-27 03:24:56,"testSB_C",-18.8998275720787,1828160
5,2026-08-27 03:24:56,"ntc1_C",-18.9038516871679,1829136
5,2026-08-27 03:24:56,"ntc2_C",-18.8974327432466,1830623
5,2026-08-27 03:24:56,"testSB_C",-18.8674044388424,1829914
6,2026-08-27 03:24:56,"ntc1_C",-18.8813505870194,1827732
6,2026-08-27 03:24:56,"ntc2_C",-18.84210189271,1827449
6,2026-08-27 03:24:56,"testSB_C",-18.854885358587,1828571
7,2026-08-27 03:24:56,"ntc1_C",-18.8167962044743,1823532
7,2026-08-27 03:24:56,"ntc2_C",-18.8346054643338,1827893
7,2026-08-27 03:24:56,"testSB_C",-18.7710622319364,1822876
8,2026-08-27 03:24:56,"ntc1_C",-18.7244586536326,1823209
8,2026-08-27 03:24:56,"ntc2_C",-18.7413587338535,1817284
8,2026-08-27 03:24:56,"testSB_C",-18.7746540960361,1816579
9,2026-08-27 03:24:56,"ntc1_C",-18.7270967506883,1815539
9,2026-08-27 03:24:56,"ntc2_C",-18.700804474903,1820329
9,2026-08-27 03:24:56,"testSB_C",-18.6705701287204,1815070
10,2026-08-27 03:24:56,"ntc1_C",-18.6856682381662,1816508
10,2026-08-27 03:24:56,"ntc2_C",-18.677858911125,1811664
10,2026-08-27 03:24:56,"testSB_C",-18.6646937549725,1812160
11,2026-08-27 03:24:56,"ntc1_C",-18.6101795472787,1811293
11,2026-08-27 03:24:56,"ntc2_C",-18.6379542248596,1812834
11,2026-08-27 03:24:56,"testSB_C",-18.6421169900878,1810626
12,2026-08-27 03:24:56,"ntc1_C",-18.6602685495185,1813556
12,2026-08-27 03:24:56,"ntc2_C",-18.5988150613085,1808062
12,2026-08-27 03:24:56,"testSB_C",-18.5680939043114,1805776
13,2026-08-27 03:24:56,"ntc1_C",-18.6060646347816,1814833
13,2026-08-27 03:24:56,"ntc2_C",-18.5749840789254,1803821
13,2026-08-27 03:24:56,"testSB_C",-18.5325284075213,1803441
14,2026-08-27 03:24:56,"ntc1_C",-18.5422233169899,1802058
14,2026-08-27 03:24:56,"ntc2_C",-18.5463133124284,1806607
14,2026-08-27 03:24:56,"testSB_C",-18.5331457394949,1805591
15,2026-08-27 03:24:56,"ntc1_C",-18.5198793490757,1798934
15,2026-08-27 03:24:56,"ntc2_C",-18.5656292269543,1808910
15,2026-08-27 03:24:56,"testSB_C",-18.5271204422692,1806354
16,2026-08-27 03:24:56,"ntc1_C",-18.4918372107009,1799227
16,2026-08-27 03:24:56,"ntc2_C",-18.4851471994496,1797872
16,2026-08-27 03:24:56,"testSB_C",-18.4730092454268,1796940
17,2026-08-27 03:24:56,"ntc1_C",-18.5347788316934,1802177
17,2026-08-27 03:24:56,"ntc2_C",-18.4694235817045,1796319
17,2026-08-27 03:24:56,"testSB_C",-18.4354528706755,1799398
18,2026-08-27 03:24:56,"ntc1_C",-18.4323560219385,1799621
18,2026-08-27 03:24:56,"ntc2_C",-18.4384297967141,1795274
18,2026-08-27 03:24:56,"testSB_C",-18.4368728025725,1794893
19,2026-08-27 03:24:56,"ntc1_C",-18.4134988418998,1798136
19,2026-08-27 03:24:56,"ntc2_C",-18.396356868088,1795112
19,2026-08-27 03:24:56,"testSB_C",-18.4211690625744,1799440
20,2026-08-27 03:24:56,"ntc1_C",-18.389574916976,1793523
20,2026-08-27 03:24:56,"ntc2_C",-18.4422556769567,1800248
20,2026-08-27 03:24:56,"testSB_C",-18.4104124388219,1792362
21,2026-08-27 03:24:56,"ntc1_C",-18.3709202609126,1788064
21,2026-08-27 03:24:56,"ntc2_C",-18.4097674712827,1795703
21,2026-08-27 03:24:56,"testSB_C",-18.3704275165026,1793185
22,2026-08-27 03:24:56,"ntc1_C",-18.3911940417707,1794988
22,2026-08-27 03:24:56,"ntc2_C",-18.4090584756032,1797809
22,2026-08-27 03:24:56,"testSB_C",-18.3945234625564,1792230
23,2026-08-27 03:24:56,"ntc1_C",-18.3983910842001,1798820
23,2026-08-27 03:24:56,"ntc2_C",-18.3699201723194,1792575
23,2026-08-27 03:24:56,"testSB_C",-18.3516759744943,1787231
24,2026-08-27 03:24:56,"ntc1_C",-18.336456333835,1791120
24,2026-08-27 03:24:56,"ntc2_C",-18.3506171618845,1794658
24,2026-08-27 03:24:56,"testSB_C",-18.3528810687122,1788116
1,2026-08-27 06:24:56,"ntc1_C",-20.3583145660615,1938752
1,2026-08-27 06:24:56,"testSB_C",-20.3177482355574,1939423
2,2026-08-27 06:24:56,"ntc1_C",-20.268007012137,1934543
2,2026-08-27 06:24:56,"ntc2_C",-20.2530156395468,1932790
2,2026-08-27 06:24:56,"testSB_C",-20.228565873107,1934079
3,2026-08-27 06:24:56,"ntc1_C",-20.1405711717002,1927197
3,2026-08-27 06:24:56,"ntc2_C",-20.1433888166476,1925919
3,2026-08-27 06:24:56,"testSB_C",-20.1211981289065,1923069
4,2026-08-27 06:24:56,"ntc1_C",-20.1196682533619,1924977
4,2026-08-27 06:24:56,"ntc2_C",-20.0961345432439,1918515
4,2026-08-27 06:24:56,"testSB_C",-20.1110438015941,1919988
5,2026-08-27 06:24:56,"ntc1_C",-20.1109148784961,1920733
5,2026-08-27 06:24:56,"ntc2_C",-20.082890766981,1920568
5,2026-08-27 06:24:56,"testSB_C",-20.1026053054399,1923695
6,2026-08-27 06:24:56,"ntc1_C",-20.0992043426722,1919994
6,2026-08-27 06:24:56,"ntc2_C",-20.0674275383242,1920342
6,2026-08-27 06:24:56,"testSB_C",-20.0857264242064,1921923
7,2026-08-27 06:24:56,"ntc1_C",-20.0666873828798,1918175
7,2026-08-27 06:24:56,"ntc2_C",-20.0430288444578,1919523
7,2026-08-27 06:24:56,"testSB_C",-20.0658040396335,1920922
8,2026-08-27 06:24:56,"ntc1_C",-20.0391703559265,1922834
8,2026-08-27 06:24:56,"ntc2_C",-20.0479290309787,1915973
8,2026-08-27 06:24:56,"testSB_C",-20.0284850568387,1911160
9,2026-08-27 06:24:56,"ntc1_C",-20.043018220323,1914835
9,2026-08-27 06:24:56,"ntc2_C",-20.0117516124105,1919546
9,2026-08-27 06:24:56,"testSB_C",-20.01473553672,1916579
10,2026-08-27 06:24:56,"ntc1_C",-20.007899288491,1916328
10,2026-08-27 06:24:56,"ntc2_C",-19.9852845414651,1910132
10,2026-08-27 06:24:56,"testSB_C",-19.9988096997029,1912742
11,2026-08-27 06:24:56,"ntc1_C",-19.9894900679185,1915265
11,2026-08-27 06:24:56,"ntc2_C",-19.9769287841511,1913796
11,2026-08-27 06:24:56,"testSB_C",-19.9744443715,1910955
12,2026-08-27 06:24:56,"ntc1_C",-19.9431546575186,1910196
12,2026-08-27 06:24:56,"ntc2_C",-19.9450541789132,1909311
12,2026-08-27 06:24:56,"testSB_C",-19.9478889562583,1909531
13,2026-08-27 06:24:56,"ntc1_C",-19.9450780898722,1915885
13,2026-08-27 06:24:56,"ntc2_C",-19.9220268085983,1904965
13,2026-08-27 06:24:56,"testSB_C",-19.9248969476567,1908030
14,2026-08-27 06:24:56,"ntc1_C",-19.9295182294635,1906155
14,2026-08-27 06:24:56,"ntc2_C",-19.9158225387195,1909562
14,2026-08-27 06:24:56,"testSB_C",-19.9139320917477,1909372
15,2026-08-27 06:24:56,"ntc1_C",-19.9134048892776,1903330
15,2026-08-27 06:24:56,"ntc2_C",-19.8898693794472,1908555
15,2026-08-27 06:24:56,"testSB_C",-19.8866182739292,1908563
16,2026-08-27 06:24:56,"ntc1_C",-19.8942776687249,1904378
16,2026-08-27 06:24:56,"ntc2_C",-19.8889878096121,1903081
16,2026-08-27 06:24:56,"testSB_C",-19.8772423804001,1902131
17,2026-08-27 06:24:56,"ntc1_C",-19.8957615059198,1904288
17,2026-08-27 06:24:56,"ntc2_C",-19.872308589133,1901294
17,2026-08-27 06:24:56,"testSB_C",-19.8809578760629,1907837
18,2026-08-27 06:24:56,"ntc1_C",-19.8709720934186,1907508
18,2026-08-27 06:24:56,"ntc2_C",-19.8516519669049,1900928
18,2026-08-27 06:24:56,"testSB_C",-19.8425569904839,1900070
19,2026-08-27 06:24:56,"ntc1_C",-19.8314342706886,1904409
19,2026-08-27 06:24:56,"ntc2_C",-19.8247998114274,1902031
19,2026-08-27 06:24:56,"testSB_C",-19.8175785335088,1904143
20,2026-08-27 06:24:56,"ntc1_C",-19.8114753252924,1899877
20,2026-08-27 06:24:56,"ntc2_C",-19.7914772815239,1901368
20,2026-08-27 06:24:56,"testSB_C",-19.7861552108174,1895088
21,2026-08-27 06:24:56,"ntc1_C",-19.7828745286477,1893252
21,2026-08-27 06:24:56,"ntc2_C",-19.7741249975839,1897718
21,2026-08-27 06:24:56,"testSB_C",-19.7887517871882,1899216
22,2026-08-27 06:24:56,"ntc1_C",-19.762846885096,1897538
22,2026-08-27 06:24:56,"ntc2_C",-19.752895428063,1898334
22,2026-08-27 06:24:56,"testSB_C",-19.7756722344925,1895373
23,2026-08-27 06:24:56,"ntc1_C",-19.7504744910545,1900031
23,2026-08-27 06:24:56,"ntc2_C",-19.7398414777128,1894863
23,2026-08-27 06:24:56,"testSB_C",-19.7770261427576,1893292
24,2026-08-27 06:24:56,"ntc1_C",-19.7522716593972,1896855
24,2026-08-27 06:24:56,"ntc2_C",-19.7316735777695,1897900
24,2026-08-27 06:24:56,"testSB_C",-19.7302465982767,1890714
1,2026-08-27 09:24:56,"ntc1_C",-13.6086802117521,1473445
1,2026-08-27 09:24:56,"testSB_C",-13.8235684703262,1489564
2,2026-08-27 09:24:56,"ntc1_C",-14.1038071839104,1505814
2,2026-08-27 09:24:56,"ntc2_C",-13.6676257801112,1478826
2,2026-08-27 09:24:56,"testSB_C",-14.7096319556202,1545979
3,2026-08-27 09:24:56,"ntc1_C",-10.9278801303226,1324823
3,2026-08-27 09:24:56,"ntc2_C",-11.6903474645212,1365419
3,2026-08-27 09:24:56,"testSB_C",-12.0066715954812,1382542
4,2026-08-27 09:24:56,"ntc1_C",-13.1659568600605,1450897
4,2026-08-27 09:24:56,"ntc2_C",-11.3423347103506,1343620
4,2026-08-27 09:24:56,"testSB_C",-13.9996665922279,1497769
5,2026-08-27 09:24:56,"ntc1_C",-13.9395023854285,1494504
5,2026-08-27 09:24:56,"ntc2_C",-11.1917936681333,1337565
5,2026-08-27 09:24:56,"testSB_C",-11.76259817967,1370200
6,2026-08-27 09:24:56,"ntc1_C",-14.1458464859798,1507666
6,2026-08-27 09:24:56,"ntc2_C",-13.1642500938624,1450380
6,2026-08-27 09:24:56,"testSB_C",-14.0167074681029,1501948
7,2026-08-27 09:24:56,"ntc1_C",-13.592149550686,1474178
7,2026-08-27 09:24:56,"ntc2_C",-13.098482379406,1447216
7,2026-08-27 09:24:56,"testSB_C",-13.4471245220979,1467832
8,2026-08-27 09:24:56,"ntc1_C",-13.9731649358602,1502737
8,2026-08-27 09:24:56,"ntc2_C",-14.0069512587327,1498859
8,2026-08-27 09:24:56,"testSB_C",-13.3148738562344,1454567
9,2026-08-27 09:24:56,"ntc1_C",-12.1311929269194,1387961
9,2026-08-27 09:24:56,"ntc2_C",-13.7218997487741,1486384
9,2026-08-27 09:24:56,"testSB_C",-14.0891792288877,1506332
10,2026-08-27 09:24:56,"ntc1_C",-11.9769792648617,1382385
10,2026-08-27 09:24:56,"ntc2_C",-13.4401255857177,1463830
10,2026-08-27 09:24:56,"testSB_C",-14.1704951221462,1509275
11,2026-08-27 09:24:56,"ntc1_C",-13.5916892633902,1476790
11,2026-08-27 09:24:56,"ntc2_C",-13.2771289245723,1457473
11,2026-08-27 09:24:56,"testSB_C",-13.8239317253122,1488286
12,2026-08-27 09:24:56,"ntc1_C",-12.9240093525463,1435971
12,2026-08-27 09:24:56,"ntc2_C",-12.3567275045384,1402336
12,2026-08-27 09:24:56,"testSB_C",-13.9919132616762,1498948
13,2026-08-27 09:24:56,"ntc1_C",-11.4916751904356,1358389
13,2026-08-27 09:24:56,"ntc2_C",-13.3282146446395,1456843
13,2026-08-27 09:24:56,"testSB_C",-13.8242489250457,1488971
14,2026-08-27 09:24:56,"ntc1_C",-11.9389673838501,1377209
14,2026-08-27 09:24:56,"ntc2_C",-13.6169820005995,1478331
14,2026-08-27 09:24:56,"testSB_C",-13.6593702997016,1480797
15,2026-08-27 09:24:56,"ntc1_C",-13.9503581488626,1493766
15,2026-08-27 09:24:56,"ntc2_C",-13.3634942374557,1463677
15,2026-08-27 09:24:56,"testSB_C",-13.1922831387144,1453751
16,2026-08-27 09:24:56,"ntc1_C",-13.9364970983939,1494730
16,2026-08-27 09:24:56,"ntc2_C",-13.8052014600801,1485956
16,2026-08-27 09:24:56,"testSB_C",-13.7233263260576,1480949
17,2026-08-27 09:24:56,"ntc1_C",-13.7242495267146,1481710
17,2026-08-27 09:24:56,"ntc2_C",-13.7959482770171,1485255
17,2026-08-27 09:24:56,"testSB_C",-12.0899120851153,1389668
18,2026-08-27 09:24:56,"ntc1_C",-13.9046341113115,1496928
18,2026-08-27 09:24:56,"ntc2_C",-13.5731771811455,1472976
18,2026-08-27 09:24:56,"testSB_C",-13.955024200635,1495539
19,2026-08-27 09:24:56,"ntc1_C",-11.6816634708442,1366887
19,2026-08-27 09:24:56,"ntc2_C",-13.8727103872993,1493231
19,2026-08-27 09:24:56,"testSB_C",-13.6192446345578,1479932
20,2026-08-27 09:24:56,"ntc1_C",-11.8617286814047,1374642
20,2026-08-27 09:24:56,"ntc2_C",-13.0375708910443,1444615
20,2026-08-27 09:24:56,"testSB_C",-13.6009712125239,1473633
21,2026-08-27 09:24:56,"ntc1_C",-11.3421360772798,1343053
21,2026-08-27 09:24:56,"ntc2_C",-13.3288810945359,1460184
21,2026-08-27 09:24:56,"testSB_C",-11.3110858423084,1344958
22,2026-08-27 09:24:56,"ntc1_C",-11.1287041149969,1335205
22,2026-08-27 09:24:56,"ntc2_C",-13.3409233759411,1462754
22,2026-08-27 09:24:56,"testSB_C",-11.1360143787467,1333320
23,2026-08-27 09:24:56,"ntc1_C",-10.6818565893346,1313664
23,2026-08-27 09:24:56,"ntc2_C",-13.4843733336548,1469259
23,2026-08-27 09:24:56,"testSB_C",-11.5144910948009,1353149
24,2026-08-27 09:24:56,"ntc1_C",-10.9099931083956,1323393
24,2026-08-27 09:24:56,"ntc2_C",-13.6962543715,1484949
24,2026-08-27 09:24:56,"testSB_C",-9.61310374872909,1252339
1,2026-08-27 12:24:56,"ntc1_C",-7.95711354456449,1169876
1,2026-08-27 12:24:56,"testSB_C",-8.01448725568167,1175231
2,2026-08-27 12:24:56,"ntc1_C",-8.38087505372573,1192124
2,2026-08-27 12:24:56,"ntc2_C",-8.16928806937057,1181571
2,2026-08-27 12:24:56,"testSB_C",-7.92969579622985,1172649
3,2026-08-27 12:24:56,"ntc1_C",-5.90305572768159,1079554
3,2026-08-27 12:24:56,"ntc2_C",-6.26480572807117,1094427
3,2026-08-27 12:24:56,"testSB_C",-7.01285099290538,1127862
4,2026-08-27 12:24:56,"ntc1_C",-6.02272954289936,1084262
4,2026-08-27 12:24:56,"ntc2_C",-6.00542353026805,1080978
4,2026-08-27 12:24:56,"testSB_C",-6.7943777479968,1116428
5,2026-08-27 12:24:56,"ntc1_C",-6.81484419554545,1117487
5,2026-08-27 12:24:56,"ntc2_C",-6.43900798788906,1102001
5,2026-08-27 12:24:56,"testSB_C",-6.74292241899286,1116586
6,2026-08-27 12:24:56,"ntc1_C",-6.95708179233498,1124675
6,2026-08-27 12:24:56,"ntc2_C",-6.4227140128977,1101711
6,2026-08-27 12:24:56,"testSB_C",-7.78337594742197,1164756
7,2026-08-27 12:24:56,"ntc1_C",-6.54457219393208,1105823
7,2026-08-27 12:24:56,"ntc2_C",-6.04698968136938,1085508
7,2026-08-27 12:24:56,"testSB_C",-6.89303726652003,1123570
8,2026-08-27 12:24:56,"ntc1_C",-6.83409357084133,1123063
8,2026-08-27 12:24:56,"ntc2_C",-6.71841691366438,1113395
8,2026-08-27 12:24:56,"testSB_C",-6.27925036937347,1091756
9,2026-08-27 12:24:56,"ntc1_C",-6.73886784289124,1114027
9,2026-08-27 12:24:56,"ntc2_C",-6.30934479839163,1098477
9,2026-08-27 12:24:56,"testSB_C",-7.31861638161882,1142709
10,2026-08-27 12:24:56,"ntc1_C",-6.62382285263641,1111362
10,2026-08-27 12:24:56,"ntc2_C",-6.09578126326761,1084993
10,2026-08-27 12:24:56,"testSB_C",-6.70917654982691,1113218
11,2026-08-27 12:24:56,"ntc1_C",-6.91388045958087,1124790
11,2026-08-27 12:24:56,"ntc2_C",-6.26893146654822,1095217
11,2026-08-27 12:24:56,"testSB_C",-6.447817471017,1101714
12,2026-08-27 12:24:56,"ntc1_C",-5.95887939258125,1081061
12,2026-08-27 12:24:56,"ntc2_C",-6.12993546517413,1087988
12,2026-08-27 12:24:56,"testSB_C",-7.64910090930596,1157184
13,2026-08-27 12:24:56,"ntc1_C",-6.52434477627338,1109387
13,2026-08-27 12:24:56,"ntc2_C",-6.04489741638878,1082434
13,2026-08-27 12:24:56,"testSB_C",-6.2728556391013,1094303
14,2026-08-27 12:24:56,"ntc1_C",-6.29223078900628,1094076
14,2026-08-27 12:24:56,"ntc2_C",-6.01346643045059,1084354
14,2026-08-27 12:24:56,"testSB_C",-6.27378926362064,1095746
15,2026-08-27 12:24:56,"ntc1_C",-6.41152853405811,1098541
15,2026-08-27 12:24:56,"ntc2_C",-5.87305527875947,1078431
15,2026-08-27 12:24:56,"testSB_C",-5.89678125548033,1079685
16,2026-08-27 12:24:56,"ntc1_C",-6.43414490264485,1100688
16,2026-08-27 12:24:56,"ntc2_C",-6.11221814192726,1085713
16,2026-08-27 12:24:56,"testSB_C",-6.34595004607377,1096033
17,2026-08-27 12:24:56,"ntc1_C",-6.15054755404407,1087978
17,2026-08-27 12:24:56,"ntc2_C",-6.15243508761785,1087603
17,2026-08-27 12:24:56,"testSB_C",-6.52374666689377,1107516
18,2026-08-27 12:24:56,"ntc1_C",-6.2881554322397,1097405
18,2026-08-27 12:24:56,"ntc2_C",-6.15014609320781,1088537
18,2026-08-27 12:24:56,"testSB_C",-6.38086938636246,1097990
19,2026-08-27 12:24:56,"ntc1_C",-6.45874967431371,1104705
19,2026-08-27 12:24:56,"ntc2_C",-6.35708810819688,1098994
19,2026-08-27 12:24:56,"testSB_C",-6.17063488226057,1092195
20,2026-08-27 12:24:56,"ntc1_C",-6.278575295596,1094706
20,2026-08-27 12:24:56,"ntc2_C",-5.79459547233193,1075161
20,2026-08-27 12:24:56,"testSB_C",-5.96141242616045,1079157
21,2026-08-27 12:24:56,"ntc1_C",-6.31521704334557,1094353
21,2026-08-27 12:24:56,"ntc2_C",-5.87577580973533,1077531
21,2026-08-27 12:24:56,"testSB_C",-6.68255587044092,1113621
22,2026-08-27 12:24:56,"ntc1_C",-6.39897039781869,1101049
22,2026-08-27 12:24:56,"ntc2_C",-5.81834848054734,1076527
22,2026-08-27 12:24:56,"testSB_C",-6.61957024961612,1109078
23,2026-08-27 12:24:56,"ntc1_C",-7.14195858205903,1137141
23,2026-08-27 12:24:56,"ntc2_C",-7.1314097396712,1133838
23,2026-08-27 12:24:56,"testSB_C",-8.12328943625613,1178460
24,2026-08-27 12:24:56,"ntc1_C",-7.9437654316273,1172559
24,2026-08-27 12:24:56,"ntc2_C",-7.09142272598723,1134254
24,2026-08-27 12:24:56,"testSB_C",-7.04896069360717,1128086
1,2026-08-27 15:24:57,"ntc1_C",-4.36347929791145,1010763
1,2026-08-27 15:24:57,"testSB_C",-4.59393801727907,1022610
2,2026-08-27 15:24:57,"ntc1_C",-4.73346853099167,1027671
2,2026-08-27 15:24:57,"ntc2_C",-4.20021995674756,1005421
2,2026-08-27 15:24:57,"testSB_C",-4.58491508197085,1023614
3,2026-08-27 15:24:57,"ntc1_C",-2.82446076152479,952845
3,2026-08-27 15:24:57,"ntc2_C",-2.87416319894754,953729
3,2026-08-27 15:24:57,"testSB_C",-2.65587840232558,945100
4,2026-08-27 15:24:57,"ntc1_C",-2.74403043455425,949229
4,2026-08-27 15:24:57,"ntc2_C",-2.7178749426534,946055
4,2026-08-27 15:24:57,"testSB_C",-2.74053108980871,947096
5,2026-08-27 15:24:57,"ntc1_C",-2.86917198508081,952059
5,2026-08-27 15:24:57,"ntc2_C",-2.88813106537231,954149
5,2026-08-27 15:24:57,"testSB_C",-2.70478966287766,947817
6,2026-08-27 15:24:57,"ntc1_C",-3.02248696424141,958707
6,2026-08-27 15:24:57,"ntc2_C",-2.91783607151609,955626
6,2026-08-27 15:24:57,"testSB_C",-2.87281407767108,954179
7,2026-08-27 15:24:57,"ntc1_C",-2.65529531349392,944351
7,2026-08-27 15:24:57,"ntc2_C",-2.88205710943367,954682
7,2026-08-27 15:24:57,"testSB_C",-3.05263560035701,961399
8,2026-08-27 15:24:57,"ntc1_C",-2.93314443399436,958564
8,2026-08-27 15:24:57,"ntc2_C",-2.68257733219076,945208
8,2026-08-27 15:24:57,"testSB_C",-2.89679390151298,951761
9,2026-08-27 15:24:57,"ntc1_C",-2.78529388122814,948927
9,2026-08-27 15:24:57,"ntc2_C",-2.62133064823433,945777
9,2026-08-27 15:24:57,"testSB_C",-2.81367396141269,951661
10,2026-08-27 15:24:57,"ntc1_C",-2.76217250013553,950203
10,2026-08-27 15:24:57,"ntc2_C",-2.70082056358751,945421
10,2026-08-27 15:24:57,"testSB_C",-2.99427854130585,957381
11,2026-08-27 15:24:57,"ntc1_C",-2.99095612915903,959258
11,2026-08-27 15:24:57,"ntc2_C",-2.70635264737638,947858
11,2026-08-27 15:24:57,"testSB_C",-2.75037359918184,948277
12,2026-08-27 15:24:57,"ntc1_C",-2.77140400464913,949985
12,2026-08-27 15:24:57,"ntc2_C",-2.61736497729942,943547
12,2026-08-27 15:24:57,"testSB_C",-2.95745894566085,956420
13,2026-08-27 15:24:57,"ntc1_C",-2.92716185724811,958698
13,2026-08-27 15:24:57,"ntc2_C",-2.5641658622622,939887
13,2026-08-27 15:24:57,"testSB_C",-2.73145392123945,947830
14,2026-08-27 15:24:57,"ntc1_C",-2.5778255840973,941086
14,2026-08-27 15:24:57,"ntc2_C",-2.75433497775623,950106
14,2026-08-27 15:24:57,"testSB_C",-2.81062816585404,952114
15,2026-08-27 15:24:57,"ntc1_C",-2.85980894168949,951161
15,2026-08-27 15:24:57,"ntc2_C",-2.62107575729641,945166
15,2026-08-27 15:24:57,"testSB_C",-2.84061147712549,953782
16,2026-08-27 15:24:57,"ntc1_C",-2.94534050270238,955357
16,2026-08-27 15:24:57,"ntc2_C",-2.64143888406454,943088
16,2026-08-27 15:24:57,"testSB_C",-2.82218372305158,949956
17,2026-08-27 15:24:57,"ntc1_C",-2.61628933509621,942643
17,2026-08-27 15:24:57,"ntc2_C",-2.74712729008445,947292
17,2026-08-27 15:24:57,"testSB_C",-2.85190336672781,954182
18,2026-08-27 15:24:57,"ntc1_C",-2.73454890245523,950100
18,2026-08-27 15:24:57,"ntc2_C",-3.01731482794423,958686
18,2026-08-27 15:24:57,"testSB_C",-2.90717556765549,953571
19,2026-08-27 15:24:57,"ntc1_C",-2.82846533631351,953364
19,2026-08-27 15:24:57,"ntc2_C",-3.00325091483859,959112
19,2026-08-27 15:24:57,"testSB_C",-2.83189317421119,953793
20,2026-08-27 15:24:57,"ntc1_C",-2.70046192780376,946730
20,2026-08-27 15:24:57,"ntc2_C",-2.76621643109058,950849
20,2026-08-27 15:24:57,"testSB_C",-2.45212639332419,935993
21,2026-08-27 15:24:57,"ntc1_C",-2.70368882754821,945302
21,2026-08-27 15:24:57,"ntc2_C",-2.88257086961573,954320
21,2026-08-27 15:24:57,"testSB_C",-3.02652413189617,960002
22,2026-08-27 15:24:57,"ntc1_C",-2.70857053574491,947933
22,2026-08-27 15:24:57,"ntc2_C",-2.67414849736542,947715
22,2026-08-27 15:24:57,"testSB_C",-3.04422846579143,959268
23,2026-08-27 15:24:57,"ntc1_C",-3.05907884677021,963430
23,2026-08-27 15:24:57,"ntc2_C",-2.79612650982176,950858
23,2026-08-27 15:24:57,"testSB_C",-3.06420985842743,959654
24,2026-08-27 15:24:57,"ntc1_C",-2.78012541034434,950652
24,2026-08-27 15:24:57,"ntc2_C",-2.96444369237821,959260
24,2026-08-27 15:24:57,"testSB_C",-3.03170072084919,958338
1,2026-08-27 18:24:57,"ntc1_C",-7.62633486125105,1154209
1,2026-08-27 18:24:57,"testSB_C",-7.87593154814004,1168615
2,2026-08-27 18:24:57,"ntc1_C",-7.49193130583632,1149702
2,2026-08-27 18:24:57,"ntc2_C",-6.98739959328259,1126023
2,2026-08-27 18:24:57,"testSB_C",-7.53130292414619,1153785
3,2026-08-27 18:24:57,"ntc1_C",-6.00742898266634,1084144
3,2026-08-27 18:24:57,"ntc2_C",-5.86935533733657,1076965
3,2026-08-27 18:24:57,"testSB_C",-5.52111714603006,1061485
4,2026-08-27 18:24:57,"ntc1_C",-5.9927728827405,1082942
4,2026-08-27 18:24:57,"ntc2_C",-5.98026531707887,1079873
4,2026-08-27 18:24:57,"testSB_C",-5.5205625825667,1060077
5,2026-08-27 18:24:57,"ntc1_C",-5.64921710020792,1065727
5,2026-08-27 18:24:57,"ntc2_C",-5.91853194037873,1078924
5,2026-08-27 18:24:57,"testSB_C",-5.56272186469471,1064262
6,2026-08-27 18:24:57,"ntc1_C",-5.75507218861122,1071032
6,2026-08-27 18:24:57,"ntc2_C",-5.97176070874639,1081686
6,2026-08-27 18:24:57,"testSB_C",-5.6450982704622,1067705
7,2026-08-27 18:24:57,"ntc1_C",-5.48352222893317,1059117
7,2026-08-27 18:24:57,"ntc2_C",-6.1440502073126,1089802
7,2026-08-27 18:24:57,"testSB_C",-5.56079506459309,1064323
8,2026-08-27 18:24:57,"ntc1_C",-5.65308945853235,1070383
8,2026-08-27 18:24:57,"ntc2_C",-5.41445249079487,1055899
8,2026-08-27 18:24:57,"testSB_C",-5.90386925785305,1075218
9,2026-08-27 18:24:57,"ntc1_C",-5.4803240508906,1058461
9,2026-08-27 18:24:57,"ntc2_C",-5.61915381031633,1068067
9,2026-08-27 18:24:57,"testSB_C",-5.58743742211345,1064980
10,2026-08-27 18:24:57,"ntc1_C",-5.49585286295189,1061552
10,2026-08-27 18:24:57,"ntc2_C",-5.89335694220472,1076100
10,2026-08-27 18:24:57,"testSB_C",-5.80722163170952,1073114
11,2026-08-27 18:24:57,"ntc1_C",-5.56380273417614,1064716
11,2026-08-27 18:24:57,"ntc2_C",-5.70543248436053,1070413
11,2026-08-27 18:24:57,"testSB_C",-5.52214414109415,1061031
12,2026-08-27 18:24:57,"ntc1_C",-6.05168676489404,1085147
12,2026-08-27 18:24:57,"ntc2_C",-5.61237550464926,1065341
12,2026-08-27 18:24:57,"testSB_C",-5.77488458509509,1072208
13,2026-08-27 18:24:57,"ntc1_C",-5.7327586600818,1074245
13,2026-08-27 18:24:57,"ntc2_C",-5.56075313421269,1061334
13,2026-08-27 18:24:57,"testSB_C",-5.45574721993603,1058545
14,2026-08-27 18:24:57,"ntc1_C",-5.21917031196921,1047396
14,2026-08-27 18:24:57,"ntc2_C",-5.71136702885212,1071122
14,2026-08-27 18:24:57,"testSB_C",-5.58435125636731,1065460
15,2026-08-27 18:24:57,"ntc1_C",-5.56267206349082,1061290
15,2026-08-27 18:24:57,"ntc2_C",-5.6733771514522,1069712
15,2026-08-27 18:24:57,"testSB_C",-5.9168177650343,1080565
16,2026-08-27 18:24:57,"ntc1_C",-5.58753089332248,1063437
16,2026-08-27 18:24:57,"ntc2_C",-5.49035258228366,1058602
16,2026-08-27 18:24:57,"testSB_C",-5.54505242296659,1060904
17,2026-08-27 18:24:57,"ntc1_C",-5.39955586035393,1055262
17,2026-08-27 18:24:57,"ntc2_C",-5.5238410929619,1060168
17,2026-08-27 18:24:57,"testSB_C",-5.46115785447699,1060684
18,2026-08-27 18:24:57,"ntc1_C",-5.39234039905358,1058172
18,2026-08-27 18:24:57,"ntc2_C",-5.93943199862963,1079257
18,2026-08-27 18:24:57,"testSB_C",-5.63403562720544,1065135
19,2026-08-27 18:24:57,"ntc1_C",-5.50067534644643,1062494
19,2026-08-27 18:24:57,"ntc2_C",-5.79874786549681,1074317
19,2026-08-27 18:24:57,"testSB_C",-5.64788070763683,1069221
20,2026-08-27 18:24:57,"ntc1_C",-5.32508944486148,1053071
20,2026-08-27 18:24:57,"ntc2_C",-5.92620755501878,1080931
20,2026-08-27 18:24:57,"testSB_C",-5.28442956999214,1049867
21,2026-08-27 18:24:57,"ntc1_C",-5.3514258135877,1052336
21,2026-08-27 18:24:57,"ntc2_C",-6.00521308091061,1083217
21,2026-08-27 18:24:57,"testSB_C",-5.6378978566218,1067291
22,2026-08-27 18:24:57,"ntc1_C",-5.30875131068325,1053314
22,2026-08-27 18:24:57,"ntc2_C",-5.67111753594861,1070107
22,2026-08-27 18:24:57,"testSB_C",-5.66094940459112,1066674
23,2026-08-27 18:24:57,"ntc1_C",-5.82122071971128,1077659
23,2026-08-27 18:24:57,"ntc2_C",-5.72322985402985,1070709
23,2026-08-27 18:24:57,"testSB_C",-5.76897425646195,1070850
24,2026-08-27 18:24:57,"ntc1_C",-5.38166088376227,1056441
24,2026-08-27 18:24:57,"ntc2_C",-5.7539139423036,1074185
24,2026-08-27 18:24:57,"testSB_C",-5.45875424366619,1057446
1,2026-08-27 21:24:56,"ntc1_C",-17.0836636724371,1697669
1,2026-08-27 21:24:56,"testSB_C",-17.0172116719225,1696553
2,2026-08-27 21:24:56,"ntc1_C",-16.8647202905464,1685137
2,2026-08-27 21:24:56,"ntc2_C",-16.8428771404927,1683145
2,2026-08-27 21:24:56,"testSB_C",-16.7871043909218,1682367
3,2026-08-27 21:24:56,"ntc1_C",-16.8221451477102,1684648
3,2026-08-27 21:24:56,"ntc2_C",-16.7620889097001,1679128
3,2026-08-27 21:24:56,"testSB_C",-16.7231352339751,1675577
4,2026-08-27 21:24:56,"ntc1_C",-16.7293818704409,1677694
4,2026-08-27 21:24:56,"ntc2_C",-16.7262130551659,1673446
4,2026-08-27 21:24:56,"testSB_C",-16.6753617398697,1670271
5,2026-08-27 21:24:56,"ntc1_C",-16.6677573901259,1670301
5,2026-08-27 21:24:56,"ntc2_C",-16.664761010526,1671971
5,2026-08-27 21:24:56,"testSB_C",-16.617221495767,1670119
6,2026-08-27 21:24:56,"ntc1_C",-16.6034214117637,1666341
6,2026-08-27 21:24:56,"ntc2_C",-16.6129380145507,1669285
6,2026-08-27 21:24:56,"testSB_C",-16.5930752285986,1668139
7,2026-08-27 21:24:56,"ntc1_C",-16.5794544751619,1665092
7,2026-08-27 21:24:56,"ntc2_C",-16.6032597074519,1669506
7,2026-08-27 21:24:56,"testSB_C",-16.5578212382068,1666192
8,2026-08-27 21:24:56,"ntc1_C",-16.5460750076275,1668837
8,2026-08-27 21:24:56,"ntc2_C",-16.5211772413447,1660568
8,2026-08-27 21:24:56,"testSB_C",-16.5621042321804,1660430
9,2026-08-27 21:24:56,"ntc1_C",-16.5024482699564,1658705
9,2026-08-27 21:24:56,"ntc2_C",-16.4917940517396,1664068
9,2026-08-27 21:24:56,"testSB_C",-16.4840446548405,1660777
10,2026-08-27 21:24:56,"ntc1_C",-16.4609342632198,1659610
10,2026-08-27 21:24:56,"ntc2_C",-16.4874590741597,1657423
10,2026-08-27 21:24:56,"testSB_C",-16.4596760911495,1656860
11,2026-08-27 21:24:56,"ntc1_C",-16.4073586106795,1656296
11,2026-08-27 21:24:56,"ntc2_C",-16.432951553653,1657523
11,2026-08-27 21:24:56,"testSB_C",-16.4241373713738,1654629
12,2026-08-27 21:24:56,"ntc1_C",-16.4400735191185,1657198
12,2026-08-27 21:24:56,"ntc2_C",-16.4123670148381,1654424
12,2026-08-27 21:24:56,"testSB_C",-16.3912082950594,1652916
13,2026-08-27 21:24:56,"ntc1_C",-16.4013769986105,1659406
13,2026-08-27 21:24:56,"ntc2_C",-16.3758325131491,1649597
13,2026-08-27 21:24:56,"testSB_C",-16.3576511874853,1650917
14,2026-08-27 21:24:56,"ntc1_C",-16.3659236946275,1649590
14,2026-08-27 21:24:56,"ntc2_C",-16.3766567080177,1654236
14,2026-08-27 21:24:56,"testSB_C",-16.3745216717558,1654024
15,2026-08-27 21:24:56,"ntc1_C",-16.3621246044444,1647977
15,2026-08-27 21:24:56,"ntc2_C",-16.3754197608329,1654884
15,2026-08-27 21:24:56,"testSB_C",-16.3471127605779,1653250
16,2026-08-27 21:24:56,"ntc1_C",-16.3071414412226,1646366
16,2026-08-27 21:24:56,"ntc2_C",-16.2832917632961,1643938
16,2026-08-27 21:24:56,"testSB_C",-16.2743293197539,1643290
17,2026-08-27 21:24:56,"ntc1_C",-16.2661467618171,1643462
17,2026-08-27 21:24:56,"ntc2_C",-16.2636623487136,1642355
17,2026-08-27 21:24:56,"testSB_C",-16.2591572066689,1647138
18,2026-08-27 21:24:56,"ntc1_C",-16.2546404290794,1647293
18,2026-08-27 21:24:56,"ntc2_C",-16.268650413894,1643878
18,2026-08-27 21:24:56,"testSB_C",-16.2435712308551,1641787
19,2026-08-27 21:24:56,"ntc1_C",-16.2323873844188,1645621
19,2026-08-27 21:24:56,"ntc2_C",-16.223358213227,1643375
19,2026-08-27 21:24:56,"testSB_C",-16.2090725540701,1644720
20,2026-08-27 21:24:56,"ntc1_C",-16.2032103378561,1640988
20,2026-08-27 21:24:56,"ntc2_C",-16.2512326993329,1646869
20,2026-08-27 21:24:56,"testSB_C",-16.1915537460149,1637781
21,2026-08-27 21:24:56,"ntc1_C",-16.20674105809,1637588
21,2026-08-27 21:24:56,"ntc2_C",-16.1993315954002,1641433
21,2026-08-27 21:24:56,"testSB_C",-16.1638120137745,1639360
22,2026-08-27 21:24:56,"ntc1_C",-16.1538602010838,1638961
22,2026-08-27 21:24:56,"ntc2_C",-16.1857500543446,1642544
22,2026-08-27 21:24:56,"testSB_C",-16.1729725954719,1637468
23,2026-08-27 21:24:56,"ntc1_C",-16.1729909427764,1643331
23,2026-08-27 21:24:56,"ntc2_C",-16.1507760158524,1637965
23,2026-08-27 21:24:56,"testSB_C",-16.1564338214972,1634863
24,2026-08-27 21:24:56,"ntc1_C",-16.1182963110704,1636684
24,2026-08-27 21:24:56,"ntc2_C",-16.1337120336442,1640042
24,2026-08-27 21:24:56,"testSB_C",-16.1224068700898,1633149
1,2026-08-28 00:24:56,"ntc1_C",-19.8289491873245,1897705
1,2026-08-28 00:24:56,"testSB_C",-19.7662360074131,1896676
2,2026-08-28 00:24:56,"ntc1_C",-19.6545234698624,1887148
2,2026-08-28 00:24:56,"ntc2_C",-19.5912380969776,1881757
2,2026-08-28 00:24:56,"testSB_C",-19.5667843584075,1883064
3,2026-08-28 00:24:56,"ntc1_C",-19.6027943970656,1885766
3,2026-08-28 00:24:56,"ntc2_C",-19.5332487563699,1878987
3,2026-08-28 00:24:56,"testSB_C",-19.4993203742314,1875330
4,2026-08-28 00:24:56,"ntc1_C",-19.4811108881114,1875909
4,2026-08-28 00:24:56,"ntc2_C",-19.4737325473248,1870832
4,2026-08-28 00:24:56,"testSB_C",-19.4210032569071,1867154
5,2026-08-28 00:24:56,"ntc1_C",-19.3923696672172,1865700
5,2026-08-28 00:24:56,"ntc2_C",-19.3949827875025,1867880
5,2026-08-28 00:24:56,"testSB_C",-19.3663693650638,1867267
6,2026-08-28 00:24:56,"ntc1_C",-19.3375251971274,1861791
6,2026-08-28 00:24:56,"ntc2_C",-19.3464887113788,1865163
6,2026-08-28 00:24:56,"testSB_C",-19.3098681367071,1862570
7,2026-08-28 00:24:56,"ntc1_C",-19.2762893316754,1857802
7,2026-08-28 00:24:56,"ntc2_C",-19.3102563292404,1863457
7,2026-08-28 00:24:56,"testSB_C",-19.2535160443021,1858846
8,2026-08-28 00:24:56,"ntc1_C",-19.2321850158988,1861093
8,2026-08-28 00:24:56,"ntc2_C",-19.2429966182264,1854594
8,2026-08-28 00:24:56,"testSB_C",-19.2464034716398,1851635
9,2026-08-28 00:24:56,"ntc1_C",-19.2235063742015,1852413
9,2026-08-28 00:24:56,"ntc2_C",-19.2272806350208,1859580
9,2026-08-28 00:24:56,"testSB_C",-19.2211930537397,1856024
10,2026-08-28 00:24:56,"ntc1_C",-19.1994108073847,1854696
10,2026-08-28 00:24:56,"ntc2_C",-19.2008604930624,1850465
10,2026-08-28 00:24:56,"testSB_C",-19.2078449896449,1852492
11,2026-08-28 00:24:56,"ntc1_C",-19.148078156702,1851190
11,2026-08-28 00:24:56,"ntc2_C",-19.1604659753918,1851620
11,2026-08-28 00:24:56,"testSB_C",-19.1409712482368,1847595
12,2026-08-28 00:24:56,"ntc1_C",-19.150663865432,1849940
12,2026-08-28 00:24:56,"ntc2_C",-19.1290332421501,1847319
12,2026-08-28 00:24:56,"testSB_C",-19.1128208765695,1846085
13,2026-08-28 00:24:56,"ntc1_C",-19.0872913764036,1850557
13,2026-08-28 00:24:56,"ntc2_C",-19.0690663347112,1840316
13,2026-08-28 00:24:56,"testSB_C",-19.03676637776,1840676
14,2026-08-28 00:24:56,"ntc1_C",-19.0302963320397,1838053
14,2026-08-28 00:24:56,"ntc2_C",-19.021656094601,1841733
14,2026-08-28 00:24:56,"testSB_C",-18.9961800087708,1839785
15,2026-08-28 00:24:56,"ntc1_C",-18.9671277841815,1831835
15,2026-08-28 00:24:56,"ntc2_C",-18.9850240575694,1839924
15,2026-08-28 00:24:56,"testSB_C",-19.0088589894837,1841966
16,2026-08-28 00:24:56,"ntc1_C",-18.9201206542577,1830742
16,2026-08-28 00:24:56,"ntc2_C",-18.9163179146922,1829586
16,2026-08-28 00:24:56,"testSB_C",-18.9222309269032,1829978
17,2026-08-28 00:24:56,"ntc1_C",-18.9161223497875,1830254
17,2026-08-28 00:24:56,"ntc2_C",-18.8836307648448,1826729
17,2026-08-28 00:24:56,"testSB_C",-18.8603604392988,1830654
18,2026-08-28 00:24:56,"ntc1_C",-18.8901359763793,1833310
18,2026-08-28 00:24:56,"ntc2_C",-18.8745559626153,1827272
18,2026-08-28 00:24:56,"testSB_C",-18.8569865568857,1825736
19,2026-08-28 00:24:56,"ntc1_C",-18.8467775897101,1830000
19,2026-08-28 00:24:56,"ntc2_C",-18.8339264821037,1827245
19,2026-08-28 00:24:56,"testSB_C",-18.8265743627965,1829263
20,2026-08-28 00:24:56,"ntc1_C",-18.8105487981571,1824409
20,2026-08-28 00:24:56,"ntc2_C",-18.8081175142428,1827154
20,2026-08-28 00:24:56,"testSB_C",-18.7762981846421,1819156
21,2026-08-28 00:24:56,"ntc1_C",-18.7994339749726,1819388
21,2026-08-28 00:24:56,"ntc2_C",-18.8230778707509,1826046
21,2026-08-28 00:24:56,"testSB_C",-18.7463281530733,1820728
22,2026-08-28 00:24:56,"ntc1_C",-18.7523091470664,1821466
22,2026-08-28 00:24:56,"ntc2_C",-18.7741113931115,1824607
22,2026-08-28 00:24:56,"testSB_C",-18.7275799973441,1816605
23,2026-08-28 00:24:56,"ntc1_C",-18.7680519714653,1825973
23,2026-08-28 00:24:56,"ntc2_C",-18.7558107848675,1820847
23,2026-08-28 00:24:56,"testSB_C",-18.7477828842579,1816129
24,2026-08-28 00:24:56,"ntc1_C",-18.7101917945943,1818476
24,2026-08-28 00:24:56,"ntc2_C",-18.7047514586793,1820613
24,2026-08-28 00:24:56,"testSB_C",-18.6939625195542,1813020
1,2026-08-28 03:24:56,"ntc1_C",-17.8620931914107,1752252
1,2026-08-28 03:24:56,"testSB_C",-17.764722293385,1748883
2,2026-08-28 03:24:56,"ntc1_C",-17.6860736686321,1742363
2,2026-08-28 03:24:56,"ntc2_C",-17.6059536106677,1736186
2,2026-08-28 03:24:56,"testSB_C",-17.5994918619116,1738807
3,2026-08-28 03:24:56,"ntc1_C",-17.6407987716267,1741629
3,2026-08-28 03:24:56,"ntc2_C",-17.5853374393097,1736278
3,2026-08-28 03:24:56,"testSB_C",-17.5610020608604,1733616
4,2026-08-28 03:24:56,"ntc1_C",-17.5568149240736,1735090
4,2026-08-28 03:24:56,"ntc2_C",-17.5423073916332,1729896
4,2026-08-28 03:24:56,"testSB_C",-17.4833611533161,1726049
5,2026-08-28 03:24:56,"ntc1_C",-17.4705237081694,1725741
5,2026-08-28 03:24:56,"ntc2_C",-17.4801529510275,1728323
5,2026-08-28 03:24:56,"testSB_C",-17.4336037322044,1726485
6,2026-08-28 03:24:56,"ntc1_C",-17.4149544412833,1722208
6,2026-08-28 03:24:56,"ntc2_C",-17.4367246295997,1726145
6,2026-08-28 03:24:56,"testSB_C",-17.3907056493649,1723113
7,2026-08-28 03:24:56,"ntc1_C",-17.3570161841302,1718599
7,2026-08-28 03:24:56,"ntc2_C",-17.3979435810077,1724346
7,2026-08-28 03:24:56,"testSB_C",-17.3654729055894,1721812
8,2026-08-28 03:24:56,"ntc1_C",-17.3231169461879,1722409
8,2026-08-28 03:24:56,"ntc2_C",-17.3270729579411,1715895
8,2026-08-28 03:24:56,"testSB_C",-17.3359757666529,1713523
9,2026-08-28 03:24:56,"ntc1_C",-17.3085342061118,1713971
9,2026-08-28 03:24:56,"ntc2_C",-17.2994069334189,1719646
9,2026-08-28 03:24:56,"testSB_C",-17.2750104191474,1715082
10,2026-08-28 03:24:56,"ntc1_C",-17.2456878597737,1713411
10,2026-08-28 03:24:56,"ntc2_C",-17.2654730731974,1710708
10,2026-08-28 03:24:56,"testSB_C",-17.2723905869447,1712553
11,2026-08-28 03:24:56,"ntc1_C",-17.2425619595454,1713504
11,2026-08-28 03:24:56,"ntc2_C",-17.2476612596658,1713360
11,2026-08-28 03:24:56,"testSB_C",-17.2503022849804,1711166
12,2026-08-28 03:24:56,"ntc1_C",-17.2508960577744,1712740
12,2026-08-28 03:24:56,"ntc2_C",-17.2456697601156,1711441
12,2026-08-28 03:24:56,"testSB_C",-17.2318333218307,1710412
13,2026-08-28 03:24:56,"ntc1_C",-17.2187170962646,1715477
13,2026-08-28 03:24:56,"ntc2_C",-17.2159584973898,1706958
13,2026-08-28 03:24:56,"testSB_C",-17.2038946948239,1708732
14,2026-08-28 03:24:56,"ntc1_C",-17.1938158398949,1706071
14,2026-08-28 03:24:56,"ntc2_C",-17.1927927274814,1710046
14,2026-08-28 03:24:56,"testSB_C",-17.188932215775,1709716
15,2026-08-28 03:24:56,"ntc1_C",-17.1798909828705,1703698
15,2026-08-28 03:24:56,"ntc2_C",-17.1914971887957,1710743
15,2026-08-28 03:24:56,"testSB_C",-17.1926653939566,1711095
16,2026-08-28 03:24:56,"ntc1_C",-17.1699974619245,1705187
16,2026-08-28 03:24:56,"ntc2_C",-17.1733172166402,1704572
16,2026-08-28 03:24:56,"testSB_C",-17.1837815895081,1705250
17,2026-08-28 03:24:56,"ntc1_C",-17.1667574639607,1704793
17,2026-08-28 03:24:56,"ntc2_C",-17.177454138137,1704535
17,2026-08-28 03:24:56,"testSB_C",-17.182538045644,1710166
18,2026-08-28 03:24:56,"ntc1_C",-17.1949893024274,1711486
18,2026-08-28 03:24:56,"ntc2_C",-17.1804499090375,1705942
18,2026-08-28 03:24:56,"testSB_C",-17.1701712635299,1704874
19,2026-08-28 03:24:56,"ntc1_C",-17.1843043441394,1710591
19,2026-08-28 03:24:56,"ntc2_C",-17.1581054977467,1707073
19,2026-08-28 03:24:56,"testSB_C",-17.1607554786846,1709650
20,2026-08-28 03:24:56,"ntc1_C",-17.1509295579639,1705511
20,2026-08-28 03:24:56,"ntc2_C",-17.148348291523,1708089
20,2026-08-28 03:24:56,"testSB_C",-17.1341083327796,1701813
21,2026-08-28 03:24:56,"ntc1_C",-17.1720107106119,1703135
21,2026-08-28 03:24:56,"ntc2_C",-17.1607954654564,1706903
21,2026-08-28 03:24:56,"testSB_C",-17.1497801144838,1706458
22,2026-08-28 03:24:56,"ntc1_C",-17.1655220663978,1707827
22,2026-08-28 03:24:56,"ntc2_C",-17.1493378650216,1708186
22,2026-08-28 03:24:56,"testSB_C",-17.1342600918035,1702790
23,2026-08-28 03:24:56,"ntc1_C",-17.1635813763361,1710880
23,2026-08-28 03:24:56,"ntc2_C",-17.1466542745627,1705694
23,2026-08-28 03:24:56,"testSB_C",-17.1495249855191,1702182
24,2026-08-28 03:24:56,"ntc1_C",-17.1471694357848,1706656
24,2026-08-28 03:24:56,"ntc2_C",-17.1169713300523,1706970
24,2026-08-28 03:24:56,"testSB_C",-17.1364797967998,1701932
1,2026-08-28 06:24:56,"ntc1_C",-19.3083070399218,1858130
1,2026-08-28 06:24:56,"testSB_C",-19.2349128425571,1856331
2,2026-08-28 06:24:56,"ntc1_C",-19.1256507681967,1847167
2,2026-08-28 06:24:56,"ntc2_C",-19.0815719304896,1843320
2,2026-08-28 06:24:56,"testSB_C",-19.0273947105314,1842422
3,2026-08-28 06:24:56,"ntc1_C",-18.969328724638,1838037
3,2026-08-28 06:24:56,"ntc2_C",-18.916927359561,1832673
3,2026-08-28 06:24:56,"testSB_C",-18.8835192802071,1829158
4,2026-08-28 06:24:56,"ntc1_C",-18.8614624280479,1829421
4,2026-08-28 06:24:56,"ntc2_C",-18.8248790808804,1822312
4,2026-08-28 06:24:56,"testSB_C",-18.7900596510659,1820046
5,2026-08-28 06:24:56,"ntc1_C",-18.7537888843675,1818041
5,2026-08-28 06:24:56,"ntc2_C",-18.7550605154053,1820092
5,2026-08-28 06:24:56,"testSB_C",-18.7144787579252,1818608
6,2026-08-28 06:24:56,"ntc1_C",-18.6958736679134,1814053
6,2026-08-28 06:24:56,"ntc2_C",-18.6997477724472,1816936
6,2026-08-28 06:24:56,"testSB_C",-18.6669996429105,1814703
7,2026-08-28 06:24:56,"ntc1_C",-18.6243985632522,1809361
7,2026-08-28 06:24:56,"ntc2_C",-18.6463038926055,1813992
7,2026-08-28 06:24:56,"testSB_C",-18.6114823367841,1811124
8,2026-08-28 06:24:56,"ntc1_C",-18.5769083175386,1812337
8,2026-08-28 06:24:56,"ntc2_C",-18.5593729920783,1803925
8,2026-08-28 06:24:56,"testSB_C",-18.5708450012924,1801629
9,2026-08-28 06:24:56,"ntc1_C",-18.4843442277387,1797761
9,2026-08-28 06:24:56,"ntc2_C",-18.4789276468159,1804023
9,2026-08-28 06:24:56,"testSB_C",-18.4450153956068,1798542
10,2026-08-28 06:24:56,"ntc1_C",-18.3925443755729,1795054
10,2026-08-28 06:24:56,"ntc2_C",-18.395200618275,1791016
10,2026-08-28 06:24:56,"testSB_C",-18.3843502439391,1791670
11,2026-08-28 06:24:56,"ntc1_C",-18.3360479275108,1791275
11,2026-08-28 06:24:56,"ntc2_C",-18.3342328771396,1790644
11,2026-08-28 06:24:56,"testSB_C",-18.329068082553,1787786
12,2026-08-28 06:24:56,"ntc1_C",-18.3382025469869,1790031
12,2026-08-28 06:24:56,"ntc2_C",-18.3005408401705,1786327
12,2026-08-28 06:24:56,"testSB_C",-18.2702981780468,1784094
13,2026-08-28 06:24:56,"ntc1_C",-18.2664340355486,1790015
13,2026-08-28 06:24:56,"ntc2_C",-18.2303957728146,1778776
13,2026-08-28 06:24:56,"testSB_C",-18.2275189921432,1781266
14,2026-08-28 06:24:56,"ntc1_C",-18.2141061275713,1778237
14,2026-08-28 06:24:56,"ntc2_C",-18.1871658319864,1780490
14,2026-08-28 06:24:56,"testSB_C",-18.1542389768828,1778059
15,2026-08-28 06:24:56,"ntc1_C",-18.1261561956951,1770436
15,2026-08-28 06:24:56,"ntc2_C",-18.141361713586,1778041
15,2026-08-28 06:24:56,"testSB_C",-18.1212564258544,1776859
16,2026-08-28 06:24:56,"ntc1_C",-18.0519892752913,1767398
16,2026-08-28 06:24:56,"ntc2_C",-18.0487089466419,1766303
16,2026-08-28 06:24:56,"testSB_C",-18.0707983587959,1767841
17,2026-08-28 06:24:56,"ntc1_C",-18.0294992791696,1765605
17,2026-08-28 06:24:56,"ntc2_C",-17.9904620698329,1761755
17,2026-08-28 06:24:56,"testSB_C",-17.9592708363043,1764973
18,2026-08-28 06:24:56,"ntc1_C",-17.9813456390066,1767006
18,2026-08-28 06:24:56,"ntc2_C",-17.9542694671152,1760376
18,2026-08-28 06:24:56,"testSB_C",-17.9486494363928,1759672
19,2026-08-28 06:24:56,"ntc1_C",-17.9519017001061,1764770
19,2026-08-28 06:24:56,"ntc2_C",-17.9054661222291,1759703
19,2026-08-28 06:24:56,"testSB_C",-17.8704928915477,1759670
20,2026-08-28 06:24:56,"ntc1_C",-17.8732601429421,1756321
20,2026-08-28 06:24:56,"ntc2_C",-17.8916545452416,1760465
20,2026-08-28 06:24:56,"testSB_C",-17.821165469382,1749999
21,2026-08-28 06:24:56,"ntc1_C",-17.8561004254333,1751110
21,2026-08-28 06:24:56,"ntc2_C",-17.8361520913657,1754385
21,2026-08-28 06:24:56,"testSB_C",-17.8160522696794,1753287
22,2026-08-28 06:24:56,"ntc1_C",-17.8192334138484,1753798
22,2026-08-28 06:24:56,"ntc2_C",-17.8151314957272,1755008
22,2026-08-28 06:24:56,"testSB_C",-17.7886661831438,1748686
23,2026-08-28 06:24:56,"ntc1_C",-17.8116712314491,1756510
23,2026-08-28 06:24:56,"ntc2_C",-17.8103970900287,1752323
23,2026-08-28 06:24:56,"testSB_C",-17.8238752195389,1749403
24,2026-08-28 06:24:56,"ntc1_C",-17.8265373918547,1754427
24,2026-08-28 06:24:56,"ntc2_C",-17.7802667837072,1753595
24,2026-08-28 06:24:56,"testSB_C",-17.7910235570819,1747801
1,2026-08-28 09:24:56,"ntc1_C",-14.5622869776353,1531919
1,2026-08-28 09:24:56,"testSB_C",-14.7126533011674,1544571
2,2026-08-28 09:24:56,"ntc1_C",-14.7257486830193,1544508
2,2026-08-28 09:24:56,"ntc2_C",-14.8086401902999,1549291
2,2026-08-28 09:24:56,"testSB_C",-14.6408350452622,1541652
3,2026-08-28 09:24:56,"ntc1_C",-12.412290427952,1407551
3,2026-08-28 09:24:56,"ntc2_C",-13.1961510852611,1451981
3,2026-08-28 09:24:56,"testSB_C",-13.4192126884417,1464561
4,2026-08-28 09:24:56,"ntc1_C",-12.7647512411466,1427333
4,2026-08-28 09:24:56,"ntc2_C",-12.7987149698325,1425904
4,2026-08-28 09:24:56,"testSB_C",-13.5066218859681,1467946
5,2026-08-28 09:24:56,"ntc1_C",-13.5382936641623,1470231
5,2026-08-28 09:24:56,"ntc2_C",-13.174264247391,1450279
5,2026-08-28 09:24:56,"testSB_C",-13.5263171922457,1472463
6,2026-08-28 09:24:56,"ntc1_C",-13.7716056970657,1484838
6,2026-08-28 09:24:56,"ntc2_C",-13.2347675433153,1454560
6,2026-08-28 09:24:56,"testSB_C",-13.7040703588473,1482919
7,2026-08-28 09:24:56,"ntc1_C",-13.2856354147667,1455850
7,2026-08-28 09:24:56,"ntc2_C",-12.4358151578372,1408591
7,2026-08-28 09:24:56,"testSB_C",-13.7779543335753,1487775
8,2026-08-28 09:24:56,"ntc1_C",-13.7424497539205,1488659
8,2026-08-28 09:24:56,"ntc2_C",-13.6508764836523,1477242
8,2026-08-28 09:24:56,"testSB_C",-12.9023309198952,1430281
9,2026-08-28 09:24:56,"ntc1_C",-13.5148225543213,1468578
9,2026-08-28 09:24:56,"ntc2_C",-13.2027746480476,1455219
9,2026-08-28 09:24:56,"testSB_C",-13.3923266072937,1464099
10,2026-08-28 09:24:56,"ntc1_C",-13.440183710563,1467424
10,2026-08-28 09:24:56,"ntc2_C",-12.8274818197501,1427685
10,2026-08-28 09:24:56,"testSB_C",-13.504364283058,1468805
11,2026-08-28 09:24:56,"ntc1_C",-13.6427072160622,1479866
11,2026-08-28 09:24:56,"ntc2_C",-13.1139315568906,1447800
11,2026-08-28 09:24:56,"testSB_C",-13.2590767626591,1454383
12,2026-08-28 09:24:56,"ntc1_C",-12.5785276145677,1415872
12,2026-08-28 09:24:56,"ntc2_C",-12.949832398311,1436687
12,2026-08-28 09:24:56,"testSB_C",-13.2606086676082,1454883
13,2026-08-28 09:24:56,"ntc1_C",-13.061318470741,1448240
13,2026-08-28 09:24:56,"ntc2_C",-12.7075458742447,1420396
13,2026-08-28 09:24:56,"testSB_C",-13.1501141570268,1448573
14,2026-08-28 09:24:56,"ntc1_C",-13.1476971280993,1446833
14,2026-08-28 09:24:56,"ntc2_C",-12.8116125425502,1430556
14,2026-08-28 09:24:56,"testSB_C",-13.0830214032435,1446386
15,2026-08-28 09:24:56,"ntc1_C",-13.238109780186,1450999
15,2026-08-28 09:24:56,"ntc2_C",-12.6969865021309,1424398
15,2026-08-28 09:24:56,"testSB_C",-12.5824889377691,1418019
16,2026-08-28 09:24:56,"ntc1_C",-13.1668937559846,1448518
16,2026-08-28 09:24:56,"ntc2_C",-12.9752681499893,1436459
16,2026-08-28 09:24:56,"testSB_C",-13.02653141583,1439418
17,2026-08-28 09:24:56,"ntc1_C",-13.0807939739051,1443311
17,2026-08-28 09:24:56,"ntc2_C",-13.0142532533445,1438643
17,2026-08-28 09:24:56,"testSB_C",-13.2877814757276,1459281
18,2026-08-28 09:24:56,"ntc1_C",-13.1321313446247,1450507
18,2026-08-28 09:24:56,"ntc2_C",-12.8242704127177,1428679
18,2026-08-28 09:24:56,"testSB_C",-13.0536307875396,1441517
19,2026-08-28 09:24:56,"ntc1_C",-13.1853849256123,1453405
19,2026-08-28 09:24:56,"ntc2_C",-12.9986843522495,1440912
19,2026-08-28 09:24:56,"testSB_C",-12.796971941456,1431091
20,2026-08-28 09:24:56,"ntc1_C",-12.8208211130022,1429539
20,2026-08-28 09:24:56,"ntc2_C",-12.4070725347734,1407909
20,2026-08-28 09:24:56,"testSB_C",-12.7428411717615,1422915
21,2026-08-28 09:24:56,"ntc1_C",-13.1108444177609,1443526
21,2026-08-28 09:24:56,"ntc2_C",-12.3902585067704,1405309
21,2026-08-28 09:24:56,"testSB_C",-13.2991689856311,1458657
22,2026-08-28 09:24:56,"ntc1_C",-13.0129633086875,1441954
22,2026-08-28 09:24:56,"ntc2_C",-12.336431042936,1404023
22,2026-08-28 09:24:56,"testSB_C",-13.1076759747836,1445072
23,2026-08-28 09:24:56,"ntc1_C",-12.783066443963,1431266
23,2026-08-28 09:24:56,"ntc2_C",-12.4356034546485,1407699
23,2026-08-28 09:24:56,"testSB_C",-12.9647065424904,1435583
24,2026-08-28 09:24:56,"ntc1_C",-12.9115774962022,1436070
24,2026-08-28 09:24:56,"ntc2_C",-12.4089836677187,1408962
24,2026-08-28 09:24:56,"testSB_C",-12.8106400126475,1426884
1,2026-08-28 12:24:56,"ntc1_C",-7.86094992057821,1165299
1,2026-08-28 12:24:56,"testSB_C",-7.91567846824938,1170509
2,2026-08-28 12:24:56,"ntc1_C",-8.17281972923507,1182054
2,2026-08-28 12:24:56,"ntc2_C",-7.99588855575593,1173249
2,2026-08-28 12:24:56,"testSB_C",-7.89664276723192,1171072
3,2026-08-28 12:24:56,"ntc1_C",-6.1781683589054,1091696
3,2026-08-28 12:24:56,"ntc2_C",-6.54173800688466,1106829
3,2026-08-28 12:24:56,"testSB_C",-7.21489300627729,1137175
4,2026-08-28 12:24:56,"ntc1_C",-6.40762009860765,1101370
4,2026-08-28 12:24:56,"ntc2_C",-6.39012771753806,1098021
4,2026-08-28 12:24:56,"testSB_C",-7.01342936620006,1126425
5,2026-08-28 12:24:56,"ntc1_C",-6.97996983637535,1125026
5,2026-08-28 12:24:56,"ntc2_C",-6.68598829541963,1113129
5,2026-08-28 12:24:56,"testSB_C",-6.92117351208674,1124716
6,2026-08-28 12:24:56,"ntc1_C",-7.10998236992987,1131694
6,2026-08-28 12:24:56,"ntc2_C",-6.74198478138823,1116119
6,2026-08-28 12:24:56,"testSB_C",-7.75511559380641,1163416
7,2026-08-28 12:24:56,"ntc1_C",-6.81572829603112,1118096
7,2026-08-28 12:24:56,"ntc2_C",-6.45852170213578,1103835
7,2026-08-28 12:24:56,"testSB_C",-7.08769949767697,1132507
8,2026-08-28 12:24:56,"ntc1_C",-7.075962795343,1134177
8,2026-08-28 12:24:56,"ntc2_C",-7.04182170805592,1128148
8,2026-08-28 12:24:56,"testSB_C",-6.63095639183439,1107489
9,2026-08-28 12:24:56,"ntc1_C",-7.04375947389627,1127935
9,2026-08-28 12:24:56,"ntc2_C",-6.69131466002682,1115689
9,2026-08-28 12:24:56,"testSB_C",-7.46285458573277,1149443
10,2026-08-28 12:24:56,"ntc1_C",-6.96339803427708,1126824
10,2026-08-28 12:24:56,"ntc2_C",-6.6073975258559,1107809
10,2026-08-28 12:24:56,"testSB_C",-7.03506954565307,1128085
11,2026-08-28 12:24:56,"ntc1_C",-7.2066881095995,1138273
11,2026-08-28 12:24:56,"ntc2_C",-6.70524244736629,1114829
11,2026-08-28 12:24:56,"testSB_C",-6.91270802566345,1122749
12,2026-08-28 12:24:56,"ntc1_C",-6.43166697127367,1102043
12,2026-08-28 12:24:56,"ntc2_C",-6.62683161503912,1110198
12,2026-08-28 12:24:56,"testSB_C",-7.72803555791091,1160911
13,2026-08-28 12:24:56,"ntc1_C",-6.82781186756182,1123171
13,2026-08-28 12:24:56,"ntc2_C",-6.43455303018226,1099730
13,2026-08-28 12:24:56,"testSB_C",-6.79004432199707,1117577
14,2026-08-28 12:24:56,"ntc1_C",-6.79266429433818,1116574
14,2026-08-28 12:24:56,"ntc2_C",-6.58070123711133,1109656
14,2026-08-28 12:24:56,"testSB_C",-6.83304491970142,1120964
15,2026-08-28 12:24:56,"ntc1_C",-6.9545750477269,1123076
15,2026-08-28 12:24:56,"ntc2_C",-6.59116835354433,1110398
15,2026-08-28 12:24:56,"testSB_C",-6.58219621494686,1110212
16,2026-08-28 12:24:56,"ntc1_C",-7.0701454808389,1129554
16,2026-08-28 12:24:56,"ntc2_C",-6.79938843418489,1116505
16,2026-08-28 12:24:56,"testSB_C",-6.92733915208333,1122283
17,2026-08-28 12:24:56,"ntc1_C",-6.79219502441384,1116758
17,2026-08-28 12:24:56,"ntc2_C",-6.80436636869132,1116830
17,2026-08-28 12:24:56,"testSB_C",-7.05463456401884,1131706
18,2026-08-28 12:24:56,"ntc1_C",-6.88095496220558,1124188
18,2026-08-28 12:24:56,"ntc2_C",-6.83519942723615,1119279
18,2026-08-28 12:24:56,"testSB_C",-6.93551144283299,1123064
19,2026-08-28 12:24:56,"ntc1_C",-6.93045543879339,1126118
19,2026-08-28 12:24:56,"ntc2_C",-6.91086708289862,1124046
19,2026-08-28 12:24:56,"testSB_C",-6.79931202867078,1120499
20,2026-08-28 12:24:56,"ntc1_C",-6.8378740327687,1119914
20,2026-08-28 12:24:56,"ntc2_C",-6.49693836378839,1106324
20,2026-08-28 12:24:56,"testSB_C",-6.59936161664433,1107530
21,2026-08-28 12:24:56,"ntc1_C",-6.87484061530665,1119540
21,2026-08-28 12:24:56,"ntc2_C",-6.60318187643588,1109889
21,2026-08-28 12:24:56,"testSB_C",-7.1544728087465,1135224
22,2026-08-28 12:24:56,"ntc1_C",-6.90299401997117,1123866
22,2026-08-28 12:24:56,"ntc2_C",-6.45118849548749,1104578
22,2026-08-28 12:24:56,"testSB_C",-7.10853272439869,1131372
23,2026-08-28 12:24:56,"ntc1_C",-7.33619378404336,1146169
23,2026-08-28 12:24:56,"ntc2_C",-7.41160632378325,1146849
23,2026-08-28 12:24:56,"testSB_C",-8.13516458909578,1179030
24,2026-08-28 12:24:56,"ntc1_C",-7.595739364275,1156047
24,2026-08-28 12:24:56,"ntc2_C",-7.16558370551189,1137684
24,2026-08-28 12:24:56,"testSB_C",-7.15613159733397,1133018
1,2026-08-28 15:24:56,"ntc1_C",-3.99386637372612,995721
1,2026-08-28 15:24:56,"testSB_C",-4.17546747705904,1005400
2,2026-08-28 15:24:56,"ntc1_C",-4.19976964149538,1005651
2,2026-08-28 15:24:56,"ntc2_C",-3.79341376442045,988972
2,2026-08-28 15:24:56,"testSB_C",-3.98297686322661,998945
3,2026-08-28 15:24:56,"ntc1_C",-2.76967982496649,950736
3,2026-08-28 15:24:56,"ntc2_C",-2.88861498923421,954287
3,2026-08-28 15:24:56,"testSB_C",-2.70183955774786,946858
4,2026-08-28 15:24:56,"ntc1_C",-2.86799805895527,954002
4,2026-08-28 15:24:56,"ntc2_C",-2.85904031844541,951472
4,2026-08-28 15:24:56,"testSB_C",-2.75172907119952,947525
5,2026-08-28 15:24:56,"ntc1_C",-2.8706511584943,952116
5,2026-08-28 15:24:56,"ntc2_C",-2.92062384555891,955404
5,2026-08-28 15:24:56,"testSB_C",-2.69033377008043,947263
6,2026-08-28 15:24:56,"ntc1_C",-3.02336362507572,958741
6,2026-08-28 15:24:56,"ntc2_C",-3.00141134650738,958864
6,2026-08-28 15:24:56,"testSB_C",-2.83859421747195,952859
7,2026-08-28 15:24:56,"ntc1_C",-2.72247266456378,946921
7,2026-08-28 15:24:56,"ntc2_C",-2.99692816419656,959131
7,2026-08-28 15:24:56,"testSB_C",-2.95196451139333,957491
8,2026-08-28 15:24:56,"ntc1_C",-2.95151578771907,959277
8,2026-08-28 15:24:56,"ntc2_C",-2.75331690586586,947916
8,2026-08-28 15:24:56,"testSB_C",-2.95546882013718,954023
9,2026-08-28 15:24:56,"ntc1_C",-2.84876885114016,951366
9,2026-08-28 15:24:56,"ntc2_C",-2.7211636880582,949605
9,2026-08-28 15:24:56,"testSB_C",-2.88071047614932,954246
10,2026-08-28 15:24:56,"ntc1_C",-2.83085286246103,952846
10,2026-08-28 15:24:56,"ntc2_C",-2.91325358461074,953580
10,2026-08-28 15:24:56,"testSB_C",-3.02231448246778,958468
11,2026-08-28 15:24:56,"ntc1_C",-3.00306520891934,959728
11,2026-08-28 15:24:56,"ntc2_C",-2.83563203317124,952827
11,2026-08-28 15:24:56,"testSB_C",-2.87400445852541,953030
12,2026-08-28 15:24:56,"ntc1_C",-2.94921333039144,956842
12,2026-08-28 15:24:56,"ntc2_C",-2.81291623475767,951038
12,2026-08-28 15:24:56,"testSB_C",-3.0161944729752,958696
13,2026-08-28 15:24:56,"ntc1_C",-2.95583267402031,959811
13,2026-08-28 15:24:56,"ntc2_C",-2.64252555066355,942871
13,2026-08-28 15:24:56,"testSB_C",-2.7885716158649,950023
14,2026-08-28 15:24:56,"ntc1_C",-2.64449287353023,943626
14,2026-08-28 15:24:56,"ntc2_C",-2.7982233702844,951794
14,2026-08-28 15:24:56,"testSB_C",-2.88499335572573,954983
15,2026-08-28 15:24:56,"ntc1_C",-2.89298363180808,952438
15,2026-08-28 15:24:56,"ntc2_C",-2.84609983682276,953810
15,2026-08-28 15:24:56,"testSB_C",-2.9506207113314,958038
16,2026-08-28 15:24:56,"ntc1_C",-2.99927830073068,957445
16,2026-08-28 15:24:56,"ntc2_C",-2.69167936469239,945007
16,2026-08-28 15:24:56,"testSB_C",-2.83341677357635,950388
17,2026-08-28 15:24:56,"ntc1_C",-2.65760915831294,944220
17,2026-08-28 15:24:56,"ntc2_C",-2.79577657615937,949158
17,2026-08-28 15:24:56,"testSB_C",-2.82516095130836,953150
18,2026-08-28 15:24:56,"ntc1_C",-2.73972712380072,950299
18,2026-08-28 15:24:56,"ntc2_C",-3.06603491957037,960577
18,2026-08-28 15:24:56,"testSB_C",-2.89484194016353,953095
19,2026-08-28 15:24:56,"ntc1_C",-2.81425677089129,952816
19,2026-08-28 15:24:56,"ntc2_C",-2.97070147685309,957849
19,2026-08-28 15:24:56,"testSB_C",-2.85726628001009,954773
20,2026-08-28 15:24:56,"ntc1_C",-2.70033142374518,946725
20,2026-08-28 15:24:56,"ntc2_C",-2.86964776330302,954838
20,2026-08-28 15:24:56,"testSB_C",-2.52604393968335,938795
21,2026-08-28 15:24:56,"ntc1_C",-2.7359633693128,946536
21,2026-08-28 15:24:56,"ntc2_C",-3.02059408418228,959666
21,2026-08-28 15:24:56,"testSB_C",-3.03012623615678,960142
22,2026-08-28 15:24:56,"ntc1_C",-2.74456005895314,949314
22,2026-08-28 15:24:56,"ntc2_C",-2.7312725941768,949906
22,2026-08-28 15:24:56,"testSB_C",-3.09101389612397,961086
23,2026-08-28 15:24:56,"ntc1_C",-3.11233427846679,965509
23,2026-08-28 15:24:56,"ntc2_C",-2.79617850133201,950860
23,2026-08-28 15:24:56,"testSB_C",-2.98324368601737,956517
24,2026-08-28 15:24:56,"ntc1_C",-2.70908440050727,947923
24,2026-08-28 15:24:56,"ntc2_C",-2.95382914397379,958848
24,2026-08-28 15:24:56,"testSB_C",-2.88412631757978,952633
1,2026-08-28 18:24:56,"ntc1_C",-4.99462107878031,1036997
1,2026-08-28 18:24:56,"testSB_C",-5.00221559827429,1039696
2,2026-08-28 18:24:56,"ntc1_C",-5.02622731319366,1039962
2,2026-08-28 18:24:56,"ntc2_C",-4.97197876158845,1037413
2,2026-08-28 18:24:56,"testSB_C",-4.96554447007674,1039539
3,2026-08-28 18:24:56,"ntc1_C",-4.35198716862016,1013662
3,2026-08-28 18:24:56,"ntc2_C",-4.48278036872711,1017979
3,2026-08-28 18:24:56,"testSB_C",-4.51031970840063,1018813
4,2026-08-28 18:24:56,"ntc1_C",-4.42276061801368,1016036
4,2026-08-28 18:24:56,"ntc2_C",-4.40685587324623,1013036
4,2026-08-28 18:24:56,"testSB_C",-4.51487726053193,1017669
5,2026-08-28 18:24:56,"ntc1_C",-4.54818191878667,1019109
5,2026-08-28 18:24:56,"ntc2_C",-4.49765789203332,1018434
5,2026-08-28 18:24:56,"testSB_C",-4.49825638592159,1019243
6,2026-08-28 18:24:56,"ntc1_C",-4.57073138341519,1020758
6,2026-08-28 18:24:56,"ntc2_C",-4.50516864608204,1019122
6,2026-08-28 18:24:56,"testSB_C",-4.5538895530197,1021431
7,2026-08-28 18:24:56,"ntc1_C",-4.46615118732109,1016248
7,2026-08-28 18:24:56,"ntc2_C",-4.41236896644943,1015762
7,2026-08-28 18:24:56,"testSB_C",-4.48583822295558,1018876
8,2026-08-28 18:24:56,"ntc1_C",-4.53990355964692,1023064
8,2026-08-28 18:24:56,"ntc2_C",-4.49153724696561,1017068
8,2026-08-28 18:24:56,"testSB_C",-4.39012424185762,1011114
9,2026-08-28 18:24:56,"ntc1_C",-4.51406548846637,1017750
9,2026-08-28 18:24:56,"ntc2_C",-4.4459722171091,1018359
9,2026-08-28 18:24:56,"testSB_C",-4.50294663317692,1019089
10,2026-08-28 18:24:56,"ntc1_C",-4.49123718975318,1019133
10,2026-08-28 18:24:56,"ntc2_C",-4.43300221142005,1014137
10,2026-08-28 18:24:56,"testSB_C",-4.52149447704215,1018510
11,2026-08-28 18:24:56,"ntc1_C",-4.54861645615784,1021734
11,2026-08-28 18:24:56,"ntc2_C",-4.44934857941388,1017192
11,2026-08-28 18:24:56,"testSB_C",-4.46640161715817,1016523
12,2026-08-28 18:24:56,"ntc1_C",-4.4147987750452,1015366
12,2026-08-28 18:24:56,"ntc2_C",-4.43365661177489,1015565
12,2026-08-28 18:24:56,"testSB_C",-4.49707501541576,1017987
13,2026-08-28 18:24:56,"ntc1_C",-4.46273533735393,1020246
13,2026-08-28 18:24:56,"ntc2_C",-4.40055457565433,1012484
13,2026-08-28 18:24:56,"testSB_C",-4.44917195906896,1016150
14,2026-08-28 18:24:56,"ntc1_C",-4.41098255535815,1013602
14,2026-08-28 18:24:56,"ntc2_C",-4.42740385668719,1016720
14,2026-08-28 18:24:56,"testSB_C",-4.44696700995007,1017374
15,2026-08-28 18:24:56,"ntc1_C",-4.48140454574383,1015723
15,2026-08-28 18:24:56,"ntc2_C",-4.38652035221378,1015243
15,2026-08-28 18:24:56,"testSB_C",-4.39130379583924,1015639
16,2026-08-28 18:24:56,"ntc1_C",-4.47979006208305,1016655
16,2026-08-28 18:24:56,"ntc2_C",-4.46723588010445,1015512
16,2026-08-28 18:24:56,"testSB_C",-4.46147694467288,1015220
17,2026-08-28 18:24:56,"ntc1_C",-4.43804355852757,1014854
17,2026-08-28 18:24:56,"ntc2_C",-4.45254369822527,1015048
17,2026-08-28 18:24:56,"testSB_C",-4.50926385451066,1020468
18,2026-08-28 18:24:56,"ntc1_C",-4.42878644822071,1017587
18,2026-08-28 18:24:56,"ntc2_C",-4.46418635419786,1016534
18,2026-08-28 18:24:56,"testSB_C",-4.46257315976459,1015632
19,2026-08-28 18:24:56,"ntc1_C",-4.4532369020921,1018248
19,2026-08-28 18:24:56,"ntc2_C",-4.49036687923029,1018707
19,2026-08-28 18:24:56,"testSB_C",-4.4497598417787,1018431
20,2026-08-28 18:24:56,"ntc1_C",-4.40649575945838,1014507
20,2026-08-28 18:24:56,"ntc2_C",-4.37932232239717,1015089
20,2026-08-28 18:24:56,"testSB_C",-4.34377868170822,1010529
21,2026-08-28 18:24:56,"ntc1_C",-4.42186084411503,1013391
21,2026-08-28 18:24:56,"ntc2_C",-4.39540279987398,1014652
21,2026-08-28 18:24:56,"testSB_C",-4.52968484560421,1020314
22,2026-08-28 18:24:56,"ntc1_C",-4.41896057274181,1015944
22,2026-08-28 18:24:56,"ntc2_C",-4.37338871150587,1015206
22,2026-08-28 18:24:56,"testSB_C",-4.49782088398183,1017466
23,2026-08-28 18:24:56,"ntc1_C",-4.45315168704775,1019422
23,2026-08-28 18:24:56,"ntc2_C",-4.40295445867582,1014816
23,2026-08-28 18:24:56,"testSB_C",-4.52072204130303,1017957
24,2026-08-28 18:24:56,"ntc1_C",-4.44687728501759,1017087
24,2026-08-28 18:24:56,"ntc2_C",-4.45963409322724,1019180
24,2026-08-28 18:24:56,"testSB_C",-4.44394445643519,1014770
1,2026-08-28 21:24:56,"ntc1_C",-14.2923510748676,1515139
1,2026-08-28 21:24:56,"testSB_C",-14.1885665128875,1511909
2,2026-08-28 21:24:56,"ntc1_C",-14.0848553469327,1504650
2,2026-08-28 21:24:56,"ntc2_C",-14.0307652540343,1500903
2,2026-08-28 21:24:56,"testSB_C",-13.9949262718391,1501603
3,2026-08-28 21:24:56,"ntc1_C",-13.9789623988304,1500445
3,2026-08-28 21:24:56,"ntc2_C",-13.8941373727311,1493931
3,2026-08-28 21:24:56,"testSB_C",-13.8452059371016,1490230
4,2026-08-28 21:24:56,"ntc1_C",-13.8373242862287,1491193
4,2026-08-28 21:24:56,"ntc2_C",-13.8241638336466,1486829
4,2026-08-28 21:24:56,"testSB_C",-13.7667884489754,1483609
5,2026-08-28 21:24:56,"ntc1_C",-13.7529528203926,1483169
5,2026-08-28 21:24:56,"ntc2_C",-13.7354771128552,1483868
5,2026-08-28 21:24:56,"testSB_C",-13.6820942620952,1481851
6,2026-08-28 21:24:56,"ntc1_C",-13.6521431252872,1477623
6,2026-08-28 21:24:56,"ntc2_C",-13.6654659762868,1480350
6,2026-08-28 21:24:56,"testSB_C",-13.6116099180672,1477337
7,2026-08-28 21:24:56,"ntc1_C",-13.5684036756695,1472750
7,2026-08-28 21:24:56,"ntc2_C",-13.6115011865436,1477838
7,2026-08-28 21:24:56,"testSB_C",-13.5266386139518,1472601
8,2026-08-28 21:24:56,"ntc1_C",-13.4941782333427,1473655
8,2026-08-28 21:24:56,"ntc2_C",-13.4701618910651,1466389
8,2026-08-28 21:24:56,"testSB_C",-13.5027155883341,1465760
9,2026-08-28 21:24:56,"ntc1_C",-13.4214755109272,1462996
9,2026-08-28 21:24:56,"ntc2_C",-13.4288341664031,1468710
9,2026-08-28 21:24:56,"testSB_C",-13.4012442592233,1464632
10,2026-08-28 21:24:56,"ntc1_C",-13.383499553446,1464035
10,2026-08-28 21:24:56,"ntc2_C",-13.3894811658199,1460808
10,2026-08-28 21:24:56,"testSB_C",-13.3597710555135,1460163
11,2026-08-28 21:24:56,"ntc1_C",-13.3068480723232,1459732
11,2026-08-28 21:24:56,"ntc2_C",-13.3220203189763,1460145
11,2026-08-28 21:24:56,"testSB_C",-13.2920852174873,1456343
12,2026-08-28 21:24:56,"ntc1_C",-13.3284335662884,1459859
12,2026-08-28 21:24:56,"ntc2_C",-13.2745448499317,1455846
12,2026-08-28 21:24:56,"testSB_C",-13.2591769465142,1454798
13,2026-08-28 21:24:56,"ntc1_C",-13.2478695371902,1459304
13,2026-08-28 21:24:56,"ntc2_C",-13.2161262019225,1450193
13,2026-08-28 21:24:56,"testSB_C",-13.1624769868814,1449304
14,2026-08-28 21:24:56,"ntc1_C",-13.1347498800644,1446069
14,2026-08-28 21:24:56,"ntc2_C",-13.1390758434093,1449794
14,2026-08-28 21:24:56,"testSB_C",-13.1055992344283,1447719
15,2026-08-28 21:24:56,"ntc1_C",-13.0724337964476,1441226
15,2026-08-28 21:24:56,"ntc2_C",-13.0743025286758,1446504
15,2026-08-28 21:24:56,"testSB_C",-13.0645152578549,1446191
16,2026-08-28 21:24:56,"ntc1_C",-13.006168959088,1439047
16,2026-08-28 21:24:56,"ntc2_C",-12.983093702262,1436918
16,2026-08-28 21:24:56,"testSB_C",-12.9757537564821,1436437
17,2026-08-28 21:24:56,"ntc1_C",-12.9566710656628,1436018
17,2026-08-28 21:24:56,"ntc2_C",-12.945153674189,1434593
17,2026-08-28 21:24:56,"testSB_C",-12.9199958469466,1437547
18,2026-08-28 21:24:56,"ntc1_C",-12.9250146995965,1438305
18,2026-08-28 21:24:56,"ntc2_C",-12.9223963516213,1434407
18,2026-08-28 21:24:56,"testSB_C",-12.9097908882929,1433077
19,2026-08-28 21:24:56,"ntc1_C",-12.8883701925091,1435895
19,2026-08-28 21:24:56,"ntc2_C",-12.8883881098641,1434440
19,2026-08-28 21:24:56,"testSB_C",-12.861203696555,1434848
20,2026-08-28 21:24:56,"ntc1_C",-12.8417851532069,1430763
20,2026-08-28 21:24:56,"ntc2_C",-12.8742387448021,1435016
20,2026-08-28 21:24:56,"testSB_C",-12.8162997736592,1427188
21,2026-08-28 21:24:56,"ntc1_C",-12.8057592639066,1425676
21,2026-08-28 21:24:56,"ntc2_C",-12.8282691667155,1430657
21,2026-08-28 21:24:56,"testSB_C",-12.7549888351298,1426617
22,2026-08-28 21:24:56,"ntc1_C",-12.7468126651669,1426375
22,2026-08-28 21:24:56,"ntc2_C",-12.7664137201576,1428871
22,2026-08-28 21:24:56,"testSB_C",-12.7087861348094,1421734
23,2026-08-28 21:24:56,"ntc1_C",-12.7137687455959,1427225
23,2026-08-28 21:24:56,"ntc2_C",-12.7241522243836,1424376
23,2026-08-28 21:24:56,"testSB_C",-12.6841867464007,1419257
24,2026-08-28 21:24:56,"ntc1_C",-12.6443766092438,1420492
24,2026-08-28 21:24:56,"ntc2_C",-12.6472721433733,1422731
24,2026-08-28 21:24:56,"testSB_C",-12.6116500856581,1415344
1,2026-08-29 00:24:56,"ntc1_C",-18.849515754858,1823902
1,2026-08-29 00:24:56,"testSB_C",-18.7591526456424,1820893
2,2026-08-29 00:24:56,"ntc1_C",-18.6665481417306,1813110
2,2026-08-29 00:24:56,"ntc2_C",-18.6286922958602,1809789
2,2026-08-29 00:24:56,"testSB_C",-18.5992432566099,1810753
3,2026-08-29 00:24:56,"ntc1_C",-18.5642951957336,1808120
3,2026-08-29 00:24:56,"ntc2_C",-18.5008082402054,1802016
3,2026-08-29 00:24:56,"testSB_C",-18.465904991978,1798460
4,2026-08-29 00:24:56,"ntc1_C",-18.4574513428612,1799700
4,2026-08-29 00:24:56,"ntc2_C",-18.4573792820289,1795362
4,2026-08-29 00:24:56,"testSB_C",-18.4009435358131,1791557
5,2026-08-29 00:24:56,"ntc1_C",-18.388839907193,1791324
5,2026-08-29 00:24:56,"ntc2_C",-18.3903153313109,1793374
5,2026-08-29 00:24:56,"testSB_C",-18.350273747541,1791948
6,2026-08-29 00:24:56,"ntc1_C",-18.3388342330706,1787994
6,2026-08-29 00:24:56,"ntc2_C",-18.3387448344062,1790532
6,2026-08-29 00:24:56,"testSB_C",-18.3106342873105,1788673
7,2026-08-29 00:24:56,"ntc1_C",-18.2771815974267,1784051
7,2026-08-29 00:24:56,"ntc2_C",-18.3248124745725,1790490
7,2026-08-29 00:24:56,"testSB_C",-18.2956122406316,1788074
8,2026-08-29 00:24:56,"ntc1_C",-18.2610248765295,1789268
8,2026-08-29 00:24:56,"ntc2_C",-18.270154778181,1782886
8,2026-08-29 00:24:56,"testSB_C",-18.2896195791631,1781192
9,2026-08-29 00:24:56,"ntc1_C",-18.254904518485,1781110
9,2026-08-29 00:24:56,"ntc2_C",-18.2565044143079,1787816
9,2026-08-29 00:24:56,"testSB_C",-18.2277000282194,1782753
10,2026-08-29 00:24:56,"ntc1_C",-18.209816975478,1781802
10,2026-08-29 00:24:56,"ntc2_C",-18.2260108204013,1778764
10,2026-08-29 00:24:56,"testSB_C",-18.1845572666057,1777202
11,2026-08-29 00:24:56,"ntc1_C",-18.1204042220562,1775676
11,2026-08-29 00:24:56,"ntc2_C",-18.1588316225322,1777947
11,2026-08-29 00:24:56,"testSB_C",-18.1080931334251,1771829
12,2026-08-29 00:24:56,"ntc1_C",-18.1489795819446,1776345
12,2026-08-29 00:24:56,"ntc2_C",-18.0777943050283,1770258
12,2026-08-29 00:24:56,"testSB_C",-18.0363686586262,1767236
13,2026-08-29 00:24:56,"ntc1_C",-18.0529009396554,1774577
13,2026-08-29 00:24:56,"ntc2_C",-18.0365222708175,1764831
13,2026-08-29 00:24:56,"testSB_C",-17.9923351493447,1764345
14,2026-08-29 00:24:56,"ntc1_C",-17.9903517154362,1762165
14,2026-08-29 00:24:56,"ntc2_C",-18.0193208177356,1768408
14,2026-08-29 00:24:56,"testSB_C",-18.0065187146604,1767434
15,2026-08-29 00:24:56,"ntc1_C",-17.9701133130718,1759261
15,2026-08-29 00:24:56,"ntc2_C",-18.0086006076499,1768485
15,2026-08-29 00:24:56,"testSB_C",-17.9775097244119,1766523
16,2026-08-29 00:24:56,"ntc1_C",-17.9474993376957,1759916
16,2026-08-29 00:24:56,"ntc2_C",-17.9533771949401,1759478
16,2026-08-29 00:24:56,"testSB_C",-17.9529587103421,1759401
17,2026-08-29 00:24:56,"ntc1_C",-17.9498927992438,1759908
17,2026-08-29 00:24:56,"ntc2_C",-17.9349884262076,1757793
17,2026-08-29 00:24:56,"testSB_C",-17.8992405322994,1760678
18,2026-08-29 00:24:56,"ntc1_C",-17.9336081553867,1763587
18,2026-08-29 00:24:56,"ntc2_C",-17.9236660467415,1758192
18,2026-08-29 00:24:56,"testSB_C",-17.9216138186636,1757741
19,2026-08-29 00:24:56,"ntc1_C",-17.9080763299216,1761633
19,2026-08-29 00:24:56,"ntc2_C",-17.9138903274412,1760305
19,2026-08-29 00:24:56,"testSB_C",-17.9090066803252,1762424
20,2026-08-29 00:24:56,"ntc1_C",-17.8813194643508,1756896
20,2026-08-29 00:24:56,"ntc2_C",-17.8946898985453,1760682
20,2026-08-29 00:24:56,"testSB_C",-17.8577201597865,1752599
21,2026-08-29 00:24:56,"ntc1_C",-17.8680581900591,1751960
21,2026-08-29 00:24:56,"ntc2_C",-17.8843424782817,1757821
21,2026-08-29 00:24:56,"testSB_C",-17.8459788751872,1755419
22,2026-08-29 00:24:56,"ntc1_C",-17.8475382174919,1755815
22,2026-08-29 00:24:56,"ntc2_C",-17.8643970980401,1758521
22,2026-08-29 00:24:56,"testSB_C",-17.8389892733493,1752264
23,2026-08-29 00:24:56,"ntc1_C",-17.8403800360115,1758558
23,2026-08-29 00:24:56,"ntc2_C",-17.846640522919,1754904
23,2026-08-29 00:24:56,"testSB_C",-17.8224515135386,1749302
24,2026-08-29 00:24:56,"ntc1_C",-17.8051250210583,1752902
24,2026-08-29 00:24:56,"ntc2_C",-17.8091816067442,1755655
24,2026-08-29 00:24:56,"testSB_C",-17.7488894572068,1744813
1,2026-08-29 03:24:56,"ntc1_C",-19.932359548956,1905659
1,2026-08-29 03:24:56,"testSB_C",-19.8755231415387,1905076
2,2026-08-29 03:24:56,"ntc1_C",-19.7318449625506,1893061
2,2026-08-29 03:24:56,"ntc2_C",-19.6930093148199,1889522
2,2026-08-29 03:24:56,"testSB_C",-19.6880682201996,1892318
3,2026-08-29 03:24:56,"ntc1_C",-19.7151972028522,1894356
3,2026-08-29 03:24:56,"ntc2_C",-19.663723397576,1888932
3,2026-08-29 03:24:56,"testSB_C",-19.5608460327653,1880003
4,2026-08-29 03:24:56,"ntc1_C",-19.5786848599204,1883330
4,2026-08-29 03:24:56,"ntc2_C",-19.6228815057022,1882156
4,2026-08-29 03:24:56,"testSB_C",-19.5635357634634,1877954
5,2026-08-29 03:24:56,"ntc1_C",-19.5367147791134,1876635
5,2026-08-29 03:24:56,"ntc2_C",-19.5396202804837,1878844
5,2026-08-29 03:24:56,"testSB_C",-19.5041582468331,1877708
6,2026-08-29 03:24:56,"ntc1_C",-19.4880739150365,1873162
6,2026-08-29 03:24:56,"ntc2_C",-19.5295320949951,1879030
6,2026-08-29 03:24:56,"testSB_C",-19.484405614271,1875770
7,2026-08-29 03:24:56,"ntc1_C",-19.3782177346399,1865486
7,2026-08-29 03:24:56,"ntc2_C",-19.4792910915108,1876252
7,2026-08-29 03:24:56,"testSB_C",-19.4380435335782,1872780
8,2026-08-29 03:24:56,"ntc1_C",-19.3944884438656,1873359
8,2026-08-29 03:24:56,"ntc2_C",-19.3743983274763,1864486
8,2026-08-29 03:24:56,"testSB_C",-19.368930270043,1860844
9,2026-08-29 03:24:56,"ntc1_C",-19.3663912247481,1863157
9,2026-08-29 03:24:56,"ntc2_C",-19.374132783926,1870670
9,2026-08-29 03:24:56,"testSB_C",-19.3861784234806,1868464
10,2026-08-29 03:24:56,"ntc1_C",-19.3749222536636,1867915
10,2026-08-29 03:24:56,"ntc2_C",-19.4220653973846,1867111
10,2026-08-29 03:24:56,"testSB_C",-19.4025722968011,1867157
11,2026-08-29 03:24:56,"ntc1_C",-19.318728333655,1864020
11,2026-08-29 03:24:56,"ntc2_C",-19.416998442182,1870948
11,2026-08-29 03:24:56,"testSB_C",-19.3671946223047,1864594
12,2026-08-29 03:24:56,"ntc1_C",-19.4205532988774,1870257
12,2026-08-29 03:24:56,"ntc2_C",-19.306161351144,1860612
12,2026-08-29 03:24:56,"testSB_C",-19.2608752814272,1857187
13,2026-08-29 03:24:56,"ntc1_C",-19.3142373834192,1867634
13,2026-08-29 03:24:56,"ntc2_C",-19.3008873733514,1857679
13,2026-08-29 03:24:56,"testSB_C",-19.3354279489777,1863072
14,2026-08-29 03:24:56,"ntc1_C",-19.2567906907451,1854987
14,2026-08-29 03:24:56,"ntc2_C",-19.3133532954714,1863607
14,2026-08-29 03:24:56,"testSB_C",-19.2944674687016,1862136
15,2026-08-29 03:24:56,"ntc1_C",-19.2644845137135,1854024
15,2026-08-29 03:24:56,"ntc2_C",-19.3446772936498,1866920
15,2026-08-29 03:24:56,"testSB_C",-19.2823649861706,1862479
16,2026-08-29 03:24:56,"ntc1_C",-19.2836578228641,1857902
16,2026-08-29 03:24:56,"ntc2_C",-19.2852250968151,1857140
16,2026-08-29 03:24:56,"testSB_C",-19.2628998296775,1855415
17,2026-08-29 03:24:56,"ntc1_C",-19.2554868118931,1855588
17,2026-08-29 03:24:56,"ntc2_C",-19.2512974008438,1854130
17,2026-08-29 03:24:56,"testSB_C",-19.2222104335878,1857676
18,2026-08-29 03:24:56,"ntc1_C",-19.2087250552734,1857107
18,2026-08-29 03:24:56,"ntc2_C",-19.2300773555165,1853755
18,2026-08-29 03:24:56,"testSB_C",-19.192182575595,1850704
19,2026-08-29 03:24:56,"ntc1_C",-19.2144384235573,1857457
19,2026-08-29 03:24:56,"ntc2_C",-19.2328100616408,1857011
19,2026-08-29 03:24:56,"testSB_C",-19.212004677955,1858050
20,2026-08-29 03:24:56,"ntc1_C",-19.1734208746476,1851436
20,2026-08-29 03:24:56,"ntc2_C",-19.1849678047638,1855266
20,2026-08-29 03:24:56,"testSB_C",-19.1607718263025,1847720
21,2026-08-29 03:24:56,"ntc1_C",-19.209684774626,1849864
21,2026-08-29 03:24:56,"ntc2_C",-19.182953196067,1852861
21,2026-08-29 03:24:56,"testSB_C",-19.1707395145045,1852307
22,2026-08-29 03:24:56,"ntc1_C",-19.121053796402,1848885
22,2026-08-29 03:24:56,"ntc2_C",-19.1693467212825,1854047
22,2026-08-29 03:24:56,"testSB_C",-19.1275304476397,1846291
23,2026-08-29 03:24:56,"ntc1_C",-19.105401696594,1851091
23,2026-08-29 03:24:56,"ntc2_C",-19.2017541261144,1854045
23,2026-08-29 03:24:56,"testSB_C",-19.1827020983699,1848367
24,2026-08-29 03:24:56,"ntc1_C",-19.1373599784457,1850228
24,2026-08-29 03:24:56,"ntc2_C",-19.1049338699169,1850371
24,2026-08-29 03:24:56,"testSB_C",-19.1603760328597,1847608
1,2026-08-29 06:24:56,"ntc1_C",-21.5785316505998,2036533
1,2026-08-29 06:24:56,"testSB_C",-21.507224223243,2034688
2,2026-08-29 06:24:56,"ntc1_C",-21.3635891976871,2021953
2,2026-08-29 06:24:56,"ntc2_C",-21.3398737032274,2019412
2,2026-08-29 06:24:56,"testSB_C",-21.2936308562662,2018896
3,2026-08-29 06:24:56,"ntc1_C",-21.2968698572774,2019171
3,2026-08-29 06:24:56,"ntc2_C",-21.224167620532,2011748
3,2026-08-29 06:24:56,"testSB_C",-21.1213668576178,2002235
4,2026-08-29 06:24:56,"ntc1_C",-21.126638748468,2004796
4,2026-08-29 06:24:56,"ntc2_C",-21.1755926964765,2003916
4,2026-08-29 06:24:56,"testSB_C",-21.1111249787213,1999045
5,2026-08-29 06:24:56,"ntc1_C",-21.1042231829393,1999311
5,2026-08-29 06:24:56,"ntc2_C",-21.08532595961,1999837
5,2026-08-29 06:24:56,"testSB_C",-21.0293268286045,1996988
6,2026-08-29 06:24:56,"ntc1_C",-21.0419259023491,1994385
6,2026-08-29 06:24:56,"ntc2_C",-21.0671854763485,1999387
6,2026-08-29 06:24:56,"testSB_C",-21.0574244794461,1998751
7,2026-08-29 06:24:56,"ntc1_C",-20.9311150514099,1986301
7,2026-08-29 06:24:56,"ntc2_C",-20.9772419637404,1993289
7,2026-08-29 06:24:56,"testSB_C",-20.9986424892205,1994600
8,2026-08-29 06:24:56,"ntc1_C",-20.9089322179587,1991517
8,2026-08-29 06:24:56,"ntc2_C",-20.9224767230554,1984810
8,2026-08-29 06:24:56,"testSB_C",-20.8977469730198,1979419
9,2026-08-29 06:24:56,"ntc1_C",-20.9182188096453,1983667
9,2026-08-29 06:24:56,"ntc2_C",-20.8589070615525,1986330
9,2026-08-29 06:24:56,"testSB_C",-20.8740618050582,1984234
10,2026-08-29 06:24:56,"ntc1_C",-20.8855537110538,1985397
10,2026-08-29 06:24:56,"ntc2_C",-20.94531718197,1985606
10,2026-08-29 06:24:56,"testSB_C",-20.9067634647887,1984163
11,2026-08-29 06:24:56,"ntc1_C",-20.8582075695161,1983593
11,2026-08-29 06:24:56,"ntc2_C",-20.8659402613996,1983716
11,2026-08-29 06:24:56,"testSB_C",-20.9136120442722,1984785
12,2026-08-29 06:24:56,"ntc1_C",-20.8824692092259,1983994
12,2026-08-29 06:24:56,"ntc2_C",-20.8730684270938,1982176
12,2026-08-29 06:24:56,"testSB_C",-20.7980405339577,1976217
13,2026-08-29 06:24:56,"ntc1_C",-20.8522155360777,1987316
13,2026-08-29 06:24:56,"ntc2_C",-20.8744776892589,1979667
13,2026-08-29 06:24:56,"testSB_C",-20.8308178219887,1979107
14,2026-08-29 06:24:56,"ntc1_C",-20.7711653954458,1972034
14,2026-08-29 06:24:56,"ntc2_C",-20.807660744915,1979540
14,2026-08-29 06:24:56,"testSB_C",-20.8066275798754,1979417
15,2026-08-29 06:24:56,"ntc1_C",-20.7823972412747,1971284
15,2026-08-29 06:24:56,"ntc2_C",-20.8601616477295,1984811
15,2026-08-29 06:24:56,"testSB_C",-20.7254907434739,1974312
16,2026-08-29 06:24:56,"ntc1_C",-20.7603423078808,1972167
16,2026-08-29 06:24:56,"ntc2_C",-20.8063281922498,1974924
16,2026-08-29 06:24:56,"testSB_C",-20.8152116579919,1975586
17,2026-08-29 06:24:56,"ntc1_C",-20.7809879685798,1973594
17,2026-08-29 06:24:56,"ntc2_C",-20.7531171766522,1970120
17,2026-08-29 06:24:56,"testSB_C",-20.7452944725906,1975578
18,2026-08-29 06:24:56,"ntc1_C",-20.7602956490393,1977208
18,2026-08-29 06:24:56,"ntc2_C",-20.7762441156397,1973183
18,2026-08-29 06:24:56,"testSB_C",-20.7847341102178,1973777
19,2026-08-29 06:24:56,"ntc1_C",-20.6876765155022,1971412
19,2026-08-29 06:24:56,"ntc2_C",-20.754434699006,1974797
19,2026-08-29 06:24:56,"testSB_C",-20.7205589723584,1974866
20,2026-08-29 06:24:56,"ntc1_C",-20.7232227263136,1971162
20,2026-08-29 06:24:56,"ntc2_C",-20.6992920795113,1972383
20,2026-08-29 06:24:56,"testSB_C",-20.6903292595203,1965589
21,2026-08-29 06:24:56,"ntc1_C",-20.676274459668,1962787
21,2026-08-29 06:24:56,"ntc2_C",-20.7224772941583,1971809
21,2026-08-29 06:24:56,"testSB_C",-20.7297793887971,1972785
22,2026-08-29 06:24:56,"ntc1_C",-20.702994708189,1970979
22,2026-08-29 06:24:56,"ntc2_C",-20.7065745909215,1972851
22,2026-08-29 06:24:56,"testSB_C",-20.70238281781,1967679
23,2026-08-29 06:24:56,"ntc1_C",-20.666557964945,1971619
23,2026-08-29 06:24:56,"ntc2_C",-20.6821751948042,1968383
23,2026-08-29 06:24:56,"testSB_C",-20.7004123320592,1965120
24,2026-08-29 06:24:56,"ntc1_C",-20.7108390259962,1971743
24,2026-08-29 06:24:56,"ntc2_C",-20.5919390164769,1965005
24,2026-08-29 06:24:56,"testSB_C",-20.7479561251333,1970051
1,2026-08-29 09:24:56,"ntc1_C",-14.0675057781777,1501300
1,2026-08-29 09:24:56,"testSB_C",-14.4453093681742,1527824
2,2026-08-29 09:24:56,"ntc1_C",-14.7272091286895,1544600
2,2026-08-29 09:24:56,"ntc2_C",-14.2974088013549,1517320
2,2026-08-29 09:24:56,"testSB_C",-14.4200380042818,1527845
3,2026-08-29 09:24:56,"ntc1_C",-11.675028252391,1365836
3,2026-08-29 09:24:56,"ntc2_C",-12.6893266091545,1422253
3,2026-08-29 09:24:56,"testSB_C",-13.0737325719252,1444065
4,2026-08-29 09:24:56,"ntc1_C",-12.4973289435349,1411838
4,2026-08-29 09:24:56,"ntc2_C",-11.9343997902246,1376483
4,2026-08-29 09:24:56,"testSB_C",-13.0935341171187,1443412
5,2026-08-29 09:24:56,"ntc1_C",-12.7297618008184,1422494
5,2026-08-29 09:24:56,"ntc2_C",-12.5984108865442,1416597
5,2026-08-29 09:24:56,"testSB_C",-13.0008287349905,1441226
6,2026-08-29 09:24:56,"ntc1_C",-12.8559149760164,1430412
6,2026-08-29 09:24:56,"ntc2_C",-12.349491077726,1402940
6,2026-08-29 09:24:56,"testSB_C",-12.5249222789759,1413270
7,2026-08-29 09:24:56,"ntc1_C",-12.6825988268816,1420448
7,2026-08-29 09:24:56,"ntc2_C",-12.0273938165838,1385298
7,2026-08-29 09:24:56,"testSB_C",-12.6107222694559,1418585
8,2026-08-29 09:24:56,"ntc1_C",-13.1755024961907,1454615
8,2026-08-29 09:24:56,"ntc2_C",-12.7070070381239,1421421
8,2026-08-29 09:24:56,"testSB_C",-12.615409634221,1413628
9,2026-08-29 09:24:56,"ntc1_C",-12.6654391759624,1418554
9,2026-08-29 09:24:56,"ntc2_C",-12.4611972842694,1411819
9,2026-08-29 09:24:56,"testSB_C",-12.7957487860995,1428875
10,2026-08-29 09:24:56,"ntc1_C",-12.668365426511,1421939
10,2026-08-29 09:24:56,"ntc2_C",-11.890315094611,1374103
10,2026-08-29 09:24:56,"testSB_C",-12.8133299784025,1427956
11,2026-08-29 09:24:56,"ntc1_C",-13.1248819150067,1448937
11,2026-08-29 09:24:56,"ntc2_C",-12.4014531077426,1406311
11,2026-08-29 09:24:56,"testSB_C",-12.1330834644894,1389069
12,2026-08-29 09:24:56,"ntc1_C",-11.8914938580718,1376731
12,2026-08-29 09:24:56,"ntc2_C",-12.5728916624183,1414760
12,2026-08-29 09:24:56,"testSB_C",-13.0167318875273,1440475
13,2026-08-29 09:24:56,"ntc1_C",-12.3604789916685,1407413
13,2026-08-29 09:24:56,"ntc2_C",-11.3457230713294,1343577
13,2026-08-29 09:24:56,"testSB_C",-12.7295480661111,1423922
14,2026-08-29 09:24:56,"ntc1_C",-12.4219513071326,1404620
14,2026-08-29 09:24:56,"ntc2_C",-11.885852087493,1377531
14,2026-08-29 09:24:56,"testSB_C",-12.0432779803016,1386302
15,2026-08-29 09:24:56,"ntc1_C",-12.2617396172966,1394339
15,2026-08-29 09:24:56,"ntc2_C",-11.4252216938592,1352337
15,2026-08-29 09:24:56,"testSB_C",-12.5942354246926,1418699
16,2026-08-29 09:24:56,"ntc1_C",-12.4680562292195,1407783
16,2026-08-29 09:24:56,"ntc2_C",-12.5547515679878,1412007
16,2026-08-29 09:24:56,"testSB_C",-11.8989853026945,1374649
17,2026-08-29 09:24:56,"ntc1_C",-11.9795900189946,1379873
17,2026-08-29 09:24:56,"ntc2_C",-12.2733047984442,1395801
17,2026-08-29 09:24:56,"testSB_C",-12.3630892615539,1405247
18,2026-08-29 09:24:56,"ntc1_C",-12.1273398379941,1392256
18,2026-08-29 09:24:56,"ntc2_C",-11.3069981314394,1342955
18,2026-08-29 09:24:56,"testSB_C",-12.2418053848096,1394521
19,2026-08-29 09:24:56,"ntc1_C",-12.6642313484715,1422820
19,2026-08-29 09:24:56,"ntc2_C",-12.4079183710195,1406582
19,2026-08-29 09:24:56,"testSB_C",-12.3428283564148,1404805
20,2026-08-29 09:24:56,"ntc1_C",-12.1650393951746,1391772
20,2026-08-29 09:24:56,"ntc2_C",-12.3023014999053,1401900
20,2026-08-29 09:24:56,"testSB_C",-12.3311356457966,1399201
21,2026-08-29 09:24:56,"ntc1_C",-12.3724791889426,1400702
21,2026-08-29 09:24:56,"ntc2_C",-11.5068825741826,1355541
21,2026-08-29 09:24:56,"testSB_C",-12.0247926868153,1384721
22,2026-08-29 09:24:56,"ntc1_C",-11.810345714165,1372879
22,2026-08-29 09:24:56,"ntc2_C",-11.3079528393437,1346324
22,2026-08-29 09:24:56,"testSB_C",-12.3986145522488,1403846
23,2026-08-29 09:24:56,"ntc1_C",-12.4042532254069,1409314
23,2026-08-29 09:24:56,"ntc2_C",-11.7024879185741,1366198
23,2026-08-29 09:24:56,"testSB_C",-12.293163729287,1396807
24,2026-08-29 09:24:56,"ntc1_C",-11.7479648296514,1369449
24,2026-08-29 09:24:56,"ntc2_C",-12.0641477497764,1389271
24,2026-08-29 09:24:56,"testSB_C",-10.898146711053,1319750
1,2026-08-29 12:24:56,"ntc1_C",-9.2000912063026,1230715
1,2026-08-29 12:24:56,"testSB_C",-9.21047391237994,1233952
2,2026-08-29 12:24:56,"ntc1_C",-9.44484450278435,1245003
2,2026-08-29 12:24:56,"ntc2_C",-9.31457346969961,1238069
2,2026-08-29 12:24:56,"testSB_C",-8.97091560368392,1223452
3,2026-08-29 12:24:56,"ntc1_C",-7.65121195438195,1159140
3,2026-08-29 12:24:56,"ntc2_C",-7.85456771185721,1167616
3,2026-08-29 12:24:56,"testSB_C",-8.75258933865274,1210683
4,2026-08-29 12:24:56,"ntc1_C",-7.90225420557834,1170479
4,2026-08-29 12:24:56,"ntc2_C",-7.90198416885988,1167720
4,2026-08-29 12:24:56,"testSB_C",-8.42751227181861,1193207
5,2026-08-29 12:24:56,"ntc1_C",-8.42915152344835,1193468
5,2026-08-29 12:24:56,"ntc2_C",-8.12100996593767,1180108
5,2026-08-29 12:24:56,"testSB_C",-8.31677573978789,1190504
6,2026-08-29 12:24:56,"ntc1_C",-8.4759122422974,1196423
6,2026-08-29 12:24:56,"ntc2_C",-8.07905040654833,1178590
6,2026-08-29 12:24:56,"testSB_C",-9.15804056093378,1231875
7,2026-08-29 12:24:56,"ntc1_C",-8.13592268046688,1179878
7,2026-08-29 12:24:56,"ntc2_C",-7.86020708196895,1168679
7,2026-08-29 12:24:56,"testSB_C",-8.10518142810463,1180420
8,2026-08-29 12:24:56,"ntc1_C",-8.28905039480742,1191643
8,2026-08-29 12:24:56,"ntc2_C",-8.34002995070244,1189416
8,2026-08-29 12:24:56,"testSB_C",-7.78044958268197,1160555
9,2026-08-29 12:24:56,"ntc1_C",-8.35519724054399,1189818
9,2026-08-29 12:24:56,"ntc2_C",-7.9767288662959,1175673
9,2026-08-29 12:24:56,"testSB_C",-8.83061632589983,1215352
10,2026-08-29 12:24:56,"ntc1_C",-8.24897970411189,1187387
10,2026-08-29 12:24:56,"ntc2_C",-7.9420843608757,1169681
10,2026-08-29 12:24:56,"testSB_C",-8.25922933267873,1185773
11,2026-08-29 12:24:56,"ntc1_C",-8.44924731886908,1197357
11,2026-08-29 12:24:56,"ntc2_C",-8.02516127825658,1176384
11,2026-08-29 12:24:56,"testSB_C",-8.296486789553,1187834
12,2026-08-29 12:24:56,"ntc1_C",-7.93184794909649,1171434
12,2026-08-29 12:24:56,"ntc2_C",-8.04288950376832,1176082
12,2026-08-29 12:24:56,"testSB_C",-9.22905200386583,1234163
13,2026-08-29 12:24:56,"ntc1_C",-8.27953821916054,1191580
13,2026-08-29 12:24:56,"ntc2_C",-7.86685872875654,1165786
13,2026-08-29 12:24:56,"testSB_C",-8.13378457507355,1180450
14,2026-08-29 12:24:56,"ntc1_C",-8.10713599050683,1177958
14,2026-08-29 12:24:56,"ntc2_C",-7.90805696369279,1171261
14,2026-08-29 12:24:56,"testSB_C",-8.19332387483479,1184817
15,2026-08-29 12:24:56,"ntc1_C",-8.26530957563301,1184638
15,2026-08-29 12:24:56,"ntc2_C",-8.04182745175569,1177978
15,2026-08-29 12:24:56,"testSB_C",-8.02947522347722,1177617
16,2026-08-29 12:24:56,"ntc1_C",-8.42181250332015,1193507
16,2026-08-29 12:24:56,"ntc2_C",-8.08069017356297,1176337
16,2026-08-29 12:24:56,"testSB_C",-8.24866316020848,1184367
17,2026-08-29 12:24:56,"ntc1_C",-8.10578978624613,1178139
17,2026-08-29 12:24:56,"ntc2_C",-8.16306206290824,1180360
17,2026-08-29 12:24:56,"testSB_C",-8.38452854502668,1194707
18,2026-08-29 12:24:56,"ntc1_C",-8.13580338378222,1183116
18,2026-08-29 12:24:56,"ntc2_C",-8.21450695337802,1183907
18,2026-08-29 12:24:56,"testSB_C",-8.30734158298964,1187634
19,2026-08-29 12:24:56,"ntc1_C",-8.27336309879331,1189439
19,2026-08-29 12:24:56,"ntc2_C",-8.26957198797805,1188022
19,2026-08-29 12:24:56,"testSB_C",-8.16144641048203,1184435
20,2026-08-29 12:24:56,"ntc1_C",-8.21124895495075,1184370
20,2026-08-29 12:24:56,"ntc2_C",-8.04305892406967,1178237
20,2026-08-29 12:24:56,"testSB_C",-7.99910086075107,1172501
21,2026-08-29 12:24:56,"ntc1_C",-8.23158066875612,1183102
21,2026-08-29 12:24:56,"ntc2_C",-8.11140938557236,1180199
21,2026-08-29 12:24:56,"testSB_C",-8.47959099947843,1198208
22,2026-08-29 12:24:56,"ntc1_C",-8.28337993031585,1188872
22,2026-08-29 12:24:56,"ntc2_C",-7.83620389846129,1168624
22,2026-08-29 12:24:56,"testSB_C",-8.54562090746396,1199593
23,2026-08-29 12:24:56,"ntc1_C",-8.78249005533496,1215738
23,2026-08-29 12:24:56,"ntc2_C",-8.92518863184881,1219820
23,2026-08-29 12:24:56,"testSB_C",-9.50550988433423,1246727
24,2026-08-29 12:24:56,"ntc1_C",-8.69652810483524,1209102
24,2026-08-29 12:24:56,"ntc2_C",-8.50597399579613,1201541
24,2026-08-29 12:24:56,"testSB_C",-8.46531404910405,1195080
1,2026-08-29 15:24:56,"ntc1_C",-7.45524573090529,1146190
1,2026-08-29 15:24:56,"testSB_C",-7.5354389977141,1152518
2,2026-08-29 15:24:56,"ntc1_C",-7.60451123151358,1154988
2,2026-08-29 15:24:56,"ntc2_C",-7.25549249706211,1138384
2,2026-08-29 15:24:56,"testSB_C",-7.31071440218102,1143474
3,2026-08-29 15:24:56,"ntc1_C",-6.53887125770513,1107829
3,2026-08-29 15:24:56,"ntc2_C",-6.4983629348468,1104877
3,2026-08-29 15:24:56,"testSB_C",-6.46483572788765,1102994
4,2026-08-29 15:24:56,"ntc1_C",-6.65123792379813,1112342
4,2026-08-29 15:24:56,"ntc2_C",-6.67483404376208,1110812
4,2026-08-29 15:24:56,"testSB_C",-6.46059437479647,1101370
5,2026-08-29 15:24:56,"ntc1_C",-6.62682586879367,1108966
5,2026-08-29 15:24:56,"ntc2_C",-6.69281008729166,1113438
5,2026-08-29 15:24:56,"testSB_C",-6.41964026078762,1101995
6,2026-08-29 15:24:56,"ntc1_C",-6.72673340032924,1114185
6,2026-08-29 15:24:56,"ntc2_C",-6.7173848670983,1115002
6,2026-08-29 15:24:56,"testSB_C",-6.50536791405995,1105710
7,2026-08-29 15:24:56,"ntc1_C",-6.44651591144691,1101419
7,2026-08-29 15:24:56,"ntc2_C",-6.80316034972896,1119428
7,2026-08-29 15:24:56,"testSB_C",-6.43227563971902,1102704
8,2026-08-29 15:24:56,"ntc1_C",-6.53154236529065,1109318
8,2026-08-29 15:24:56,"ntc2_C",-6.38265060151349,1098288
8,2026-08-29 15:24:56,"testSB_C",-6.54603688013299,1103669
9,2026-08-29 15:24:56,"ntc1_C",-6.50875467661723,1103647
9,2026-08-29 15:24:56,"ntc2_C",-6.41118201017326,1103039
9,2026-08-29 15:24:56,"testSB_C",-6.51672747985316,1106003
10,2026-08-29 15:24:56,"ntc1_C",-6.47485494501603,1104648
10,2026-08-29 15:24:56,"ntc2_C",-6.62478417425586,1108593
10,2026-08-29 15:24:56,"testSB_C",-6.54969214174463,1106016
11,2026-08-29 15:24:56,"ntc1_C",-6.53038775459254,1107379
11,2026-08-29 15:24:56,"ntc2_C",-6.48151995092371,1104728
11,2026-08-29 15:24:56,"testSB_C",-6.5176131675999,1104846
12,2026-08-29 15:24:56,"ntc1_C",-6.67378562075663,1112950
12,2026-08-29 15:24:56,"ntc2_C",-6.50009014790538,1104489
12,2026-08-29 15:24:56,"testSB_C",-6.66528827835145,1111748
13,2026-08-29 15:24:56,"ntc1_C",-6.63070121259858,1114198
13,2026-08-29 15:24:56,"ntc2_C",-6.33587180067315,1095323
13,2026-08-29 15:24:56,"testSB_C",-6.41259912434975,1100542
14,2026-08-29 15:24:56,"ntc1_C",-6.2590750945526,1092602
14,2026-08-29 15:24:56,"ntc2_C",-6.43759848911361,1103216
14,2026-08-29 15:24:56,"testSB_C",-6.53246732623734,1107337
15,2026-08-29 15:24:56,"ntc1_C",-6.51109922024767,1102998
15,2026-08-29 15:24:56,"ntc2_C",-6.6001955502665,1110806
15,2026-08-29 15:24:56,"testSB_C",-6.70833413125126,1115926
16,2026-08-29 15:24:56,"ntc1_C",-6.66345041501376,1111007
16,2026-08-29 15:24:56,"ntc2_C",-6.31543563994938,1094727
16,2026-08-29 15:24:56,"testSB_C",-6.48167526570603,1102104
17,2026-08-29 15:24:56,"ntc1_C",-6.31489429502813,1095276
17,2026-08-29 15:24:56,"ntc2_C",-6.48812771764773,1102553
17,2026-08-29 15:24:56,"testSB_C",-6.45338358735717,1104350
18,2026-08-29 15:24:56,"ntc1_C",-6.34764727956576,1100063
18,2026-08-29 15:24:56,"ntc2_C",-6.76986569688671,1116309
18,2026-08-29 15:24:56,"testSB_C",-6.60049094020371,1107849
19,2026-08-29 15:24:56,"ntc1_C",-6.46933724293137,1105181
19,2026-08-29 15:24:56,"ntc2_C",-6.63845460730494,1111650
19,2026-08-29 15:24:56,"testSB_C",-6.52907085541995,1108241
20,2026-08-29 15:24:56,"ntc1_C",-6.36576564002473,1098597
20,2026-08-29 15:24:56,"ntc2_C",-6.714617740564,1116170
20,2026-08-29 15:24:56,"testSB_C",-6.24202639728634,1091544
21,2026-08-29 15:24:56,"ntc1_C",-6.38778758872201,1097586
21,2026-08-29 15:24:56,"ntc2_C",-6.80153745696902,1118885
21,2026-08-29 15:24:56,"testSB_C",-6.62180840747203,1110871
22,2026-08-29 15:24:56,"ntc1_C",-6.39789879382442,1101001
22,2026-08-29 15:24:56,"ntc2_C",-6.442593141168,1104192
22,2026-08-29 15:24:56,"testSB_C",-6.78097980759708,1116387
23,2026-08-29 15:24:56,"ntc1_C",-6.81308614855084,1122021
23,2026-08-29 15:24:56,"ntc2_C",-6.53283007307061,1106548
23,2026-08-29 15:24:56,"testSB_C",-6.67448160683045,1110991
24,2026-08-29 15:24:56,"ntc1_C",-6.36351327965406,1099475
24,2026-08-29 15:24:56,"ntc2_C",-6.72658811333838,1117534
24,2026-08-29 15:24:56,"testSB_C",-6.55479048443584,1105628
1,2026-08-29 18:24:56,"ntc1_C",-9.7575822809286,1259038
1,2026-08-29 18:24:56,"testSB_C",-9.88068945523622,1268154
2,2026-08-29 18:24:56,"ntc1_C",-9.6733520740288,1256667
2,2026-08-29 18:24:56,"ntc2_C",-9.24301885920102,1234460
2,2026-08-29 18:24:56,"testSB_C",-9.6747072091776,1259054
3,2026-08-29 18:24:56,"ntc1_C",-8.88003683749082,1218658
3,2026-08-29 18:24:56,"ntc2_C",-8.66405894632982,1206789
3,2026-08-29 18:24:56,"testSB_C",-8.37253181372228,1192075
4,2026-08-29 18:24:56,"ntc1_C",-8.83180439479065,1215682
4,2026-08-29 18:24:56,"ntc2_C",-8.83634799575435,1213044
4,2026-08-29 18:24:56,"testSB_C",-8.33541848361659,1188737
5,2026-08-29 18:24:56,"ntc1_C",-8.45888576696404,1194916
5,2026-08-29 18:24:56,"ntc2_C",-8.7551705454091,1211007
5,2026-08-29 18:24:56,"testSB_C",-8.38312691767351,1193728
6,2026-08-29 18:24:56,"ntc1_C",-8.5216561506835,1198655
6,2026-08-29 18:24:56,"ntc2_C",-8.76938782943296,1212232
6,2026-08-29 18:24:56,"testSB_C",-8.37801325938074,1193320
7,2026-08-29 18:24:56,"ntc1_C",-8.31096802292717,1188328
7,2026-08-29 18:24:56,"ntc2_C",-8.95629389565755,1222092
7,2026-08-29 18:24:56,"testSB_C",-8.32552215218578,1191066
8,2026-08-29 18:24:56,"ntc1_C",-8.38150629807058,1196143
8,2026-08-29 18:24:56,"ntc2_C",-8.21941581920356,1183583
8,2026-08-29 18:24:56,"testSB_C",-8.67843293229657,1203817
9,2026-08-29 18:24:56,"ntc1_C",-8.27212580154242,1185797
9,2026-08-29 18:24:56,"ntc2_C",-8.44943207082525,1198553
9,2026-08-29 18:24:56,"testSB_C",-8.36329862627161,1192410
10,2026-08-29 18:24:56,"ntc1_C",-8.3178326781042,1190723
10,2026-08-29 18:24:56,"ntc2_C",-8.75554377501692,1209114
10,2026-08-29 18:24:56,"testSB_C",-8.45203382253385,1195130
11,2026-08-29 18:24:56,"ntc1_C",-8.30800603414389,1190486
11,2026-08-29 18:24:56,"ntc2_C",-8.53508270396668,1201086
11,2026-08-29 18:24:56,"testSB_C",-8.33412005411094,1189657
12,2026-08-29 18:24:56,"ntc1_C",-8.87887815647338,1217525
12,2026-08-29 18:24:56,"ntc2_C",-8.52386404395008,1199359
12,2026-08-29 18:24:56,"testSB_C",-8.59063113442465,1202448
13,2026-08-29 18:24:56,"ntc1_C",-8.53311738675274,1203959
13,2026-08-29 18:24:56,"ntc2_C",-8.43654861676839,1193176
13,2026-08-29 18:24:56,"testSB_C",-8.32264191627621,1189572
14,2026-08-29 18:24:56,"ntc1_C",-8.1100531405308,1178098
14,2026-08-29 18:24:56,"ntc2_C",-8.53587407764303,1201607
14,2026-08-29 18:24:56,"testSB_C",-8.40798653389157,1195228
15,2026-08-29 18:24:56,"ntc1_C",-8.38106632071532,1190238
15,2026-08-29 18:24:56,"ntc2_C",-8.58270018540424,1204239
15,2026-08-29 18:24:56,"testSB_C",-8.74357205988525,1212402
16,2026-08-29 18:24:56,"ntc1_C",-8.38872216951984,1191898
16,2026-08-29 18:24:56,"ntc2_C",-8.27357473642405,1185624
16,2026-08-29 18:24:56,"testSB_C",-8.3132662904415,1187491
17,2026-08-29 18:24:56,"ntc1_C",-8.19087784646769,1182232
17,2026-08-29 18:24:56,"ntc2_C",-8.34119902318952,1188959
17,2026-08-29 18:24:56,"testSB_C",-8.21678401900141,1186567
18,2026-08-29 18:24:56,"ntc1_C",-8.17535811263434,1185024
18,2026-08-29 18:24:56,"ntc2_C",-8.7110029759433,1208093
18,2026-08-29 18:24:56,"testSB_C",-8.40720396238197,1192480
19,2026-08-29 18:24:56,"ntc1_C",-8.28134401424381,1189826
19,2026-08-29 18:24:56,"ntc2_C",-8.57240417977863,1202781
19,2026-08-29 18:24:56,"testSB_C",-8.44168931727353,1198045
20,2026-08-29 18:24:56,"ntc1_C",-8.10042851067266,1179031
20,2026-08-29 18:24:56,"ntc2_C",-8.74698656096763,1212544
20,2026-08-29 18:24:56,"testSB_C",-8.09932118867579,1177300
21,2026-08-29 18:24:56,"ntc1_C",-8.13436253662616,1178427
21,2026-08-29 18:24:56,"ntc2_C",-8.79979306329915,1213787
21,2026-08-29 18:24:56,"testSB_C",-8.32772121466991,1190812
22,2026-08-29 18:24:56,"ntc1_C",-8.0499760100235,1177616
22,2026-08-29 18:24:56,"ntc2_C",-8.46564725621539,1198976
22,2026-08-29 18:24:56,"testSB_C",-8.40169279377136,1192575
23,2026-08-29 18:24:56,"ntc1_C",-8.54425445235205,1203989
23,2026-08-29 18:24:56,"ntc2_C",-8.47147252359508,1197462
23,2026-08-29 18:24:56,"testSB_C",-8.45325013302158,1194403
24,2026-08-29 18:24:56,"ntc1_C",-8.09491266921833,1179805
24,2026-08-29 18:24:56,"ntc2_C",-8.52495344268988,1202471
24,2026-08-29 18:24:56,"testSB_C",-8.17320822801008,1180938
1,2026-08-29 21:24:56,"ntc1_C",-20.4170489333373,1943357
1,2026-08-29 21:24:56,"testSB_C",-20.3058709928731,1938493
2,2026-08-29 21:24:56,"ntc1_C",-20.2162131540305,1930499
2,2026-08-29 21:24:56,"ntc2_C",-20.1146890554982,1922017
2,2026-08-29 21:24:56,"testSB_C",-20.1124456056313,1925035
3,2026-08-29 21:24:56,"ntc1_C",-20.1091497624396,1924753
3,2026-08-29 21:24:56,"ntc2_C",-20.0177504092681,1916166
3,2026-08-29 21:24:56,"testSB_C",-19.9434113921976,1909306
4,2026-08-29 21:24:56,"ntc1_C",-19.9536970254905,1912109
4,2026-08-29 21:24:56,"ntc2_C",-19.9267690723092,1905428
4,2026-08-29 21:24:56,"testSB_C",-19.8352852253486,1898708
5,2026-08-29 21:24:56,"ntc1_C",-19.8235946941282,1898547
5,2026-08-29 21:24:56,"ntc2_C",-19.8180573192051,1900121
5,2026-08-29 21:24:56,"testSB_C",-19.7677516540429,1897835
6,2026-08-29 21:24:56,"ntc1_C",-19.7342689102422,1891898
6,2026-08-29 21:24:56,"ntc2_C",-19.7502633322904,1895881
6,2026-08-29 21:24:56,"testSB_C",-19.6997967651286,1892181
7,2026-08-29 21:24:56,"ntc1_C",-19.6578583343318,1886721
7,2026-08-29 21:24:56,"ntc2_C",-19.6953266171645,1892725
7,2026-08-29 21:24:56,"testSB_C",-19.6302322129498,1887397
8,2026-08-29 21:24:56,"ntc1_C",-19.5742487575741,1887033
8,2026-08-29 21:24:56,"ntc2_C",-19.5462096984313,1877495
8,2026-08-29 21:24:56,"testSB_C",-19.6044406892911,1878666
9,2026-08-29 21:24:56,"ntc1_C",-19.5069194231798,1873781
9,2026-08-29 21:24:56,"ntc2_C",-19.5248296624751,1882115
9,2026-08-29 21:24:56,"testSB_C",-19.5002775687885,1877113
10,2026-08-29 21:24:56,"ntc1_C",-19.4930249258301,1876860
10,2026-08-29 21:24:56,"ntc2_C",-19.5097981963347,1873752
10,2026-08-29 21:24:56,"testSB_C",-19.476749000889,1872772
11,2026-08-29 21:24:56,"ntc1_C",-19.4258830413079,1872119
11,2026-08-29 21:24:56,"ntc2_C",-19.452081515078,1873606
11,2026-08-29 21:24:56,"testSB_C",-19.4056201286778,1867496
12,2026-08-29 21:24:56,"ntc1_C",-19.4474601005533,1872294
12,2026-08-29 21:24:56,"ntc2_C",-19.4048580511323,1868058
12,2026-08-29 21:24:56,"testSB_C",-19.3932031764608,1867163
13,2026-08-29 21:24:56,"ntc1_C",-19.399301516257,1874073
13,2026-08-29 21:24:56,"ntc2_C",-19.3805474129491,1863681
13,2026-08-29 21:24:56,"testSB_C",-19.3520238633638,1864324
14,2026-08-29 21:24:56,"ntc1_C",-19.3295222850706,1860456
14,2026-08-29 21:24:56,"ntc2_C",-19.3341653736307,1865177
14,2026-08-29 21:24:56,"testSB_C",-19.3109302719001,1863377
15,2026-08-29 21:24:56,"ntc1_C",-19.2874470173556,1855748
15,2026-08-29 21:24:56,"ntc2_C",-19.2868586580996,1862555
15,2026-08-29 21:24:56,"testSB_C",-19.2830016461112,1862527
16,2026-08-29 21:24:56,"ntc1_C",-19.2403020111505,1854643
16,2026-08-29 21:24:56,"ntc2_C",-19.2257045341533,1852668
16,2026-08-29 21:24:56,"testSB_C",-19.2179943300397,1852043
17,2026-08-29 21:24:56,"ntc1_C",-19.2044635142697,1851758
17,2026-08-29 21:24:56,"ntc2_C",-19.1879180092823,1849379
17,2026-08-29 21:24:56,"testSB_C",-19.1589917567898,1852928
18,2026-08-29 21:24:56,"ntc1_C",-19.1806996669349,1855002
18,2026-08-29 21:24:56,"ntc2_C",-19.1697128908177,1849233
18,2026-08-29 21:24:56,"testSB_C",-19.1629532690411,1848514
19,2026-08-29 21:24:56,"ntc1_C",-19.1420309331304,1852019
19,2026-08-29 21:24:56,"ntc2_C",-19.1454634629403,1850454
19,2026-08-29 21:24:56,"testSB_C",-19.1286582644891,1851789
20,2026-08-29 21:24:56,"ntc1_C",-19.1084464919688,1846569
20,2026-08-29 21:24:56,"ntc2_C",-19.1337041848925,1851418
20,2026-08-29 21:24:56,"testSB_C",-19.0823294792205,1841858
21,2026-08-29 21:24:56,"ntc1_C",-19.0765450544922,1839921
21,2026-08-29 21:24:56,"ntc2_C",-19.102029718611,1846799
21,2026-08-29 21:24:56,"testSB_C",-19.0359754456301,1842224
22,2026-08-29 21:24:56,"ntc1_C",-19.0393734312885,1842778
22,2026-08-29 21:24:56,"ntc2_C",-19.0598066617079,1845843
22,2026-08-29 21:24:56,"testSB_C",-19.0025973267926,1836969
23,2026-08-29 21:24:56,"ntc1_C",-19.0111549464825,1844041
23,2026-08-29 21:24:56,"ntc2_C",-19.0271086569913,1840976
23,2026-08-29 21:24:56,"testSB_C",-18.999822491148,1834746
24,2026-08-29 21:24:56,"ntc1_C",-18.9673016010418,1837525
24,2026-08-29 21:24:56,"ntc2_C",-18.9701725936822,1840299
24,2026-08-29 21:24:56,"testSB_C",-18.9412350118252,1831280
1,2026-08-30 00:24:56,"ntc1_C",-23.3325450185257,2185035
1,2026-08-30 00:24:56,"testSB_C",-23.257991503693,2182747
2,2026-08-30 00:24:56,"ntc1_C",-23.2010244851403,2176748
2,2026-08-30 00:24:56,"ntc2_C",-23.1773088144858,2174022
2,2026-08-30 00:24:56,"testSB_C",-23.1657656100175,2176330
3,2026-08-30 00:24:56,"ntc1_C",-23.1194983838842,2172384
3,2026-08-30 00:24:56,"ntc2_C",-23.0798364510904,2167379
3,2026-08-30 00:24:56,"testSB_C",-23.050014654933,2163441
4,2026-08-30 00:24:56,"ntc1_C",-23.0381760367573,2164771
4,2026-08-30 00:24:56,"ntc2_C",-23.0354742906269,2159332
4,2026-08-30 00:24:56,"testSB_C",-23.0389575936525,2159979
5,2026-08-30 00:24:56,"ntc1_C",-23.0256107116469,2159785
5,2026-08-30 00:24:56,"ntc2_C",-23.013428381753,2160852
5,2026-08-30 00:24:56,"testSB_C",-23.012189801682,2162539
6,2026-08-30 00:24:56,"ntc1_C",-23.0078110651362,2158138
6,2026-08-30 00:24:56,"ntc2_C",-23.0012486705449,2160877
6,2026-08-30 00:24:56,"testSB_C",-23.0199842758899,2162630
7,2026-08-30 00:24:56,"ntc1_C",-22.9842220892605,2157158
7,2026-08-30 00:24:56,"ntc2_C",-22.987876464858,2161004
7,2026-08-30 00:24:56,"testSB_C",-22.9932704492613,2160970
8,2026-08-30 00:24:56,"ntc1_C",-22.9757532371274,2163898
8,2026-08-30 00:24:56,"ntc2_C",-22.9765100617225,2155554
8,2026-08-30 00:24:56,"testSB_C",-22.972052217452,2151500
9,2026-08-30 00:24:56,"ntc1_C",-22.9508170705989,2152424
9,2026-08-30 00:24:56,"ntc2_C",-22.9441317151656,2159946
9,2026-08-30 00:24:56,"testSB_C",-22.9313809737361,2155257
10,2026-08-30 00:24:56,"ntc1_C",-22.9184683772945,2154295
10,2026-08-30 00:24:56,"ntc2_C",-22.9235715429121,2149886
10,2026-08-30 00:24:56,"testSB_C",-22.9061272603135,2150207
11,2026-08-30 00:24:56,"ntc1_C",-22.8990686576203,2153067
11,2026-08-30 00:24:56,"ntc2_C",-22.8966283172231,2152369
11,2026-08-30 00:24:56,"testSB_C",-22.8962676540174,2149378
12,2026-08-30 00:24:56,"ntc1_C",-22.9074278146783,2152131
12,2026-08-30 00:24:56,"ntc2_C",-22.9003181525497,2150373
12,2026-08-30 00:24:56,"testSB_C",-22.9031372228675,2150715
13,2026-08-30 00:24:56,"ntc1_C",-22.8988607447229,2157603
13,2026-08-30 00:24:56,"ntc2_C",-22.8940863753809,2147112
13,2026-08-30 00:24:56,"testSB_C",-22.9063818588451,2151277
14,2026-08-30 00:24:56,"ntc1_C",-22.8931772721876,2147598
14,2026-08-30 00:24:56,"ntc2_C",-22.8840779724229,2151749
14,2026-08-30 00:24:56,"testSB_C",-22.8903775136635,2152253
15,2026-08-30 00:24:56,"ntc1_C",-22.8685390520987,2143688
15,2026-08-30 00:24:56,"ntc2_C",-22.8749402870364,2152230
15,2026-08-30 00:24:56,"testSB_C",-22.880164932912,2152906
16,2026-08-30 00:24:56,"ntc1_C",-22.8404999669057,2144210
16,2026-08-30 00:24:56,"ntc2_C",-22.8350285914183,2142803
16,2026-08-30 00:24:56,"testSB_C",-22.821609305467,2141605
17,2026-08-30 00:24:56,"ntc1_C",-22.8169457401405,2141944
17,2026-08-30 00:24:56,"ntc2_C",-22.8056425790799,2139550
17,2026-08-30 00:24:56,"testSB_C",-22.7838626683677,2144254
18,2026-08-30 00:24:56,"ntc1_C",-22.7910095889416,2145286
18,2026-08-30 00:24:56,"ntc2_C",-22.7754859523379,2138194
18,2026-08-30 00:24:56,"testSB_C",-22.759576004477,2136932
19,2026-08-30 00:24:56,"ntc1_C",-22.7372685026,2140760
19,2026-08-30 00:24:56,"ntc2_C",-22.7359550293411,2138576
19,2026-08-30 00:24:56,"testSB_C",-22.7241816368968,2140559
20,2026-08-30 00:24:56,"ntc1_C",-22.700201126392,2134322
20,2026-08-30 00:24:56,"ntc2_C",-22.7186209830777,2139242
20,2026-08-30 00:24:56,"testSB_C",-22.7014949743427,2131205
21,2026-08-30 00:24:56,"ntc1_C",-22.6937695633936,2128613
21,2026-08-30 00:24:56,"ntc2_C",-22.7086384421516,2135737
21,2026-08-30 00:24:56,"testSB_C",-22.6766556899981,2133436
22,2026-08-30 00:24:56,"ntc1_C",-22.6696832085981,2133195
22,2026-08-30 00:24:56,"ntc2_C",-22.6815829060701,2135856
22,2026-08-30 00:24:56,"testSB_C",-22.6397621319569,2127169
23,2026-08-30 00:24:56,"ntc1_C",-22.6472642250379,2135020
23,2026-08-30 00:24:56,"ntc2_C",-22.6472760376486,2130277
23,2026-08-30 00:24:56,"testSB_C",-22.6327188442055,2123641
24,2026-08-30 00:24:56,"ntc1_C",-22.6042061063659,2127773
24,2026-08-30 00:24:56,"ntc2_C",-22.5929807700033,2129691
24,2026-08-30 00:24:56,"testSB_C",-22.5735577174663,2120150
1,2026-08-30 03:24:56,"ntc1_C",-26.7652963136569,2503966
1,2026-08-30 03:24:56,"testSB_C",-26.6859370232718,2500859
2,2026-08-30 03:24:56,"ntc1_C",-26.5674943982355,2488170
2,2026-08-30 03:24:56,"ntc2_C",-26.519002041437,2482665
2,2026-08-30 03:24:56,"testSB_C",-26.5000534660501,2484220
3,2026-08-30 03:24:56,"ntc1_C",-26.487277455367,2483186
3,2026-08-30 03:24:56,"ntc2_C",-26.4212603634559,2475123
3,2026-08-30 03:24:56,"testSB_C",-26.3680080342178,2468287
4,2026-08-30 03:24:56,"ntc1_C",-26.3731741919395,2471563
4,2026-08-30 03:24:56,"ntc2_C",-26.3779793854198,2466126
4,2026-08-30 03:24:56,"testSB_C",-26.3093206608949,2459834
5,2026-08-30 03:24:56,"ntc1_C",-26.2976339652899,2459921
5,2026-08-30 03:24:56,"ntc2_C",-26.2982709264777,2462214
5,2026-08-30 03:24:56,"testSB_C",-26.2644542795618,2460961
6,2026-08-30 03:24:56,"ntc1_C",-26.2521205284995,2454984
6,2026-08-30 03:24:56,"ntc2_C",-26.2699936571748,2460636
6,2026-08-30 03:24:56,"testSB_C",-26.2206649129751,2455974
7,2026-08-30 03:24:56,"ntc1_C",-26.1832941300407,2449879
7,2026-08-30 03:24:56,"ntc2_C",-26.2316883564939,2458493
7,2026-08-30 03:24:56,"testSB_C",-26.1618310338706,2451068
8,2026-08-30 03:24:56,"ntc1_C",-26.1453218382221,2454406
8,2026-08-30 03:24:56,"ntc2_C",-26.1324029510577,2443747
8,2026-08-30 03:24:56,"testSB_C",-26.1561790068313,2441971
9,2026-08-30 03:24:56,"ntc1_C",-26.0924361757112,2438785
9,2026-08-30 03:24:56,"ntc2_C",-26.1028548247795,2449025
9,2026-08-30 03:24:56,"testSB_C",-26.0810888242337,2442890
10,2026-08-30 03:24:56,"ntc1_C",-26.0577662014276,2440626
10,2026-08-30 03:24:56,"ntc2_C",-26.0752475732362,2437031
10,2026-08-30 03:24:56,"testSB_C",-26.0115042765709,2433061
11,2026-08-30 03:24:56,"ntc1_C",-25.9513556824803,2430972
11,2026-08-30 03:24:56,"ntc2_C",-25.9881583090621,2434039
11,2026-08-30 03:24:56,"testSB_C",-25.954369357797,2427488
12,2026-08-30 03:24:56,"ntc1_C",-25.9617626156336,2430130
12,2026-08-30 03:24:56,"ntc2_C",-25.9041042672455,2423332
12,2026-08-30 03:24:56,"testSB_C",-25.8843995787998,2421673
13,2026-08-30 03:24:56,"ntc1_C",-25.9094979685371,2432075
13,2026-08-30 03:24:56,"ntc2_C",-25.8391349556577,2414266
13,2026-08-30 03:24:56,"testSB_C",-25.8403121619179,2417749
14,2026-08-30 03:24:56,"ntc1_C",-25.8146714935301,2412441
14,2026-08-30 03:24:56,"ntc2_C",-25.8165365511911,2418026
14,2026-08-30 03:24:56,"testSB_C",-25.8012503899864,2416508
15,2026-08-30 03:24:56,"ntc1_C",-25.7799848979793,2407120
15,2026-08-30 03:24:56,"ntc2_C",-25.7683601666525,2415007
15,2026-08-30 03:24:56,"testSB_C",-25.7854438051432,2416807
16,2026-08-30 03:24:56,"ntc1_C",-25.7202009287597,2404795
16,2026-08-30 03:24:56,"ntc2_C",-25.69680259693,2401587
16,2026-08-30 03:24:56,"testSB_C",-25.70627711344,2402440
17,2026-08-30 03:24:56,"ntc1_C",-25.6975026920605,2402357
17,2026-08-30 03:24:56,"ntc2_C",-25.6926891204292,2400215
17,2026-08-30 03:24:56,"testSB_C",-25.6413140054681,2402631
18,2026-08-30 03:24:56,"ntc1_C",-25.6632676635833,2405106
18,2026-08-30 03:24:56,"ntc2_C",-25.6445055752073,2396853
18,2026-08-30 03:24:56,"testSB_C",-25.6304220797841,2395920
19,2026-08-30 03:24:56,"ntc1_C",-25.6090785677436,2400218
19,2026-08-30 03:24:56,"ntc2_C",-25.6122157494057,2398223
19,2026-08-30 03:24:56,"testSB_C",-25.5941206727085,2399839
20,2026-08-30 03:24:56,"ntc1_C",-25.5551870242677,2391576
20,2026-08-30 03:24:56,"ntc2_C",-25.5555408258446,2395272
20,2026-08-30 03:24:56,"testSB_C",-25.5434661453847,2386819
21,2026-08-30 03:24:56,"ntc1_C",-25.4999449756969,2380412
21,2026-08-30 03:24:56,"ntc2_C",-25.5161403939268,2388533
21,2026-08-30 03:24:56,"testSB_C",-25.3959415425701,2377671
22,2026-08-30 03:24:56,"ntc1_C",-25.4088738553551,2379291
22,2026-08-30 03:24:56,"ntc2_C",-25.4128181068201,2381377
22,2026-08-30 03:24:56,"testSB_C",-25.3487994183426,2369852
23,2026-08-30 03:24:56,"ntc1_C",-25.3453823981216,2377349
23,2026-08-30 03:24:56,"ntc2_C",-25.3487605720837,2372555
23,2026-08-30 03:24:56,"testSB_C",-25.2913778205649,2360637
24,2026-08-30 03:24:56,"ntc1_C",-25.2513627139082,2364715
24,2026-08-30 03:24:56,"ntc2_C",-25.2269897427444,2365547
24,2026-08-30 03:24:56,"testSB_C",-25.1683795755521,2351388
1,2026-08-30 06:24:56,"ntc1_C",-26.3369118030292,2462064
1,2026-08-30 06:24:56,"testSB_C",-26.2375289332348,2457065
2,2026-08-30 06:24:56,"ntc1_C",-26.0979737806811,2442516
2,2026-08-30 06:24:56,"ntc2_C",-26.035757146391,2435779
2,2026-08-30 06:24:56,"testSB_C",-26.0115777881937,2436850
3,2026-08-30 06:24:56,"ntc1_C",-25.9724246587259,2433279
3,2026-08-30 06:24:56,"ntc2_C",-25.8814111116057,2422940
3,2026-08-30 06:24:56,"testSB_C",-25.8218094546965,2415643
4,2026-08-30 06:24:56,"ntc1_C",-25.8056149117843,2416796
4,2026-08-30 06:24:56,"ntc2_C",-25.7980934428449,2410297
4,2026-08-30 06:24:56,"testSB_C",-25.677672425687,2399213
5,2026-08-30 06:24:56,"ntc1_C",-25.6637065271435,2399055
5,2026-08-30 06:24:56,"ntc2_C",-25.657092062917,2400638
5,2026-08-30 06:24:56,"testSB_C",-25.5727024908807,2394612
6,2026-08-30 06:24:56,"ntc1_C",-25.5516315346475,2388009
6,2026-08-30 06:24:56,"ntc2_C",-25.5703247666437,2393560
6,2026-08-30 06:24:56,"testSB_C",-25.4433211679011,2381677
7,2026-08-30 06:24:56,"ntc1_C",-25.3999794336205,2375137
7,2026-08-30 06:24:56,"ntc2_C",-25.4895482629397,2387419
7,2026-08-30 06:24:56,"testSB_C",-25.3373785210463,2372454
8,2026-08-30 06:24:56,"ntc1_C",-25.3048762990648,2374207
8,2026-08-30 06:24:56,"ntc2_C",-25.2429570998129,2359269
8,2026-08-30 06:24:56,"testSB_C",-25.3130731623845,2361871
9,2026-08-30 06:24:56,"ntc1_C",-25.1705920116142,2351460
9,2026-08-30 06:24:56,"ntc2_C",-25.2001501026768,2363119
9,2026-08-30 06:24:56,"testSB_C",-25.1557215845488,2355061
10,2026-08-30 06:24:56,"ntc1_C",-25.0717194425923,2347267
10,2026-08-30 06:24:56,"ntc2_C",-25.1251057297453,2347090
10,2026-08-30 06:24:56,"testSB_C",-25.0460013821053,2341780
11,2026-08-30 06:24:56,"ntc1_C",-24.9339251562624,2334998
11,2026-08-30 06:24:56,"ntc2_C",-24.9689279313743,2337768
11,2026-08-30 06:24:56,"testSB_C",-24.9300332005448,2330974
12,2026-08-30 06:24:56,"ntc1_C",-24.9278912671518,2332661
12,2026-08-30 06:24:56,"ntc2_C",-24.8800233417937,2327006
12,2026-08-30 06:24:56,"testSB_C",-24.8131378619475,2321011
13,2026-08-30 06:24:56,"ntc1_C",-24.8043092770955,2327918
13,2026-08-30 06:24:56,"ntc2_C",-24.7363991839967,2310961
13,2026-08-30 06:24:56,"testSB_C",-24.6972508066913,2310634
14,2026-08-30 06:24:56,"ntc1_C",-24.6366620269485,2302345
14,2026-08-30 06:24:56,"ntc2_C",-24.6190954028619,2305951
14,2026-08-30 06:24:56,"testSB_C",-24.5938912670781,2303596
15,2026-08-30 06:24:56,"ntc1_C",-24.5773439565159,2295000
15,2026-08-30 06:24:56,"ntc2_C",-24.5584733199329,2301845
15,2026-08-30 06:24:56,"testSB_C",-24.5211804574673,2298629
16,2026-08-30 06:24:56,"ntc1_C",-24.4963856937516,2290794
16,2026-08-30 06:24:56,"ntc2_C",-24.4210731480829,2282975
16,2026-08-30 06:24:56,"testSB_C",-24.4447536277841,2285082
17,2026-08-30 06:24:56,"ntc1_C",-24.4426109123636,2285632
17,2026-08-30 06:24:56,"ntc2_C",-24.3922218779332,2279488
17,2026-08-30 06:24:56,"testSB_C",-24.373177777328,2284727
18,2026-08-30 06:24:56,"ntc1_C",-24.3428410523212,2282373
18,2026-08-30 06:24:56,"ntc2_C",-24.3183661147295,2274017
18,2026-08-30 06:24:56,"testSB_C",-24.3415510560887,2276376
19,2026-08-30 06:24:56,"ntc1_C",-24.3324773003258,2281610
19,2026-08-30 06:24:56,"ntc2_C",-24.3905685536466,2284696
19,2026-08-30 06:24:56,"testSB_C",-24.3226716724811,2281708
20,2026-08-30 06:24:56,"ntc1_C",-24.321244073253,2277178
20,2026-08-30 06:24:56,"ntc2_C",-24.321118586334,2280689
20,2026-08-30 06:24:56,"testSB_C",-24.3204362353218,2273644
21,2026-08-30 06:24:56,"ntc1_C",-24.3334603934101,2272682
21,2026-08-30 06:24:56,"ntc2_C",-24.3133216862842,2277133
21,2026-08-30 06:24:56,"testSB_C",-24.3070601655143,2277030
22,2026-08-30 06:24:56,"ntc1_C",-24.2922183692749,2276067
22,2026-08-30 06:24:56,"ntc2_C",-24.2558802752982,2274461
22,2026-08-30 06:24:56,"testSB_C",-24.2817788851578,2271463
23,2026-08-30 06:24:56,"ntc1_C",-24.2754889306277,2278468
23,2026-08-30 06:24:56,"ntc2_C",-24.2722956855272,2273213
23,2026-08-30 06:24:56,"testSB_C",-24.299905950236,2269639
24,2026-08-30 06:24:56,"ntc1_C",-24.2616482120331,2273502
24,2026-08-30 06:24:56,"ntc2_C",-24.2170442275686,2272489
24,2026-08-30 06:24:56,"testSB_C",-24.2006139219239,2262632
1,2026-08-30 09:24:56,"ntc1_C",-18.9729668508273,1833053
1,2026-08-30 09:24:56,"testSB_C",-19.0496430710863,1842454
2,2026-08-30 09:24:56,"ntc1_C",-19.1085143919653,1845885
2,2026-08-30 09:24:56,"ntc2_C",-19.0450997174472,1840598
2,2026-08-30 09:24:56,"testSB_C",-18.9633136783231,1837649
3,2026-08-30 09:24:56,"ntc1_C",-16.8172392810189,1684312
3,2026-08-30 09:24:56,"ntc2_C",-17.3473542781367,1719568
3,2026-08-30 09:24:56,"testSB_C",-17.6414629485406,1739290
4,2026-08-30 09:24:56,"ntc1_C",-16.9695683503718,1694164
4,2026-08-30 09:24:56,"ntc2_C",-16.7031680816422,1671878
4,2026-08-30 09:24:56,"testSB_C",-17.6654102010067,1738861
5,2026-08-30 09:24:56,"ntc1_C",-17.7539143582429,1745731
5,2026-08-30 09:24:56,"ntc2_C",-17.2014880253592,1708862
5,2026-08-30 09:24:56,"testSB_C",-17.4883133942916,1730327
6,2026-08-30 09:24:56,"ntc1_C",-17.6999394041801,1742250
6,2026-08-30 09:24:56,"ntc2_C",-17.3247021056173,1718305
6,2026-08-30 09:24:56,"testSB_C",-17.741890123445,1747865
7,2026-08-30 09:24:56,"ntc1_C",-17.6505120963062,1739222
7,2026-08-30 09:24:56,"ntc2_C",-16.549419794674,1665852
7,2026-08-30 09:24:56,"testSB_C",-17.6345585917189,1740736
8,2026-08-30 09:24:56,"ntc1_C",-17.7264360822662,1750862
8,2026-08-30 09:24:56,"ntc2_C",-17.6083614149048,1735620
8,2026-08-30 09:24:56,"testSB_C",-16.7601004611478,1673861
9,2026-08-30 09:24:56,"ntc1_C",-17.5745705964608,1732596
9,2026-08-30 09:24:56,"ntc2_C",-17.0320453606275,1701052
9,2026-08-30 09:24:56,"testSB_C",-17.4655546749268,1728417
10,2026-08-30 09:24:56,"ntc1_C",-17.5299378087994,1733309
10,2026-08-30 09:24:56,"ntc2_C",-16.5767038963004,1663453
10,2026-08-30 09:24:56,"testSB_C",-17.6110926245322,1736291
11,2026-08-30 09:24:56,"ntc1_C",-17.4935233429931,1731062
11,2026-08-30 09:24:56,"ntc2_C",-16.977131726588,1694621
11,2026-08-30 09:24:56,"testSB_C",-17.0664405538982,1698425
12,2026-08-30 09:24:56,"ntc1_C",-16.70533938212,1675175
12,2026-08-30 09:24:56,"ntc2_C",-16.6305186158293,1669171
12,2026-08-30 09:24:56,"testSB_C",-17.2141223053105,1709181
13,2026-08-30 09:24:56,"ntc1_C",-16.9733281679041,1698454
13,2026-08-30 09:24:56,"ntc2_C",-16.5549453286442,1661668
13,2026-08-30 09:24:56,"testSB_C",-17.0101252415121,1695324
14,2026-08-30 09:24:56,"ntc1_C",-17.007925579935,1693229
14,2026-08-30 09:24:56,"ntc2_C",-16.6956873244417,1675840
14,2026-08-30 09:24:56,"testSB_C",-16.8983949819461,1689644
15,2026-08-30 09:24:56,"ntc1_C",-16.9621418816773,1688686
15,2026-08-30 09:24:56,"ntc2_C",-16.1787037793292,1641685
15,2026-08-30 09:24:56,"testSB_C",-16.1720203182717,1641510
16,2026-08-30 09:24:56,"ntc1_C",-17.0353137758389,1695874
16,2026-08-30 09:24:56,"ntc2_C",-17.0049379931341,1692938
16,2026-08-30 09:24:56,"testSB_C",-16.8293270080559,1680838
17,2026-08-30 09:24:56,"ntc1_C",-16.5068819089783,1659644
17,2026-08-30 09:24:56,"ntc2_C",-16.4282145796991,1653388
17,2026-08-30 09:24:56,"testSB_C",-16.846189864628,1686943
18,2026-08-30 09:24:56,"ntc1_C",-17.0861710620642,1703936
18,2026-08-30 09:24:56,"ntc2_C",-16.535936201236,1661842
18,2026-08-30 09:24:56,"testSB_C",-16.5576188574661,1662912
19,2026-08-30 09:24:56,"ntc1_C",-16.5806300397151,1669108
19,2026-08-30 09:24:56,"ntc2_C",-16.4142817634124,1656196
19,2026-08-30 09:24:56,"testSB_C",-16.5234934120486,1665904
20,2026-08-30 09:24:56,"ntc1_C",-16.5909916592,1667099
20,2026-08-30 09:24:56,"ntc2_C",-16.0874558542576,1635924
20,2026-08-30 09:24:56,"testSB_C",-16.0239856708372,1626644
21,2026-08-30 09:24:56,"ntc1_C",-16.2163453028452,1638228
21,2026-08-30 09:24:56,"ntc2_C",-15.7517882890784,1611793
21,2026-08-30 09:24:56,"testSB_C",-16.6025815750614,1668899
22,2026-08-30 09:24:56,"ntc1_C",-16.4275151747812,1657320
22,2026-08-30 09:24:56,"ntc2_C",-15.7738796292519,1615237
22,2026-08-30 09:24:56,"testSB_C",-16.49276096402,1658925
23,2026-08-30 09:24:56,"ntc1_C",-16.3566169569388,1655655
23,2026-08-30 09:24:56,"ntc2_C",-15.5208972211817,1596480
23,2026-08-30 09:24:56,"testSB_C",-16.4219509968595,1652606
24,2026-08-30 09:24:56,"ntc1_C",-16.1503732718636,1638823
24,2026-08-30 09:24:56,"ntc2_C",-15.918207888704,1625716
24,2026-08-30 09:24:56,"testSB_C",-15.8214378919362,1613258
1,2026-08-30 12:24:56,"ntc1_C",-12.7899468336428,1425004
1,2026-08-30 12:24:56,"testSB_C",-12.4977804590174,1411113
2,2026-08-30 12:24:56,"ntc1_C",-12.6707703652281,1420260
2,2026-08-30 12:24:56,"ntc2_C",-12.4327137898368,1406127
2,2026-08-30 12:24:56,"testSB_C",-12.2654241796695,1399356
3,2026-08-30 12:24:56,"ntc1_C",-10.017754196649,1276532
3,2026-08-30 12:24:56,"ntc2_C",-10.5552614556017,1303594
3,2026-08-30 12:24:56,"testSB_C",-11.4075287349423,1349151
4,2026-08-30 12:24:56,"ntc1_C",-10.4869806547777,1300609
4,2026-08-30 12:24:56,"ntc2_C",-10.4484540103724,1295490
4,2026-08-30 12:24:56,"testSB_C",-11.1891946114731,1335482
5,2026-08-30 12:24:56,"ntc1_C",-11.0935505843038,1330560
5,2026-08-30 12:24:56,"ntc2_C",-10.7417202520189,1313222
5,2026-08-30 12:24:56,"testSB_C",-11.0614473882271,1331543
6,2026-08-30 12:24:56,"ntc1_C",-11.2372064440465,1339008
6,2026-08-30 12:24:56,"ntc2_C",-10.7043167068963,1311815
6,2026-08-30 12:24:56,"testSB_C",-12.0426895172564,1385731
7,2026-08-30 12:24:56,"ntc1_C",-10.7466596115136,1312495
7,2026-08-30 12:24:56,"ntc2_C",-10.3630937472019,1294299
7,2026-08-30 12:24:56,"testSB_C",-11.0327865044134,1330115
8,2026-08-30 12:24:56,"ntc1_C",-10.9643558592605,1329074
8,2026-08-30 12:24:56,"ntc2_C",-11.1098119919044,1331704
8,2026-08-30 12:24:56,"testSB_C",-10.5529317413668,1299486
9,2026-08-30 12:24:56,"ntc1_C",-10.9814749609997,1324341
9,2026-08-30 12:24:56,"ntc2_C",-10.6425919738295,1310774
9,2026-08-30 12:24:56,"testSB_C",-11.621400573359,1361981
10,2026-08-30 12:24:56,"ntc1_C",-10.7504525196109,1314902
10,2026-08-30 12:24:56,"ntc2_C",-10.5019303295026,1298398
10,2026-08-30 12:24:56,"testSB_C",-11.0305521419949,1327720
11,2026-08-30 12:24:56,"ntc1_C",-11.1565022358479,1337122
11,2026-08-30 12:24:56,"ntc2_C",-10.6649030099267,1310092
11,2026-08-30 12:24:56,"testSB_C",-10.9319160068409,1322619
12,2026-08-30 12:24:56,"ntc1_C",-10.3972986907224,1295303
12,2026-08-30 12:24:56,"ntc2_C",-10.5712174531882,1303797
12,2026-08-30 12:24:56,"testSB_C",-11.9365296938964,1378344
13,2026-08-30 12:24:56,"ntc1_C",-10.8561035355112,1323611
13,2026-08-30 12:24:56,"ntc2_C",-10.4078446182996,1293106
13,2026-08-30 12:24:56,"testSB_C",-10.7704274715182,1314489
14,2026-08-30 12:24:56,"ntc1_C",-10.6667683367533,1307542
14,2026-08-30 12:24:56,"ntc2_C",-10.4861171003607,1301066
14,2026-08-30 12:24:56,"testSB_C",-10.7963590088474,1317522
15,2026-08-30 12:24:56,"ntc1_C",-10.9189453278589,1320004
15,2026-08-30 12:24:56,"ntc2_C",-10.4854117403778,1301441
15,2026-08-30 12:24:56,"testSB_C",-10.4989722155705,1302412
16,2026-08-30 12:24:56,"ntc1_C",-11.0125273849152,1326571
16,2026-08-30 12:24:56,"ntc2_C",-10.7027239341934,1309166
16,2026-08-30 12:24:56,"testSB_C",-10.7799808618572,1313250
17,2026-08-30 12:24:56,"ntc1_C",-10.688781833467,1309049
17,2026-08-30 12:24:56,"ntc2_C",-10.7061691866861,1309338
17,2026-08-30 12:24:56,"testSB_C",-11.0018981890727,1329313
18,2026-08-30 12:24:56,"ntc1_C",-10.6589159503882,1311300
18,2026-08-30 12:24:56,"ntc2_C",-10.709571269337,1310631
18,2026-08-30 12:24:56,"testSB_C",-10.8437207460574,1317143
19,2026-08-30 12:24:56,"ntc1_C",-10.8341296900966,1320410
19,2026-08-30 12:24:56,"ntc2_C",-10.8128063645237,1317910
19,2026-08-30 12:24:56,"testSB_C",-10.6717064692774,1312163
20,2026-08-30 12:24:56,"ntc1_C",-10.7371944729747,1312953
20,2026-08-30 12:24:56,"ntc2_C",-10.3638101656527,1295234
20,2026-08-30 12:24:56,"testSB_C",-10.4642868445444,1296532
21,2026-08-30 12:24:56,"ntc1_C",-10.7620151647578,1311647
21,2026-08-30 12:24:56,"ntc2_C",-10.4402820620173,1297797
21,2026-08-30 12:24:56,"testSB_C",-11.0977532456495,1333296
22,2026-08-30 12:24:56,"ntc1_C",-10.8165066408476,1318298
22,2026-08-30 12:24:56,"ntc2_C",-10.2306962993396,1288437
22,2026-08-30 12:24:56,"testSB_C",-11.2891304023582,1341680
23,2026-08-30 12:24:56,"ntc1_C",-11.605072617845,1364096
23,2026-08-30 12:24:56,"ntc2_C",-11.3286942992396,1345511
23,2026-08-30 12:24:56,"testSB_C",-11.8817348546956,1373567
24,2026-08-30 12:24:56,"ntc1_C",-11.1439497312587,1336093
24,2026-08-30 12:24:56,"ntc2_C",-10.8862646208199,1324062
24,2026-08-30 12:24:56,"testSB_C",-11.0177263979639,1326206
1,2026-08-30 15:24:56,"ntc1_C",-7.43491723528723,1145241
1,2026-08-30 15:24:56,"testSB_C",-7.54821768578597,1153118
2,2026-08-30 15:24:56,"ntc1_C",-7.76834454726458,1162725
2,2026-08-30 15:24:56,"ntc2_C",-7.22620739594373,1137027
2,2026-08-30 15:24:56,"testSB_C",-7.52629797438561,1153550
3,2026-08-30 15:24:56,"ntc1_C",-6.21310593470673,1093248
3,2026-08-30 15:24:56,"ntc2_C",-6.13635067500087,1088723
3,2026-08-30 15:24:56,"testSB_C",-5.88424836747225,1077263
4,2026-08-30 15:24:56,"ntc1_C",-5.972689931807,1082058
4,2026-08-30 15:24:56,"ntc2_C",-5.92283707366175,1077355
4,2026-08-30 15:24:56,"testSB_C",-5.88763605469097,1076008
5,2026-08-30 15:24:56,"ntc1_C",-6.02033886736984,1081933
5,2026-08-30 15:24:56,"ntc2_C",-6.0778392556328,1085934
5,2026-08-30 15:24:56,"testSB_C",-5.88540894181403,1078312
6,2026-08-30 15:24:56,"ntc1_C",-6.12576101141843,1087288
6,2026-08-30 15:24:56,"ntc2_C",-6.05407384429668,1085313
6,2026-08-30 15:24:56,"testSB_C",-6.00828813477466,1083583
7,2026-08-30 15:24:56,"ntc1_C",-5.80646600091626,1073113
7,2026-08-30 15:24:56,"ntc2_C",-6.05326286026252,1085785
7,2026-08-30 15:24:56,"testSB_C",-6.19883317429924,1092285
8,2026-08-30 15:24:56,"ntc1_C",-6.10399620976693,1090189
8,2026-08-30 15:24:56,"ntc2_C",-5.89505435042395,1076725
8,2026-08-30 15:24:56,"testSB_C",-6.11677713854891,1084566
9,2026-08-30 15:24:56,"ntc1_C",-5.99530791257683,1080844
9,2026-08-30 15:24:56,"ntc2_C",-5.89697469872772,1080202
9,2026-08-30 15:24:56,"testSB_C",-5.98142113546965,1082177
10,2026-08-30 15:24:56,"ntc1_C",-5.98147287026745,1082708
10,2026-08-30 15:24:56,"ntc2_C",-5.98482357178045,1080109
10,2026-08-30 15:24:56,"testSB_C",-6.03395362993973,1083053
11,2026-08-30 15:24:56,"ntc1_C",-6.10117748963211,1088221
11,2026-08-30 15:24:56,"ntc2_C",-5.89075820034725,1078506
11,2026-08-30 15:24:56,"testSB_C",-5.85517727893119,1075486
12,2026-08-30 15:24:56,"ntc1_C",-5.99710452873802,1082742
12,2026-08-30 15:24:56,"ntc2_C",-5.87021767446305,1076562
12,2026-08-30 15:24:56,"testSB_C",-6.08429730701886,1085781
13,2026-08-30 15:24:56,"ntc1_C",-6.09513649470853,1090188
13,2026-08-30 15:24:56,"ntc2_C",-5.79416413033664,1071453
13,2026-08-30 15:24:56,"testSB_C",-5.89933538679662,1077805
14,2026-08-30 15:24:56,"ntc1_C",-5.70444115122274,1068246
14,2026-08-30 15:24:56,"ntc2_C",-5.91404933112324,1079981
14,2026-08-30 15:24:56,"testSB_C",-5.88993816967553,1078776
15,2026-08-30 15:24:56,"ntc1_C",-6.01796391794954,1081105
15,2026-08-30 15:24:56,"ntc2_C",-5.82687443019455,1076408
15,2026-08-30 15:24:56,"testSB_C",-5.96220190640349,1082561
16,2026-08-30 15:24:56,"ntc1_C",-6.05406981722541,1083801
16,2026-08-30 15:24:56,"ntc2_C",-5.83252948904561,1073432
16,2026-08-30 15:24:56,"testSB_C",-5.94381616335465,1078247
17,2026-08-30 15:24:56,"ntc1_C",-5.78494032188314,1071922
17,2026-08-30 15:24:56,"ntc2_C",-5.93499691059247,1078031
17,2026-08-30 15:24:56,"testSB_C",-6.02575453206407,1085308
18,2026-08-30 15:24:56,"ntc1_C",-5.93185778689929,1081624
18,2026-08-30 15:24:56,"ntc2_C",-6.19208926410607,1090394
18,2026-08-30 15:24:56,"testSB_C",-6.07507864402459,1084413
19,2026-08-30 15:24:56,"ntc1_C",-6.01959302553439,1085146
19,2026-08-30 15:24:56,"ntc2_C",-6.17385744385541,1090832
19,2026-08-30 15:24:56,"testSB_C",-6.03514387902902,1086192
20,2026-08-30 15:24:56,"ntc1_C",-5.86557012862522,1076467
20,2026-08-30 15:24:56,"ntc2_C",-6.01545830498458,1084862
20,2026-08-30 15:24:56,"testSB_C",-5.66832166782262,1066374
21,2026-08-30 15:24:56,"ntc1_C",-5.90592444008752,1076302
21,2026-08-30 15:24:56,"ntc2_C",-6.15634094030071,1089895
21,2026-08-30 15:24:56,"testSB_C",-6.22698429597034,1093167
22,2026-08-30 15:24:56,"ntc1_C",-5.93350042080897,1080401
22,2026-08-30 15:24:56,"ntc2_C",-5.98754565666184,1083954
22,2026-08-30 15:24:56,"testSB_C",-6.26671517594957,1093271
23,2026-08-30 15:24:56,"ntc1_C",-6.26672857709315,1097357
23,2026-08-30 15:24:56,"ntc2_C",-6.059335257074,1085440
23,2026-08-30 15:24:56,"testSB_C",-6.28847281899897,1093693
24,2026-08-30 15:24:56,"ntc1_C",-5.99592662401437,1083156
24,2026-08-30 15:24:56,"ntc2_C",-6.20839419991,1094220
24,2026-08-30 15:24:56,"testSB_C",-6.1268798278436,1086553
1,2026-08-30 18:24:56,"ntc1_C",-10.6141991249214,1303849
1,2026-08-30 18:24:56,"testSB_C",-10.7555763684127,1314248
2,2026-08-30 18:24:56,"ntc1_C",-10.5374623243599,1301783
2,2026-08-30 18:24:56,"ntc2_C",-10.019517826556,1274201
2,2026-08-30 18:24:56,"testSB_C",-10.5469440074127,1304636
3,2026-08-30 18:24:56,"ntc1_C",-9.56171949441568,1253007
3,2026-08-30 18:24:56,"ntc2_C",-9.36334747975684,1241705
3,2026-08-30 18:24:56,"testSB_C",-8.96694091928993,1221308
4,2026-08-30 18:24:56,"ntc1_C",-9.31879205275675,1240069
4,2026-08-30 18:24:56,"ntc2_C",-9.26594210620908,1234480
4,2026-08-30 18:24:56,"testSB_C",-8.91632352340753,1217221
5,2026-08-30 18:24:56,"ntc1_C",-9.00092245468471,1221628
5,2026-08-30 18:24:56,"ntc2_C",-9.25175761945491,1235777
5,2026-08-30 18:24:56,"testSB_C",-8.9641576670565,1222343
6,2026-08-30 18:24:56,"ntc1_C",-9.03767921724909,1224129
6,2026-08-30 18:24:56,"ntc2_C",-9.21612486102998,1234522
6,2026-08-30 18:24:56,"testSB_C",-8.96845062837843,1222389
7,2026-08-30 18:24:56,"ntc1_C",-8.82774048762968,1213636
7,2026-08-30 18:24:56,"ntc2_C",-9.34580580896659,1241666
7,2026-08-30 18:24:56,"testSB_C",-9.01625395042794,1225078
8,2026-08-30 18:24:56,"ntc1_C",-8.9433576274854,1223864
8,2026-08-30 18:24:56,"ntc2_C",-8.74992725322977,1209459
8,2026-08-30 18:24:56,"testSB_C",-9.17746665587509,1228566
9,2026-08-30 18:24:56,"ntc1_C",-8.7303531789741,1208151
9,2026-08-30 18:24:56,"ntc2_C",-8.89272852895419,1220422
9,2026-08-30 18:24:56,"testSB_C",-8.78979165433174,1213330
10,2026-08-30 18:24:56,"ntc1_C",-8.76294735953832,1212521
10,2026-08-30 18:24:56,"ntc2_C",-9.07057778132338,1224747
10,2026-08-30 18:24:56,"testSB_C",-8.95356917425852,1219824
11,2026-08-30 18:24:56,"ntc1_C",-8.77585999094367,1213401
11,2026-08-30 18:24:56,"ntc2_C",-8.873718462581,1217782
11,2026-08-30 18:24:56,"testSB_C",-8.64498034967943,1204825
12,2026-08-30 18:24:56,"ntc1_C",-9.06831296467755,1226964
12,2026-08-30 18:24:56,"ntc2_C",-8.78925097508085,1212403
12,2026-08-30 18:24:56,"testSB_C",-8.86592628328304,1216021
13,2026-08-30 18:24:56,"ntc1_C",-8.79885380891977,1217072
13,2026-08-30 18:24:56,"ntc2_C",-8.72047527826697,1207071
13,2026-08-30 18:24:56,"testSB_C",-8.66227901005669,1206158
14,2026-08-30 18:24:56,"ntc1_C",-8.44234500461096,1194157
14,2026-08-30 18:24:56,"ntc2_C",-8.82600169204528,1215900
14,2026-08-30 18:24:56,"testSB_C",-8.63964706832508,1206568
15,2026-08-30 18:24:56,"ntc1_C",-8.68725417465839,1205181
15,2026-08-30 18:24:56,"ntc2_C",-8.72140208409508,1211069
15,2026-08-30 18:24:56,"testSB_C",-8.86521671139536,1218431
16,2026-08-30 18:24:56,"ntc1_C",-8.59044269902506,1201741
16,2026-08-30 18:24:56,"ntc2_C",-8.56216703314601,1199659
16,2026-08-30 18:24:56,"testSB_C",-8.54061862494706,1198552
17,2026-08-30 18:24:56,"ntc1_C",-8.4384568648353,1194224
17,2026-08-30 18:24:56,"ntc2_C",-8.52790108596076,1198040
17,2026-08-30 18:24:56,"testSB_C",-8.46358479839273,1198563
18,2026-08-30 18:24:56,"ntc1_C",-8.43900680224294,1197822
18,2026-08-30 18:24:56,"ntc2_C",-8.81232053215575,1213090
18,2026-08-30 18:24:56,"testSB_C",-8.54050321318749,1198980
19,2026-08-30 18:24:56,"ntc1_C",-8.46569270507803,1198801
19,2026-08-30 18:24:56,"ntc2_C",-8.67675819797029,1207910
19,2026-08-30 18:24:56,"testSB_C",-8.54749901984388,1203225
20,2026-08-30 18:24:56,"ntc1_C",-8.2386727565522,1185695
20,2026-08-30 18:24:56,"ntc2_C",-8.68638738516626,1209551
20,2026-08-30 18:24:56,"testSB_C",-8.17672155584302,1181020
21,2026-08-30 18:24:56,"ntc1_C",-8.24054444898974,1183534
21,2026-08-30 18:24:56,"ntc2_C",-8.7233175957507,1210008
21,2026-08-30 18:24:56,"testSB_C",-8.43789968812541,1196173
22,2026-08-30 18:24:56,"ntc1_C",-8.14412035176252,1182143
22,2026-08-30 18:24:56,"ntc2_C",-8.50164588556379,1200736
22,2026-08-30 18:24:56,"testSB_C",-8.40527169187641,1192749
23,2026-08-30 18:24:56,"ntc1_C",-8.49578856388041,1201613
23,2026-08-30 18:24:56,"ntc2_C",-8.49958279011298,1198835
23,2026-08-30 18:24:56,"testSB_C",-8.50271674753554,1196812
24,2026-08-30 18:24:56,"ntc1_C",-8.22617937144287,1186135
24,2026-08-30 18:24:56,"ntc2_C",-8.47606633809693,1200077
24,2026-08-30 18:24:56,"testSB_C",-8.24056936600937,1184184
1,2026-08-30 21:24:56,"ntc1_C",-19.4568208749136,1869339
1,2026-08-30 21:24:56,"testSB_C",-19.3535258403589,1865267
2,2026-08-30 21:24:56,"ntc1_C",-19.2110980082495,1853572
2,2026-08-30 21:24:56,"ntc2_C",-19.1815087914096,1850798
2,2026-08-30 21:24:56,"testSB_C",-19.1240043090528,1849640
3,2026-08-30 21:24:56,"ntc1_C",-19.1095785962688,1848505
3,2026-08-30 21:24:56,"ntc2_C",-19.0549603193195,1842951
3,2026-08-30 21:24:56,"testSB_C",-19.003850107501,1838095
4,2026-08-30 21:24:56,"ntc1_C",-19.008570547727,1840358
4,2026-08-30 21:24:56,"ntc2_C",-18.996264606812,1835011
4,2026-08-30 21:24:56,"testSB_C",-18.936278429108,1830862
5,2026-08-30 21:24:56,"ntc1_C",-18.9341783946932,1831386
5,2026-08-30 21:24:56,"ntc2_C",-18.9278853871257,1832883
5,2026-08-30 21:24:56,"testSB_C",-18.8965728161575,1832078
6,2026-08-30 21:24:56,"ntc1_C",-18.8950338010042,1828745
6,2026-08-30 21:24:56,"ntc2_C",-18.9171294566008,1833013
6,2026-08-30 21:24:56,"testSB_C",-18.8868863749898,1830943
7,2026-08-30 21:24:56,"ntc1_C",-18.8572504670185,1826525
7,2026-08-30 21:24:56,"ntc2_C",-18.8880664283818,1831858
7,2026-08-30 21:24:56,"testSB_C",-18.8485704041915,1828610
8,2026-08-30 21:24:56,"ntc1_C",-18.8379985710769,1831617
8,2026-08-30 21:24:56,"ntc2_C",-18.8246450140828,1823429
8,2026-08-30 21:24:56,"testSB_C",-18.8371125171151,1821184
9,2026-08-30 21:24:56,"ntc1_C",-18.7922528224884,1820339
9,2026-08-30 21:24:56,"ntc2_C",-18.7835806326457,1826448
9,2026-08-30 21:24:56,"testSB_C",-18.7667435142383,1822161
10,2026-08-30 21:24:56,"ntc1_C",-18.7414072590218,1820615
10,2026-08-30 21:24:56,"ntc2_C",-18.7438768877195,1816519
10,2026-08-30 21:24:56,"testSB_C",-18.7166394505347,1815981
11,2026-08-30 21:24:56,"ntc1_C",-18.6725084310058,1815874
11,2026-08-30 21:24:56,"ntc2_C",-18.679302090436,1815875
11,2026-08-30 21:24:56,"testSB_C",-18.654076012472,1811504
12,2026-08-30 21:24:56,"ntc1_C",-18.6732453345018,1814510
12,2026-08-30 21:24:56,"ntc2_C",-18.6290069236421,1810276
12,2026-08-30 21:24:56,"testSB_C",-18.620208200804,1809596
13,2026-08-30 21:24:56,"ntc1_C",-18.6064317188763,1814860
13,2026-08-30 21:24:56,"ntc2_C",-18.5792753973565,1804135
13,2026-08-30 21:24:56,"testSB_C",-18.5547529939406,1805067
14,2026-08-30 21:24:56,"ntc1_C",-18.5447143217002,1802240
14,2026-08-30 21:24:56,"ntc2_C",-18.5398528512208,1806134
14,2026-08-30 21:24:56,"testSB_C",-18.531970740215,1805505
15,2026-08-30 21:24:56,"ntc1_C",-18.4960242881943,1797195
15,2026-08-30 21:24:56,"ntc2_C",-18.4964895337175,1803845
15,2026-08-30 21:24:56,"testSB_C",-18.4862511010824,1803363
16,2026-08-30 21:24:56,"ntc1_C",-18.4516717186431,1796298
16,2026-08-30 21:24:56,"ntc2_C",-18.4341130717807,1794153
16,2026-08-30 21:24:56,"testSB_C",-18.416618966735,1792833
17,2026-08-30 21:24:56,"ntc1_C",-18.399548140832,1792319
17,2026-08-30 21:24:56,"ntc2_C",-18.3804387068771,1789849
17,2026-08-30 21:24:56,"testSB_C",-18.3461960106099,1792897
18,2026-08-30 21:24:56,"ntc1_C",-18.344457953923,1793220
18,2026-08-30 21:24:56,"ntc2_C",-18.3359253212647,1787831
18,2026-08-30 21:24:56,"testSB_C",-18.3262057360377,1786851
19,2026-08-30 21:24:56,"ntc1_C",-18.3058301247979,1790300
19,2026-08-30 21:24:56,"ntc2_C",-18.3041006687994,1788406
19,2026-08-30 21:24:56,"testSB_C",-18.2850285138715,1789529
20,2026-08-30 21:24:56,"ntc1_C",-18.2714350020503,1784945
20,2026-08-30 21:24:56,"ntc2_C",-18.2816354547189,1788555
20,2026-08-30 21:24:56,"testSB_C",-18.2379921475629,1779866
21,2026-08-30 21:24:56,"ntc1_C",-18.2312147652856,1777963
21,2026-08-30 21:24:56,"ntc2_C",-18.2352744135324,1783037
21,2026-08-30 21:24:56,"testSB_C",-18.1995533632806,1780796
22,2026-08-30 21:24:56,"ntc1_C",-18.1922568370721,1780558
22,2026-08-30 21:24:56,"ntc2_C",-18.1858188029195,1781606
22,2026-08-30 21:24:56,"testSB_C",-18.1774771819577,1776513
23,2026-08-30 21:24:56,"ntc1_C",-18.1772201935701,1782758
23,2026-08-30 21:24:56,"ntc2_C",-18.1746197475966,1778426
23,2026-08-30 21:24:56,"testSB_C",-18.1906716895103,1775610
24,2026-08-30 21:24:56,"ntc1_C",-18.1677649286241,1778901
24,2026-08-30 21:24:56,"ntc2_C",-18.1551226463646,1780481
24,2026-08-30 21:24:56,"testSB_C",-18.1489522954226,1773382
1,2026-08-31 00:24:56,"ntc1_C",-19.9898049921507,1910091
1,2026-08-31 00:24:56,"testSB_C",-19.8777821678414,1905250
2,2026-08-31 00:24:56,"ntc1_C",-19.7249106014274,1892530
2,2026-08-31 00:24:56,"ntc2_C",-19.6838509620323,1888822
2,2026-08-31 00:24:56,"testSB_C",-19.6416468714761,1888771
3,2026-08-31 00:24:56,"ntc1_C",-19.6329114753925,1888064
3,2026-08-31 00:24:56,"ntc2_C",-19.5841380429248,1882860
3,2026-08-31 00:24:56,"testSB_C",-19.5457972073783,1878859
4,2026-08-31 00:24:56,"ntc1_C",-19.5440409772236,1880692
4,2026-08-31 00:24:56,"ntc2_C",-19.5327083501583,1875302
4,2026-08-31 00:24:56,"testSB_C",-19.5015236501013,1873248
5,2026-08-31 00:24:56,"ntc1_C",-19.48930774687,1873037
5,2026-08-31 00:24:56,"ntc2_C",-19.4705538227697,1873601
5,2026-08-31 00:24:56,"testSB_C",-19.4421694972661,1873004
6,2026-08-31 00:24:56,"ntc1_C",-19.4315356225633,1868884
6,2026-08-31 00:24:56,"ntc2_C",-19.4329751534517,1871703
6,2026-08-31 00:24:56,"testSB_C",-19.3983529334978,1869251
7,2026-08-31 00:24:56,"ntc1_C",-19.363994917103,1864412
7,2026-08-31 00:24:56,"ntc2_C",-19.3793625397357,1868678
7,2026-08-31 00:24:56,"testSB_C",-19.3054007210953,1862754
8,2026-08-31 00:24:56,"ntc1_C",-19.2804144700115,1864730
8,2026-08-31 00:24:56,"ntc2_C",-19.2509855898333,1855194
8,2026-08-31 00:24:56,"testSB_C",-19.2806020284143,1854201
9,2026-08-31 00:24:56,"ntc1_C",-19.1972626121478,1850446
9,2026-08-31 00:24:56,"ntc2_C",-19.1968275058506,1857288
9,2026-08-31 00:24:56,"testSB_C",-19.1762524859928,1852649
10,2026-08-31 00:24:56,"ntc1_C",-19.1518223622759,1851127
10,2026-08-31 00:24:56,"ntc2_C",-19.1568917339143,1847173
10,2026-08-31 00:24:56,"testSB_C",-19.1414412667505,1847516
11,2026-08-31 00:24:56,"ntc1_C",-19.1085224686115,1848228
11,2026-08-31 00:24:56,"ntc2_C",-19.1188991188746,1848506
11,2026-08-31 00:24:56,"testSB_C",-19.1066924594765,1845032
12,2026-08-31 00:24:56,"ntc1_C",-19.1214855628556,1847756
12,2026-08-31 00:24:56,"ntc2_C",-19.0866290465163,1844150
12,2026-08-31 00:24:56,"testSB_C",-19.0857385857013,1844061
13,2026-08-31 00:24:56,"ntc1_C",-19.0700543023707,1849266
13,2026-08-31 00:24:56,"ntc2_C",-19.033342277355,1837654
13,2026-08-31 00:24:56,"testSB_C",-18.9958816728741,1837630
14,2026-08-31 00:24:56,"ntc1_C",-18.9777462725661,1834145
14,2026-08-31 00:24:56,"ntc2_C",-18.967531140736,1837701
14,2026-08-31 00:24:56,"testSB_C",-18.9532751206249,1836591
15,2026-08-31 00:24:56,"ntc1_C",-18.8976927518845,1826690
15,2026-08-31 00:24:56,"ntc2_C",-18.9010078810984,1833671
15,2026-08-31 00:24:56,"testSB_C",-18.8901854429831,1833132
16,2026-08-31 00:24:56,"ntc1_C",-18.8423543217555,1824981
16,2026-08-31 00:24:56,"ntc2_C",-18.8266733834231,1822949
16,2026-08-31 00:24:56,"testSB_C",-18.8261271778171,1822862
17,2026-08-31 00:24:56,"ntc1_C",-18.8214613244633,1823246
17,2026-08-31 00:24:56,"ntc2_C",-18.812143939745,1821446
17,2026-08-31 00:24:56,"testSB_C",-18.7932715971718,1825685
18,2026-08-31 00:24:56,"ntc1_C",-18.7935545926292,1826153
18,2026-08-31 00:24:56,"ntc2_C",-18.7827676459083,1820493
18,2026-08-31 00:24:56,"testSB_C",-18.7735673674036,1819572
19,2026-08-31 00:24:56,"ntc1_C",-18.7530084818876,1823059
19,2026-08-31 00:24:56,"ntc2_C",-18.7442977991265,1820619
19,2026-08-31 00:24:56,"testSB_C",-18.7299264522415,1822111
20,2026-08-31 00:24:56,"ntc1_C",-18.7187203721361,1817629
20,2026-08-31 00:24:56,"ntc2_C",-18.7394743994769,1822077
20,2026-08-31 00:24:56,"testSB_C",-18.683791411152,1812346
21,2026-08-31 00:24:56,"ntc1_C",-18.671295861572,1809967
21,2026-08-31 00:24:56,"ntc2_C",-18.6801579755207,1815499
21,2026-08-31 00:24:56,"testSB_C",-18.6350108107719,1812530
22,2026-08-31 00:24:56,"ntc1_C",-18.6428465732118,1813401
22,2026-08-31 00:24:56,"ntc2_C",-18.6370445986423,1814501
22,2026-08-31 00:24:56,"testSB_C",-18.6279949324999,1809284
23,2026-08-31 00:24:56,"ntc1_C",-18.6268281511481,1815554
23,2026-08-31 00:24:56,"ntc2_C",-18.622860082178,1811059
23,2026-08-31 00:24:56,"testSB_C",-18.619773093728,1806742
24,2026-08-31 00:24:56,"ntc1_C",-18.5886993963219,1809540
24,2026-08-31 00:24:56,"ntc2_C",-18.5818463410127,1811565
24,2026-08-31 00:24:56,"testSB_C",-18.5597852124154,1803184
1,2026-08-31 03:24:56,"ntc1_C",-12.8246017042542,1427022
1,2026-08-31 03:24:56,"testSB_C",-12.7637086739261,1426513
2,2026-08-31 03:24:56,"ntc1_C",-12.7475981781864,1424722
2,2026-08-31 03:24:56,"ntc2_C",-12.7447753421038,1424156
2,2026-08-31 03:24:56,"testSB_C",-12.7258107382006,1425879
3,2026-08-31 03:24:56,"ntc1_C",-12.7012711225911,1424246
3,2026-08-31 03:24:56,"ntc2_C",-12.6911868370233,1422361
3,2026-08-31 03:24:56,"testSB_C",-12.6800002107472,1421053
4,2026-08-31 03:24:56,"ntc1_C",-12.6641290365233,1421483
4,2026-08-31 03:24:56,"ntc2_C",-12.6569762792221,1417680
4,2026-08-31 03:24:56,"testSB_C",-12.666739099159,1418491
5,2026-08-31 03:24:56,"ntc1_C",-12.6550274208595,1418160
5,2026-08-31 03:24:56,"ntc2_C",-12.6378185952089,1418877
5,2026-08-31 03:24:56,"testSB_C",-12.63490326355,1419863
6,2026-08-31 03:24:56,"ntc1_C",-12.628352962261,1417196
6,2026-08-31 03:24:56,"ntc2_C",-12.6160770359836,1418290
6,2026-08-31 03:24:56,"testSB_C",-12.6055619552743,1417928
7,2026-08-31 03:24:56,"ntc1_C",-12.5803896342001,1414533
7,2026-08-31 03:24:56,"ntc2_C",-12.5716147441087,1416422
7,2026-08-31 03:24:56,"testSB_C",-12.5480559887252,1414962
8,2026-08-31 03:24:56,"ntc1_C",-12.5400318413582,1417372
8,2026-08-31 03:24:56,"ntc2_C",-12.5390218404759,1411708
8,2026-08-31 03:24:56,"testSB_C",-12.5286409810683,1408630
9,2026-08-31 03:24:56,"ntc1_C",-12.5288661440069,1410670
9,2026-08-31 03:24:56,"ntc2_C",-12.5223201631267,1415347
9,2026-08-31 03:24:56,"testSB_C",-12.5233052671508,1413070
10,2026-08-31 03:24:56,"ntc1_C",-12.5154010702048,1413092
10,2026-08-31 03:24:56,"ntc2_C",-12.506991901574,1409131
10,2026-08-31 03:24:56,"testSB_C",-12.4972597178228,1409650
11,2026-08-31 03:24:56,"ntc1_C",-12.4875057846475,1411746
11,2026-08-31 03:24:56,"ntc2_C",-12.4859853803452,1411171
11,2026-08-31 03:24:56,"testSB_C",-12.479480972608,1408845
12,2026-08-31 03:24:56,"ntc1_C",-12.478811030007,1410123
12,2026-08-31 03:24:56,"ntc2_C",-12.4770838539078,1409240
12,2026-08-31 03:24:56,"testSB_C",-12.4743077148689,1408935
13,2026-08-31 03:24:56,"ntc1_C",-12.4775248988956,1414151
13,2026-08-31 03:24:56,"ntc2_C",-12.4730870579284,1406865
13,2026-08-31 03:24:56,"testSB_C",-12.4771762688522,1409330
14,2026-08-31 03:24:56,"ntc1_C",-12.4789405535394,1407890
14,2026-08-31 03:24:56,"ntc2_C",-12.4674483149279,1410610
14,2026-08-31 03:24:56,"testSB_C",-12.4741026477351,1410891
15,2026-08-31 03:24:56,"ntc1_C",-12.4708717894786,1406287
15,2026-08-31 03:24:56,"ntc2_C",-12.4651656066736,1410983
15,2026-08-31 03:24:56,"testSB_C",-12.4651143264451,1411242
16,2026-08-31 03:24:56,"ntc1_C",-12.4720059930235,1408010
16,2026-08-31 03:24:56,"ntc2_C",-12.4706048485673,1407164
16,2026-08-31 03:24:56,"testSB_C",-12.4594779339436,1406474
17,2026-08-31 03:24:56,"ntc1_C",-12.4642855482169,1407446
17,2026-08-31 03:24:56,"ntc2_C",-12.4576525978754,1406340
17,2026-08-31 03:24:56,"testSB_C",-12.4675995461905,1411253
18,2026-08-31 03:24:56,"ntc1_C",-12.4624637899915,1411421
18,2026-08-31 03:24:56,"ntc2_C",-12.4504312356941,1407064
18,2026-08-31 03:24:56,"testSB_C",-12.4546155593572,1406691
19,2026-08-31 03:24:56,"ntc1_C",-12.4555136125998,1410751
19,2026-08-31 03:24:56,"ntc2_C",-12.4464480820571,1408796
19,2026-08-31 03:24:56,"testSB_C",-12.4452509642857,1410691
20,2026-08-31 03:24:56,"ntc1_C",-12.4445279968391,1407745
20,2026-08-31 03:24:56,"ntc2_C",-12.4311056776467,1409291
20,2026-08-31 03:24:56,"testSB_C",-12.4277960415758,1404733
21,2026-08-31 03:24:56,"ntc1_C",-12.4360196908513,1404337
21,2026-08-31 03:24:56,"ntc2_C",-12.4268784631776,1407411
21,2026-08-31 03:24:56,"testSB_C",-12.43402433627,1408048
22,2026-08-31 03:24:56,"ntc1_C",-12.4328454596873,1408212
22,2026-08-31 03:24:56,"ntc2_C",-12.417174452641,1408656
22,2026-08-31 03:24:56,"testSB_C",-12.4204863968428,1405100
23,2026-08-31 03:24:56,"ntc1_C",-12.4152063226005,1409944
23,2026-08-31 03:24:56,"ntc2_C",-12.4103547090916,1406249
23,2026-08-31 03:24:56,"testSB_C",-12.4312953984245,1404697
24,2026-08-31 03:24:56,"ntc1_C",-12.4150306339268,1407255
24,2026-08-31 03:24:56,"ntc2_C",-12.4055749603457,1408766
24,2026-08-31 03:24:56,"testSB_C",-12.390154347896,1402608
1,2026-08-31 06:24:56,"ntc1_C",-14.9963414153232,1559284
1,2026-08-31 06:24:56,"testSB_C",-14.9403151968349,1558974
2,2026-08-31 06:24:56,"ntc1_C",-14.8656590448437,1553346
2,2026-08-31 06:24:56,"ntc2_C",-14.8492695685775,1551860
2,2026-08-31 06:24:56,"testSB_C",-14.8265356889311,1553359
3,2026-08-31 06:24:56,"ntc1_C",-14.7812197726957,1550330
3,2026-08-31 06:24:56,"ntc2_C",-14.7570028722408,1547444
3,2026-08-31 06:24:56,"testSB_C",-14.7385337831452,1545507
4,2026-08-31 06:24:56,"ntc1_C",-14.7232277021029,1546058
4,2026-08-31 06:24:56,"ntc2_C",-14.7122476548324,1541664
4,2026-08-31 06:24:56,"testSB_C",-14.6957212872197,1540890
5,2026-08-31 06:24:56,"ntc1_C",-14.6804645649017,1540374
5,2026-08-31 06:24:56,"ntc2_C",-14.664646806702,1541174
5,2026-08-31 06:24:56,"testSB_C",-14.6520467467992,1541647
6,2026-08-31 06:24:56,"ntc1_C",-14.6489972245773,1538902
6,2026-08-31 06:24:56,"ntc2_C",-14.6436303918624,1540608
6,2026-08-31 06:24:56,"testSB_C",-14.6500108806418,1541234
7,2026-08-31 06:24:56,"ntc1_C",-14.6206645564537,1537357
7,2026-08-31 06:24:56,"ntc2_C",-14.624501010212,1540193
7,2026-08-31 06:24:56,"testSB_C",-14.6250215020837,1540063
8,2026-08-31 06:24:56,"ntc1_C",-14.6173121704324,1542739
8,2026-08-31 06:24:56,"ntc2_C",-14.614516094859,1536465
8,2026-08-31 06:24:56,"testSB_C",-14.5952271023302,1532565
9,2026-08-31 06:24:56,"ntc1_C",-14.6066701238257,1535449
9,2026-08-31 06:24:56,"ntc2_C",-14.5970446518271,1540418
9,2026-08-31 06:24:56,"testSB_C",-14.6061813727899,1538438
10,2026-08-31 06:24:56,"ntc1_C",-14.5938329168916,1538103
10,2026-08-31 06:24:56,"ntc2_C",-14.5887321594074,1534049
10,2026-08-31 06:24:56,"testSB_C",-14.5820458714375,1534825
11,2026-08-31 06:24:56,"ntc1_C",-14.5651464725609,1536584
11,2026-08-31 06:24:56,"ntc2_C",-14.5665929926845,1536180
11,2026-08-31 06:24:56,"testSB_C",-14.5531162552902,1533207
12,2026-08-31 06:24:56,"ntc1_C",-14.5612048303394,1535123
12,2026-08-31 06:24:56,"ntc2_C",-14.5415316965405,1533046
12,2026-08-31 06:24:56,"testSB_C",-14.5375489264745,1532680
13,2026-08-31 06:24:56,"ntc1_C",-14.5279403870226,1537506
13,2026-08-31 06:24:56,"ntc2_C",-14.5097146402612,1528797
13,2026-08-31 06:24:56,"testSB_C",-14.4982621803725,1530472
14,2026-08-31 06:24:56,"ntc1_C",-14.4895231550942,1528214
14,2026-08-31 06:24:56,"ntc2_C",-14.4869232863471,1531707
14,2026-08-31 06:24:56,"testSB_C",-14.4914473410764,1531905
15,2026-08-31 06:24:56,"ntc1_C",-14.4782931392019,1526266
15,2026-08-31 06:24:56,"ntc2_C",-14.4782538809133,1531779
15,2026-08-31 06:24:56,"testSB_C",-14.4800870018201,1532163
16,2026-08-31 06:24:56,"ntc1_C",-14.4776508533412,1528092
16,2026-08-31 06:24:56,"ntc2_C",-14.4810029274738,1527501
16,2026-08-31 06:24:56,"testSB_C",-14.469082989682,1526709
17,2026-08-31 06:24:56,"ntc1_C",-14.4707207251654,1527521
17,2026-08-31 06:24:56,"ntc2_C",-14.45991261787,1526015
17,2026-08-31 06:24:56,"testSB_C",-14.4349132132227,1529176
18,2026-08-31 06:24:56,"ntc1_C",-14.4327958259767,1529506
18,2026-08-31 06:24:56,"ntc2_C",-14.4298406956773,1525312
18,2026-08-31 06:24:56,"testSB_C",-14.41896174497,1524117
19,2026-08-31 06:24:56,"ntc1_C",-14.4093997824,1527819
19,2026-08-31 06:24:56,"ntc2_C",-14.4077102337209,1526176
19,2026-08-31 06:24:56,"testSB_C",-14.4032594870625,1528032
20,2026-08-31 06:24:56,"ntc1_C",-14.4021087158117,1524835
20,2026-08-31 06:24:56,"ntc2_C",-14.4065698702619,1527607
20,2026-08-31 06:24:56,"testSB_C",-14.3908976729614,1521897
21,2026-08-31 06:24:56,"ntc1_C",-14.3925802278415,1520966
21,2026-08-31 06:24:56,"ntc2_C",-14.3966026240461,1525187
21,2026-08-31 06:24:56,"testSB_C",-14.3605864835026,1523211
22,2026-08-31 06:24:56,"ntc1_C",-14.3569445251856,1523232
22,2026-08-31 06:24:56,"ntc2_C",-14.3615926882749,1524921
22,2026-08-31 06:24:56,"testSB_C",-14.3407240662785,1519639
23,2026-08-31 06:24:56,"ntc1_C",-14.3430411384339,1525290
23,2026-08-31 06:24:56,"ntc2_C",-14.3427448039285,1521619
23,2026-08-31 06:24:56,"testSB_C",-14.3436094208525,1518572
24,2026-08-31 06:24:56,"ntc1_C",-14.3247006867176,1521311
24,2026-08-31 06:24:56,"ntc2_C",-14.3243540891701,1523482
24,2026-08-31 06:24:56,"testSB_C",-14.3133606751768,1517094
1,2026-08-31 09:24:56,"ntc1_C",-9.94099810530867,1268500
1,2026-08-31 09:24:56,"testSB_C",-9.99787436588258,1274232
2,2026-08-31 09:24:56,"ntc1_C",-10.0410585853809,1275669
2,2026-08-31 09:24:56,"ntc2_C",-10.0064193498888,1273520
2,2026-08-31 09:24:56,"testSB_C",-10.0066080078065,1276206
3,2026-08-31 09:24:56,"ntc1_C",-9.45546349104973,1247589
3,2026-08-31 09:24:56,"ntc2_C",-9.6191109887659,1254730
3,2026-08-31 09:24:56,"testSB_C",-9.78755750284262,1262867
4,2026-08-31 09:24:56,"ntc1_C",-9.47491776736166,1247992
4,2026-08-31 09:24:56,"ntc2_C",-9.46002171604658,1244290
4,2026-08-31 09:24:56,"testSB_C",-9.66783676008822,1255103
5,2026-08-31 09:24:56,"ntc1_C",-9.62074237376021,1252918
5,2026-08-31 09:24:56,"ntc2_C",-9.58485980133594,1252680
5,2026-08-31 09:24:56,"testSB_C",-9.61361206568222,1255154
6,2026-08-31 09:24:56,"ntc1_C",-9.73845044752233,1259606
6,2026-08-31 09:24:56,"ntc2_C",-9.6362761878263,1255865
6,2026-08-31 09:24:56,"testSB_C",-9.69342950844447,1259068
7,2026-08-31 09:24:56,"ntc1_C",-9.55802256455206,1250338
7,2026-08-31 09:24:56,"ntc2_C",-9.53343318837375,1251208
7,2026-08-31 09:24:56,"testSB_C",-9.70176149680742,1259809
8,2026-08-31 09:24:56,"ntc1_C",-9.69265609872156,1261852
8,2026-08-31 09:24:56,"ntc2_C",-9.73631887546935,1259111
8,2026-08-31 09:24:56,"testSB_C",-9.61399946936643,1250639
9,2026-08-31 09:24:56,"ntc1_C",-9.66482699491218,1255076
9,2026-08-31 09:24:56,"ntc2_C",-9.58658425734194,1255469
9,2026-08-31 09:24:56,"testSB_C",-9.67290117500852,1257842
10,2026-08-31 09:24:56,"ntc1_C",-9.722908061954,1260923
10,2026-08-31 09:24:56,"ntc2_C",-9.61970470350695,1252489
10,2026-08-31 09:24:56,"testSB_C",-9.90454962715864,1268080
11,2026-08-31 09:24:56,"ntc1_C",-9.90707336203354,1270677
11,2026-08-31 09:24:56,"ntc2_C",-9.77368061436181,1263309
11,2026-08-31 09:24:56,"testSB_C",-9.709062207226,1258251
12,2026-08-31 09:24:56,"ntc1_C",-9.64243354401356,1256027
12,2026-08-31 09:24:56,"ntc2_C",-9.71975938567994,1259288
12,2026-08-31 09:24:56,"testSB_C",-9.75711924136971,1261037
13,2026-08-31 09:24:56,"ntc1_C",-9.57481983871656,1256199
13,2026-08-31 09:24:56,"ntc2_C",-9.58756120253946,1250532
13,2026-08-31 09:24:56,"testSB_C",-9.60093377715975,1253230
14,2026-08-31 09:24:56,"ntc1_C",-9.55810372028793,1249728
14,2026-08-31 09:24:56,"ntc2_C",-9.55739119558319,1252703
14,2026-08-31 09:24:56,"testSB_C",-9.5566124466381,1252538
15,2026-08-31 09:24:56,"ntc1_C",-9.61199246347871,1251480
15,2026-08-31 09:24:56,"ntc2_C",-9.47329094496632,1248785
15,2026-08-31 09:24:56,"testSB_C",-9.51372034073978,1251090
16,2026-08-31 09:24:56,"ntc1_C",-9.68853940876227,1256791
16,2026-08-31 09:24:56,"ntc2_C",-9.68908697839169,1256102
16,2026-08-31 09:24:56,"testSB_C",-9.78295914266613,1260871
17,2026-08-31 09:24:56,"ntc1_C",-9.75026708619868,1259860
17,2026-08-31 09:24:56,"ntc2_C",-9.58882614287285,1250998
17,2026-08-31 09:24:56,"testSB_C",-9.6569168964993,1258329
18,2026-08-31 09:24:56,"ntc1_C",-9.60047979233667,1255897
18,2026-08-31 09:24:56,"ntc2_C",-9.60521965627731,1252928
18,2026-08-31 09:24:56,"testSB_C",-9.65445558043615,1254727
19,2026-08-31 09:24:56,"ntc1_C",-9.65771492092381,1258520
19,2026-08-31 09:24:56,"ntc2_C",-9.70249745123567,1259523
19,2026-08-31 09:24:56,"testSB_C",-9.65622341456981,1258892
20,2026-08-31 09:24:56,"ntc1_C",-9.61344062542048,1254088
20,2026-08-31 09:24:56,"ntc2_C",-9.56920793682326,1253905
20,2026-08-31 09:24:56,"testSB_C",-9.55848826604364,1249482
21,2026-08-31 09:24:56,"ntc1_C",-9.55714410938572,1248763
21,2026-08-31 09:24:56,"ntc2_C",-9.48304150675511,1248086
21,2026-08-31 09:24:56,"testSB_C",-9.6897207879789,1258835
22,2026-08-31 09:24:56,"ntc1_C",-9.64650452508101,1256833
22,2026-08-31 09:24:56,"ntc2_C",-9.49766369792042,1250489
22,2026-08-31 09:24:56,"testSB_C",-9.61480092604819,1253060
23,2026-08-31 09:24:56,"ntc1_C",-9.577447138401,1255792
23,2026-08-31 09:24:56,"ntc2_C",-9.57417229454779,1252540
23,2026-08-31 09:24:56,"testSB_C",-9.66523030867853,1254870
24,2026-08-31 09:24:56,"ntc1_C",-9.5808920257868,1253517
24,2026-08-31 09:24:56,"ntc2_C",-9.53705049727768,1253139
24,2026-08-31 09:24:56,"testSB_C",-9.55353657843432,1249300
1,2026-08-31 12:24:56,"ntc1_C",-7.73466161194415,1159316
1,2026-08-31 12:24:56,"testSB_C",-7.88029979387471,1168823
2,2026-08-31 12:24:56,"ntc1_C",-8.06844616270251,1177035
2,2026-08-31 12:24:56,"ntc2_C",-7.94392958806293,1170767
2,2026-08-31 12:24:56,"testSB_C",-8.01491646332175,1176725
3,2026-08-31 12:24:56,"ntc1_C",-6.87695473434775,1123173
3,2026-08-31 12:24:56,"ntc2_C",-7.21758510261554,1137706
3,2026-08-31 12:24:56,"testSB_C",-7.38516903571843,1145085
4,2026-08-31 12:24:56,"ntc1_C",-6.95141423628689,1126016
4,2026-08-31 12:24:56,"ntc2_C",-6.9100251924412,1121494
4,2026-08-31 12:24:56,"testSB_C",-7.29751349724648,1139527
5,2026-08-31 12:24:56,"ntc1_C",-7.18927093916949,1134657
5,2026-08-31 12:24:56,"ntc2_C",-7.17060457500565,1135301
5,2026-08-31 12:24:56,"testSB_C",-7.20871335843731,1137959
6,2026-08-31 12:24:56,"ntc1_C",-7.36719390408922,1143603
6,2026-08-31 12:24:56,"ntc2_C",-7.20649528457392,1137428
6,2026-08-31 12:24:56,"testSB_C",-7.32607144363527,1143265
7,2026-08-31 12:24:56,"ntc1_C",-7.13774346631789,1132853
7,2026-08-31 12:24:56,"ntc2_C",-7.03839628703196,1130201
7,2026-08-31 12:24:56,"testSB_C",-7.40491361965854,1147227
8,2026-08-31 12:24:56,"ntc1_C",-7.3801512424223,1148315
8,2026-08-31 12:24:56,"ntc2_C",-7.40954723054608,1145167
8,2026-08-31 12:24:56,"testSB_C",-7.18178894346528,1132600
9,2026-08-31 12:24:56,"ntc1_C",-7.27864186031161,1138771
9,2026-08-31 12:24:56,"ntc2_C",-7.14244117747216,1136375
9,2026-08-31 12:24:56,"testSB_C",-7.27431829376138,1140649
10,2026-08-31 12:24:56,"ntc1_C",-7.28314248518802,1141585
10,2026-08-31 12:24:56,"ntc2_C",-7.10154628056227,1130315
10,2026-08-31 12:24:56,"testSB_C",-7.59559003179584,1154134
11,2026-08-31 12:24:56,"ntc1_C",-7.58440347296863,1155911
11,2026-08-31 12:24:56,"ntc2_C",-7.29186247713551,1141768
11,2026-08-31 12:24:56,"testSB_C",-7.26823714764583,1139114
12,2026-08-31 12:24:56,"ntc1_C",-6.9389807408723,1125024
12,2026-08-31 12:24:56,"ntc2_C",-7.25764304728614,1139067
12,2026-08-31 12:24:56,"testSB_C",-7.38986907410396,1145030
13,2026-08-31 12:24:56,"ntc1_C",-7.10140958086379,1135749
13,2026-08-31 12:24:56,"ntc2_C",-7.05355155199152,1127793
13,2026-08-31 12:24:56,"testSB_C",-7.21893562872725,1137263
14,2026-08-31 12:24:56,"ntc1_C",-7.16016184541536,1133398
14,2026-08-31 12:24:56,"ntc2_C",-7.13212645312024,1134835
14,2026-08-31 12:24:56,"testSB_C",-7.17622080922405,1136733
15,2026-08-31 12:24:56,"ntc1_C",-7.33333211489963,1140521
15,2026-08-31 12:24:56,"ntc2_C",-7.06905185039773,1132210
15,2026-08-31 12:24:56,"testSB_C",-7.08024720810755,1132950
16,2026-08-31 12:24:56,"ntc1_C",-7.30616658706896,1140463
16,2026-08-31 12:24:56,"ntc2_C",-7.38804511815647,1143596
16,2026-08-31 12:24:56,"testSB_C",-7.48475267015391,1148057
17,2026-08-31 12:24:56,"ntc1_C",-7.4401475588258,1146615
17,2026-08-31 12:24:56,"ntc2_C",-7.2194691615037,1135859
17,2026-08-31 12:24:56,"testSB_C",-7.40731586655392,1148075
18,2026-08-31 12:24:56,"ntc1_C",-7.27649125268692,1142431
18,2026-08-31 12:24:56,"ntc2_C",-7.24586365792129,1138134
18,2026-08-31 12:24:56,"testSB_C",-7.29146772899583,1139465
19,2026-08-31 12:24:56,"ntc1_C",-7.3071992244241,1143526
19,2026-08-31 12:24:56,"ntc2_C",-7.35847340528272,1144723
19,2026-08-31 12:24:56,"testSB_C",-7.26153748787397,1141789
20,2026-08-31 12:24:56,"ntc1_C",-7.16546619598608,1134955
20,2026-08-31 12:24:56,"ntc2_C",-7.00126468427248,1129273
20,2026-08-31 12:24:56,"testSB_C",-6.9925397976935,1125398
21,2026-08-31 12:24:56,"ntc1_C",-7.13141187879484,1131286
21,2026-08-31 12:24:56,"ntc2_C",-7.00688428023511,1128277
21,2026-08-31 12:24:56,"testSB_C",-7.42544123045127,1147822
22,2026-08-31 12:24:56,"ntc1_C",-7.17722649082759,1136484
22,2026-08-31 12:24:56,"ntc2_C",-7.0046610412486,1129728
22,2026-08-31 12:24:56,"testSB_C",-7.21547388524931,1136309
23,2026-08-31 12:24:56,"ntc1_C",-7.10092253901973,1135243
23,2026-08-31 12:24:56,"ntc2_C",-7.01369181515503,1128417
23,2026-08-31 12:24:56,"testSB_C",-7.27060258422182,1138259
24,2026-08-31 12:24:56,"ntc1_C",-7.13883775991098,1134730
24,2026-08-31 12:24:56,"ntc2_C",-7.09592649867125,1134462
24,2026-08-31 12:24:56,"testSB_C",-7.17418517419628,1133851
1,2026-08-31 15:24:56,"ntc1_C",-6.61348346282523,1107561
1,2026-08-31 15:24:56,"testSB_C",-6.65001271380146,1111715
2,2026-08-31 15:24:56,"ntc1_C",-6.89671608979444,1122164
2,2026-08-31 15:24:56,"ntc2_C",-6.67314609147309,1111709
2,2026-08-31 15:24:56,"testSB_C",-6.77186365795649,1118682
3,2026-08-31 15:24:56,"ntc1_C",-5.5348486219554,1063521
3,2026-08-31 15:24:56,"ntc2_C",-5.7133151719982,1070154
3,2026-08-31 15:24:56,"testSB_C",-5.99392732102666,1082076
4,2026-08-31 15:24:56,"ntc1_C",-5.59379767744082,1065519
4,2026-08-31 15:24:56,"ntc2_C",-5.61586633058073,1063998
4,2026-08-31 15:24:56,"testSB_C",-5.83764687724846,1073824
5,2026-08-31 15:24:56,"ntc1_C",-5.85285261779779,1074588
5,2026-08-31 15:24:56,"ntc2_C",-5.84071916164913,1075517
5,2026-08-31 15:24:56,"testSB_C",-5.88581955772588,1078330
6,2026-08-31 15:24:56,"ntc1_C",-6.05242762867681,1084052
6,2026-08-31 15:24:56,"ntc2_C",-5.90651648138851,1078820
6,2026-08-31 15:24:56,"testSB_C",-6.11232406306863,1088176
7,2026-08-31 15:24:56,"ntc1_C",-5.74487396297911,1070429
7,2026-08-31 15:24:56,"ntc2_C",-5.67451589133645,1069191
7,2026-08-31 15:24:56,"testSB_C",-5.90258942104862,1079209
8,2026-08-31 15:24:56,"ntc1_C",-5.93148098785235,1082567
8,2026-08-31 15:24:56,"ntc2_C",-5.98846928751027,1080822
8,2026-08-31 15:24:56,"testSB_C",-5.79722585381734,1070567
9,2026-08-31 15:24:56,"ntc1_C",-5.9431285240139,1078554
9,2026-08-31 15:24:56,"ntc2_C",-5.77212187903024,1074731
9,2026-08-31 15:24:56,"testSB_C",-5.93720950173832,1080233
10,2026-08-31 15:24:56,"ntc1_C",-5.96838144072808,1082132
10,2026-08-31 15:24:56,"ntc2_C",-5.86172169851062,1074717
10,2026-08-31 15:24:56,"testSB_C",-6.17376373529697,1089229
11,2026-08-31 15:24:56,"ntc1_C",-6.31105623131032,1097546
11,2026-08-31 15:24:56,"ntc2_C",-6.02779767283346,1084531
11,2026-08-31 15:24:56,"testSB_C",-6.17630605290873,1089617
12,2026-08-31 15:24:56,"ntc1_C",-5.96481842755179,1081322
12,2026-08-31 15:24:56,"ntc2_C",-5.99820248101759,1082177
12,2026-08-31 15:24:56,"testSB_C",-6.13542886392133,1088041
13,2026-08-31 15:24:56,"ntc1_C",-5.950781670722,1083808
13,2026-08-31 15:24:56,"ntc2_C",-5.68400633788991,1066665
13,2026-08-31 15:24:56,"testSB_C",-5.79251099873369,1073134
14,2026-08-31 15:24:56,"ntc1_C",-5.77442257161255,1071288
14,2026-08-31 15:24:56,"ntc2_C",-5.7324498638958,1072040
14,2026-08-31 15:24:56,"testSB_C",-5.81852832995156,1075649
15,2026-08-31 15:24:56,"ntc1_C",-5.89378606163478,1075663
15,2026-08-31 15:24:56,"ntc2_C",-5.71684919069776,1071604
15,2026-08-31 15:24:56,"testSB_C",-5.88203911912171,1079038
16,2026-08-31 15:24:56,"ntc1_C",-6.10463134359213,1086032
16,2026-08-31 15:24:56,"ntc2_C",-5.99048421994263,1080350
16,2026-08-31 15:24:56,"testSB_C",-6.25072178111344,1091794
17,2026-08-31 15:24:56,"ntc1_C",-6.05644855966938,1083822
17,2026-08-31 15:24:56,"ntc2_C",-6.01687090982364,1081625
17,2026-08-31 15:24:56,"testSB_C",-5.897338357607,1079656
18,2026-08-31 15:24:56,"ntc1_C",-5.78239821596134,1075074
18,2026-08-31 15:24:56,"ntc2_C",-6.03546032529749,1083476
18,2026-08-31 15:24:56,"testSB_C",-5.94811957294002,1078827
19,2026-08-31 15:24:56,"ntc1_C",-5.99131831445084,1083899
19,2026-08-31 15:24:56,"ntc2_C",-6.19021269791773,1091558
19,2026-08-31 15:24:56,"testSB_C",-6.06070746614893,1087322
20,2026-08-31 15:24:56,"ntc1_C",-5.9178877832681,1078760
20,2026-08-31 15:24:56,"ntc2_C",-6.10792075460455,1088950
20,2026-08-31 15:24:56,"testSB_C",-5.95644418165796,1078939
21,2026-08-31 15:24:56,"ntc1_C",-5.92597285242357,1077179
21,2026-08-31 15:24:56,"ntc2_C",-6.01461008158111,1083631
21,2026-08-31 15:24:56,"testSB_C",-5.96249479172513,1081470
22,2026-08-31 15:24:56,"ntc1_C",-5.90983625135874,1079362
22,2026-08-31 15:24:56,"ntc2_C",-5.74700238787,1073411
22,2026-08-31 15:24:56,"testSB_C",-5.94526356377986,1079073
23,2026-08-31 15:24:56,"ntc1_C",-5.92616444791037,1082266
23,2026-08-31 15:24:56,"ntc2_C",-5.85055407719494,1076265
23,2026-08-31 15:24:56,"testSB_C",-5.95824646272365,1079115
24,2026-08-31 15:24:56,"ntc1_C",-5.85790086858447,1077093
24,2026-08-31 15:24:56,"ntc2_C",-5.88744649554661,1080032
24,2026-08-31 15:24:56,"testSB_C",-5.91548172037648,1077255
1,2026-08-31 18:24:56,"ntc1_C",-8.44273885981232,1193272
1,2026-08-31 18:24:56,"testSB_C",-8.37832544763751,1192787
2,2026-08-31 18:24:56,"ntc1_C",-8.43270118768964,1194646
2,2026-08-31 18:24:56,"ntc2_C",-8.2482585764887,1185381
2,2026-08-31 18:24:56,"testSB_C",-8.34616279080041,1192706
3,2026-08-31 18:24:56,"ntc1_C",-7.72585059552904,1162669
3,2026-08-31 18:24:56,"ntc2_C",-7.71017201546908,1160766
3,2026-08-31 18:24:56,"testSB_C",-7.72291792610287,1160942
4,2026-08-31 18:24:56,"ntc1_C",-7.58189511524483,1155301
4,2026-08-31 18:24:56,"ntc2_C",-7.60569976178238,1153712
4,2026-08-31 18:24:56,"testSB_C",-7.61775253800448,1154484
5,2026-08-31 18:24:56,"ntc1_C",-7.69545234719044,1158300
5,2026-08-31 18:24:56,"ntc2_C",-7.63544146673587,1156994
5,2026-08-31 18:24:56,"testSB_C",-7.60090192669156,1156280
6,2026-08-31 18:24:56,"ntc1_C",-7.70108369329608,1159254
6,2026-08-31 18:24:56,"ntc2_C",-7.69565215786037,1160319
6,2026-08-31 18:24:56,"testSB_C",-7.68677378764477,1160182
7,2026-08-31 18:24:56,"ntc1_C",-7.57313307609508,1153124
7,2026-08-31 18:24:56,"ntc2_C",-7.67402888091868,1159846
7,2026-08-31 18:24:56,"testSB_C",-7.68876397740564,1160565
8,2026-08-31 18:24:56,"ntc1_C",-7.68890678852642,1162850
8,2026-08-31 18:24:56,"ntc2_C",-7.55360839623967,1151906
8,2026-08-31 18:24:56,"testSB_C",-7.71381965264789,1157409
9,2026-08-31 18:24:56,"ntc1_C",-7.67342549710543,1157225
9,2026-08-31 18:24:56,"ntc2_C",-7.62736388877045,1159050
9,2026-08-31 18:24:56,"testSB_C",-7.64086906784826,1157810
10,2026-08-31 18:24:56,"ntc1_C",-7.66568822056468,1159506
10,2026-08-31 18:24:56,"ntc2_C",-7.60444902896438,1153702
10,2026-08-31 18:24:56,"testSB_C",-7.84162923775477,1165762
11,2026-08-31 18:24:56,"ntc1_C",-7.76611946635694,1164496
11,2026-08-31 18:24:56,"ntc2_C",-7.74131247235704,1162859
11,2026-08-31 18:24:56,"testSB_C",-7.74321894036973,1161360
12,2026-08-31 18:24:56,"ntc1_C",-7.78267655803688,1164338
12,2026-08-31 18:24:56,"ntc2_C",-7.68765887998092,1159187
12,2026-08-31 18:24:56,"testSB_C",-7.69487949115035,1159344
13,2026-08-31 18:24:56,"ntc1_C",-7.68477236158935,1163052
13,2026-08-31 18:24:56,"ntc2_C",-7.52290485183261,1149561
13,2026-08-31 18:24:56,"testSB_C",-7.54632231828066,1152529
14,2026-08-31 18:24:56,"ntc1_C",-7.52688808101743,1150446
14,2026-08-31 18:24:56,"ntc2_C",-7.5514548003884,1154374
14,2026-08-31 18:24:56,"testSB_C",-7.5756375608234,1155373
15,2026-08-31 18:24:56,"ntc1_C",-7.5869422041024,1152357
15,2026-08-31 18:24:56,"ntc2_C",-7.52887808782236,1153613
15,2026-08-31 18:24:56,"testSB_C",-7.58286452223228,1156381
16,2026-08-31 18:24:56,"ntc1_C",-7.63004897442073,1155609
16,2026-08-31 18:24:56,"ntc2_C",-7.57448249240105,1152316
16,2026-08-31 18:24:56,"testSB_C",-7.71697726919081,1158973
17,2026-08-31 18:24:56,"ntc1_C",-7.58530211162906,1153415
17,2026-08-31 18:24:56,"ntc2_C",-7.63139479926645,1155071
17,2026-08-31 18:24:56,"testSB_C",-7.58112518214921,1156231
18,2026-08-31 18:24:56,"ntc1_C",-7.5767731247339,1156483
18,2026-08-31 18:24:56,"ntc2_C",-7.65441134936543,1157215
18,2026-08-31 18:24:56,"testSB_C",-7.62044101534224,1154841
19,2026-08-31 18:24:56,"ntc1_C",-7.64614382989794,1159423
19,2026-08-31 18:24:56,"ntc2_C",-7.71019983697602,1161244
19,2026-08-31 18:24:56,"testSB_C",-7.66396061966367,1160662
20,2026-08-31 18:24:56,"ntc1_C",-7.61146367182442,1155766
20,2026-08-31 18:24:56,"ntc2_C",-7.7337919633826,1163479
20,2026-08-31 18:24:56,"testSB_C",-7.57690764656968,1152503
21,2026-08-31 18:24:56,"ntc1_C",-7.59587405030692,1152872
21,2026-08-31 18:24:56,"ntc2_C",-7.67804867950542,1159542
21,2026-08-31 18:24:56,"testSB_C",-7.64504632337281,1158137
22,2026-08-31 18:24:56,"ntc1_C",-7.60526341659869,1156470
22,2026-08-31 18:24:56,"ntc2_C",-7.5678545587682,1155924
22,2026-08-31 18:24:56,"testSB_C",-7.67400142093339,1157729
23,2026-08-31 18:24:56,"ntc1_C",-7.69950197326204,1163253
23,2026-08-31 18:24:56,"ntc2_C",-7.75853633339995,1163171
23,2026-08-31 18:24:56,"testSB_C",-7.70061296201789,1158354
24,2026-08-31 18:24:56,"ntc1_C",-7.62035436881001,1157207
24,2026-08-31 18:24:56,"ntc2_C",-7.66176795587398,1160908
24,2026-08-31 18:24:56,"testSB_C",-7.63140597105684,1155158
1,2026-08-31 21:24:56,"ntc1_C",-10.941883394814,1321413
1,2026-08-31 21:24:56,"testSB_C",-10.8893066108556,1321441
2,2026-08-31 21:24:56,"ntc1_C",-10.8659106310983,1319357
2,2026-08-31 21:24:56,"ntc2_C",-10.8423388588732,1317725
2,2026-08-31 21:24:56,"testSB_C",-10.8224365677446,1319376
3,2026-08-31 21:24:56,"ntc1_C",-10.7628871596999,1315934
3,2026-08-31 21:24:56,"ntc2_C",-10.7454980704203,1313756
3,2026-08-31 21:24:56,"testSB_C",-10.7262777836943,1312165
4,2026-08-31 21:24:56,"ntc1_C",-10.7126396199895,1312643
4,2026-08-31 21:24:56,"ntc2_C",-10.6935939927085,1308514
4,2026-08-31 21:24:56,"testSB_C",-10.6863966382145,1308359
5,2026-08-31 21:24:56,"ntc1_C",-10.6753074984929,1308031
5,2026-08-31 21:24:56,"ntc2_C",-10.6555799255053,1308614
5,2026-08-31 21:24:56,"testSB_C",-10.6413710094175,1308909
6,2026-08-31 21:24:56,"ntc1_C",-10.6342622282016,1306476
6,2026-08-31 21:24:56,"ntc2_C",-10.6113955616414,1306849
6,2026-08-31 21:24:56,"testSB_C",-10.6034596056129,1306690
7,2026-08-31 21:24:56,"ntc1_C",-10.5831297304014,1303762
7,2026-08-31 21:24:56,"ntc2_C",-10.5661371934752,1305071
7,2026-08-31 21:24:56,"testSB_C",-10.5645261287452,1304941
8,2026-08-31 21:24:56,"ntc1_C",-10.5515217806613,1306865
8,2026-08-31 21:24:56,"ntc2_C",-10.5456657443278,1301390
8,2026-08-31 21:24:56,"testSB_C",-10.5308427480782,1298315
9,2026-08-31 21:24:56,"ntc1_C",-10.5301839708956,1300176
9,2026-08-31 21:24:56,"ntc2_C",-10.5226376621293,1304370
9,2026-08-31 21:24:56,"testSB_C",-10.5240304611112,1302307
10,2026-08-31 21:24:56,"ntc1_C",-10.5185020727181,1302517
10,2026-08-31 21:24:56,"ntc2_C",-10.5107607120106,1298866
10,2026-08-31 21:24:56,"testSB_C",-10.5123791362642,1299931
11,2026-08-31 21:24:56,"ntc1_C",-10.5083445867173,1302227
11,2026-08-31 21:24:56,"ntc2_C",-10.4998149538644,1301296
11,2026-08-31 21:24:56,"testSB_C",-10.5001311977315,1299520
12,2026-08-31 21:24:56,"ntc1_C",-10.4904145578165,1300233
12,2026-08-31 21:24:56,"ntc2_C",-10.4924362570446,1299613
12,2026-08-31 21:24:56,"testSB_C",-10.4942361976798,1299543
13,2026-08-31 21:24:56,"ntc1_C",-10.4990309980696,1304466
13,2026-08-31 21:24:56,"ntc2_C",-10.4885117568077,1297371
13,2026-08-31 21:24:56,"testSB_C",-10.4930707017458,1299693
14,2026-08-31 21:24:56,"ntc1_C",-10.4948476150913,1298403
14,2026-08-31 21:24:56,"ntc2_C",-10.4915803219347,1301356
14,2026-08-31 21:24:56,"testSB_C",-10.5002088026927,1301696
15,2026-08-31 21:24:56,"ntc1_C",-10.4954097862544,1297393
15,2026-08-31 21:24:56,"ntc2_C",-10.4904566204206,1301709
15,2026-08-31 21:24:56,"testSB_C",-10.484839345254,1301661
16,2026-08-31 21:24:56,"ntc1_C",-10.4912537057536,1298643
16,2026-08-31 21:24:56,"ntc2_C",-10.4901987971938,1297856
16,2026-08-31 21:24:56,"testSB_C",-10.4862941815219,1297597
17,2026-08-31 21:24:56,"ntc1_C",-10.4914650287208,1298549
17,2026-08-31 21:24:56,"ntc2_C",-10.490776769629,1297882
17,2026-08-31 21:24:56,"testSB_C",-10.5004467499093,1302388
18,2026-08-31 21:24:56,"ntc1_C",-10.4929986653012,1302455
18,2026-08-31 21:24:56,"ntc2_C",-10.4879875921026,1298842
18,2026-08-31 21:24:56,"testSB_C",-10.4959342888493,1298573
19,2026-08-31 21:24:56,"ntc1_C",-10.4911161151685,1302054
19,2026-08-31 21:24:56,"ntc2_C",-10.4869871107876,1300499
19,2026-08-31 21:24:56,"testSB_C",-10.4883897581996,1302381
20,2026-08-31 21:24:56,"ntc1_C",-10.4927761804891,1299917
20,2026-08-31 21:24:56,"ntc2_C",-10.4827963154372,1301540
20,2026-08-31 21:24:56,"testSB_C",-10.4837995988924,1297565
21,2026-08-31 21:24:56,"ntc1_C",-10.4968731156802,1297540
21,2026-08-31 21:24:56,"ntc2_C",-10.4857437589904,1300207
21,2026-08-31 21:24:56,"testSB_C",-10.4996887929848,1301141
22,2026-08-31 21:24:56,"ntc1_C",-10.4991259240454,1301331
22,2026-08-31 21:24:56,"ntc2_C",-10.4849607977459,1301870
22,2026-08-31 21:24:56,"testSB_C",-10.4976598453144,1299027
23,2026-08-31 21:24:56,"ntc1_C",-10.4900581329127,1303424
23,2026-08-31 21:24:56,"ntc2_C",-10.4844837022158,1299939
23,2026-08-31 21:24:56,"testSB_C",-10.5093548733555,1298807
24,2026-08-31 21:24:56,"ntc1_C",-10.4956127003123,1301196
24,2026-08-31 21:24:56,"ntc2_C",-10.4858246850433,1302600
24,2026-08-31 21:24:56,"testSB_C",-10.4865495271829,1297769
1,2026-09-01 00:24:56,"ntc1_C",-12.9542875976013,1434599
1,2026-09-01 00:24:56,"testSB_C",-12.9308568331519,1436278
2,2026-09-01 00:24:56,"ntc1_C",-12.9159793991942,1434550
2,2026-09-01 00:24:56,"ntc2_C",-12.9152526374506,1434102
2,2026-09-01 00:24:56,"testSB_C",-12.9005135590564,1436074
3,2026-09-01 00:24:56,"ntc1_C",-12.8845631474298,1434937
3,2026-09-01 00:24:56,"ntc2_C",-12.8823674057743,1433504
3,2026-09-01 00:24:56,"testSB_C",-12.8808677087857,1432747
4,2026-09-01 00:24:56,"ntc1_C",-12.8698534660757,1433469
4,2026-09-01 00:24:56,"ntc2_C",-12.8686287491798,1429978
4,2026-09-01 00:24:56,"testSB_C",-12.8758612258437,1430648
5,2026-09-01 00:24:56,"ntc1_C",-12.8737446055075,1430881
5,2026-09-01 00:24:56,"ntc2_C",-12.8586458265223,1431721
5,2026-09-01 00:24:56,"testSB_C",-12.8589775423053,1432907
6,2026-09-01 00:24:56,"ntc1_C",-12.8649972727903,1430942
6,2026-09-01 00:24:56,"ntc2_C",-12.8560267662079,1432249
6,2026-09-01 00:24:56,"testSB_C",-12.8588299408087,1432657
7,2026-09-01 00:24:56,"ntc1_C",-12.8462331735043,1429969
7,2026-09-01 00:24:56,"ntc2_C",-12.8353429218739,1431754
7,2026-09-01 00:24:56,"testSB_C",-12.8397383942269,1431904
8,2026-09-01 00:24:56,"ntc1_C",-12.8393371850955,1434794
8,2026-09-01 00:24:56,"ntc2_C",-12.8348252086779,1428856
8,2026-09-01 00:24:56,"testSB_C",-12.8235807591583,1425691
9,2026-09-01 00:24:56,"ntc1_C",-12.8270676182731,1427941
9,2026-09-01 00:24:56,"ntc2_C",-12.8176629461421,1432518
9,2026-09-01 00:24:56,"testSB_C",-12.819891296243,1430284
10,2026-09-01 00:24:56,"ntc1_C",-12.815726962924,1430514
10,2026-09-01 00:24:56,"ntc2_C",-12.8031690914123,1426269
10,2026-09-01 00:24:56,"testSB_C",-12.8101216585608,1427769
11,2026-09-01 00:24:56,"ntc1_C",-12.8028785084395,1430028
11,2026-09-01 00:24:56,"ntc2_C",-12.7949870992494,1429079
11,2026-09-01 00:24:56,"testSB_C",-12.8005969869087,1427428
12,2026-09-01 00:24:56,"ntc1_C",-12.7831969554175,1427745
12,2026-09-01 00:24:56,"ntc2_C",-12.7910221334908,1427408
12,2026-09-01 00:24:56,"testSB_C",-12.781347724619,1426703
13,2026-09-01 00:24:56,"ntc1_C",-12.7833456873966,1431908
13,2026-09-01 00:24:56,"ntc2_C",-12.7719591053772,1424136
13,2026-09-01 00:24:56,"testSB_C",-12.776375379947,1426646
14,2026-09-01 00:24:56,"ntc1_C",-12.7753618771557,1425021
14,2026-09-01 00:24:56,"ntc2_C",-12.7655793269367,1427872
14,2026-09-01 00:24:56,"testSB_C",-12.7762279172115,1428393
15,2026-09-01 00:24:56,"ntc1_C",-12.766539046311,1423353
15,2026-09-01 00:24:56,"ntc2_C",-12.7637854673086,1428287
15,2026-09-01 00:24:56,"testSB_C",-12.761463596264,1428415
16,2026-09-01 00:24:56,"ntc1_C",-12.7636103197195,1424870
16,2026-09-01 00:24:56,"ntc2_C",-12.7603341063449,1423909
16,2026-09-01 00:24:56,"testSB_C",-12.7542550746062,1423505
17,2026-09-01 00:24:56,"ntc1_C",-12.7571767032248,1424373
17,2026-09-01 00:24:56,"ntc2_C",-12.7556849965313,1423546
17,2026-09-01 00:24:56,"testSB_C",-12.7577754438979,1428063
18,2026-09-01 00:24:56,"ntc1_C",-12.7583647872939,1428561
18,2026-09-01 00:24:56,"ntc2_C",-12.7447543979227,1424054
18,2026-09-01 00:24:56,"testSB_C",-12.7528806120311,1423926
19,2026-09-01 00:24:56,"ntc1_C",-12.7522439377726,1427940
19,2026-09-01 00:24:56,"ntc2_C",-12.7464372324686,1426153
19,2026-09-01 00:24:56,"testSB_C",-12.746368193224,1428138
20,2026-09-01 00:24:56,"ntc1_C",-12.7491451513532,1425362
20,2026-09-01 00:24:56,"ntc2_C",-12.7406827863824,1427214
20,2026-09-01 00:24:56,"testSB_C",-12.7399485498715,1422747
21,2026-09-01 00:24:56,"ntc1_C",-12.7498035057167,1422426
21,2026-09-01 00:24:56,"ntc2_C",-12.7386163445295,1425432
21,2026-09-01 00:24:56,"testSB_C",-12.7477064484535,1426193
22,2026-09-01 00:24:56,"ntc1_C",-12.7455587548529,1426302
22,2026-09-01 00:24:56,"ntc2_C",-12.7285248290618,1426664
22,2026-09-01 00:24:56,"testSB_C",-12.7423978394581,1423686
23,2026-09-01 00:24:56,"ntc1_C",-12.7354827169314,1428490
23,2026-09-01 00:24:56,"ntc2_C",-12.7289853045982,1424657
23,2026-09-01 00:24:56,"testSB_C",-12.7503678199895,1423092
24,2026-09-01 00:24:56,"ntc1_C",-12.7379121463937,1425926
24,2026-09-01 00:24:56,"ntc2_C",-12.7306955830602,1427583
24,2026-09-01 00:24:56,"testSB_C",-12.7339415995385,1422425
1,2026-09-01 03:24:56,"ntc1_C",-13.3568479101237,1458374
1,2026-09-01 03:24:56,"testSB_C",-13.3497902697862,1461045
2,2026-09-01 03:24:56,"ntc1_C",-13.3437431025684,1459821
2,2026-09-01 03:24:56,"ntc2_C",-13.3417898138527,1459290
2,2026-09-01 03:24:56,"testSB_C",-13.341431525504,1462127
3,2026-09-01 03:24:56,"ntc1_C",-13.3502537971238,1462459
3,2026-09-01 03:24:56,"ntc2_C",-13.3471264845905,1460955
3,2026-09-01 03:24:56,"testSB_C",-13.3476677266736,1460293
4,2026-09-01 03:24:56,"ntc1_C",-13.3359476297301,1460997
4,2026-09-01 03:24:56,"ntc2_C",-13.3382727408496,1457646
4,2026-09-01 03:24:56,"testSB_C",-13.3463074655457,1458376
5,2026-09-01 03:24:56,"ntc1_C",-13.3427286812008,1458541
5,2026-09-01 03:24:56,"ntc2_C",-13.334252461546,1459777
5,2026-09-01 03:24:56,"testSB_C",-13.3387813774708,1461239
6,2026-09-01 03:24:56,"ntc1_C",-13.3427228843822,1459096
6,2026-09-01 03:24:56,"ntc2_C",-13.3446972397646,1461100
6,2026-09-01 03:24:56,"testSB_C",-13.3473775780932,1461499
7,2026-09-01 03:24:56,"ntc1_C",-13.3347741423718,1458773
7,2026-09-01 03:24:56,"ntc2_C",-13.3373323236974,1461394
7,2026-09-01 03:24:56,"testSB_C",-13.3397121877507,1461414
8,2026-09-01 03:24:56,"ntc1_C",-13.3425819617148,1464567
8,2026-09-01 03:24:56,"ntc2_C",-13.3446049308282,1458895
8,2026-09-01 03:24:56,"testSB_C",-13.3372687703004,1455897
9,2026-09-01 03:24:56,"ntc1_C",-13.3352919588728,1457861
9,2026-09-01 03:24:56,"ntc2_C",-13.3354668147382,1463123
9,2026-09-01 03:24:56,"testSB_C",-13.3387363924926,1460900
10,2026-09-01 03:24:56,"ntc1_C",-13.3394376544687,1461406
10,2026-09-01 03:24:56,"ntc2_C",-13.3319743717689,1457384
10,2026-09-01 03:24:56,"testSB_C",-13.3407683536119,1459031
11,2026-09-01 03:24:56,"ntc1_C",-13.3351477981458,1461418
11,2026-09-01 03:24:56,"ntc2_C",-13.3341364483187,1460867
11,2026-09-01 03:24:56,"testSB_C",-13.3350817019429,1458900
12,2026-09-01 03:24:56,"ntc1_C",-13.3323794718996,1460094
12,2026-09-01 03:24:56,"ntc2_C",-13.3354051199527,1459465
12,2026-09-01 03:24:56,"testSB_C",-13.3299730920038,1459007
13,2026-09-01 03:24:56,"ntc1_C",-13.329924766051,1464197
13,2026-09-01 03:24:56,"ntc2_C",-13.3251368903888,1456660
13,2026-09-01 03:24:56,"testSB_C",-13.3285971242094,1459162
14,2026-09-01 03:24:56,"ntc1_C",-13.3291252671251,1457581
14,2026-09-01 03:24:56,"ntc2_C",-13.3199535314907,1460530
14,2026-09-01 03:24:56,"testSB_C",-13.323288640784,1460634
15,2026-09-01 03:24:56,"ntc1_C",-13.3225794472464,1456007
15,2026-09-01 03:24:56,"ntc2_C",-13.3193735301814,1461044
15,2026-09-01 03:24:56,"testSB_C",-13.3250290962867,1461647
16,2026-09-01 03:24:56,"ntc1_C",-13.3259419095323,1457951
16,2026-09-01 03:24:56,"ntc2_C",-13.3265502962867,1457207
16,2026-09-01 03:24:56,"testSB_C",-13.3262515823033,1457139
17,2026-09-01 03:24:56,"ntc1_C",-13.3342948116791,1458320
17,2026-09-01 03:24:56,"ntc2_C",-13.326956034618,1457113
17,2026-09-01 03:24:56,"testSB_C",-13.3257137067529,1461541
18,2026-09-01 03:24:56,"ntc1_C",-13.332214707273,1462392
18,2026-09-01 03:24:56,"ntc2_C",-13.322813857711,1458018
18,2026-09-01 03:24:56,"testSB_C",-13.3265238746761,1457665
19,2026-09-01 03:24:56,"ntc1_C",-13.3326492369748,1462165
19,2026-09-01 03:24:56,"ntc2_C",-13.3297884666758,1460515
19,2026-09-01 03:24:56,"testSB_C",-13.3306150012473,1462603
20,2026-09-01 03:24:56,"ntc1_C",-13.3333301324913,1459762
20,2026-09-01 03:24:56,"ntc2_C",-13.3263087100111,1461740
20,2026-09-01 03:24:56,"testSB_C",-13.3257239034917,1457173
21,2026-09-01 03:24:56,"ntc1_C",-13.3331976866952,1456675
21,2026-09-01 03:24:56,"ntc2_C",-13.3281425886,1460140
21,2026-09-01 03:24:56,"testSB_C",-13.3295059684984,1460464
22,2026-09-01 03:24:56,"ntc1_C",-13.3363075886203,1461108
22,2026-09-01 03:24:56,"ntc2_C",-13.3249289013986,1461800
22,2026-09-01 03:24:56,"testSB_C",-13.3262165444101,1458019
23,2026-09-01 03:24:56,"ntc1_C",-13.3258888440196,1463315
23,2026-09-01 03:24:56,"ntc2_C",-13.327450182411,1459881
23,2026-09-01 03:24:56,"testSB_C",-13.3376770645846,1457578
24,2026-09-01 03:24:56,"ntc1_C",-13.3256644197889,1460547
24,2026-09-01 03:24:56,"ntc2_C",-13.3214505147205,1462415
24,2026-09-01 03:24:56,"testSB_C",-13.3150760849692,1456558
1,2026-09-01 06:24:56,"ntc1_C",-14.1950032433394,1509132
1,2026-09-01 06:24:56,"testSB_C",-14.2003685867434,1512637
2,2026-09-01 06:24:56,"ntc1_C",-14.1983506066057,1511634
2,2026-09-01 06:24:56,"ntc2_C",-14.1993797089952,1511264
2,2026-09-01 06:24:56,"testSB_C",-14.20338162784,1514415
3,2026-09-01 06:24:56,"ntc1_C",-14.2301498488934,1515892
3,2026-09-01 06:24:56,"ntc2_C",-14.2313482175394,1514624
3,2026-09-01 06:24:56,"testSB_C",-14.2341208257207,1514052
4,2026-09-01 06:24:56,"ntc1_C",-14.2163803501226,1514430
4,2026-09-01 06:24:56,"ntc2_C",-14.2215440596953,1511124
4,2026-09-01 06:24:56,"testSB_C",-14.2347149456498,1512196
5,2026-09-01 06:24:56,"ntc1_C",-14.2303854383172,1512349
5,2026-09-01 06:24:56,"ntc2_C",-14.2206958940656,1513527
5,2026-09-01 06:24:56,"testSB_C",-14.2311764130897,1515415
6,2026-09-01 06:24:56,"ntc1_C",-14.2341901061388,1513105
6,2026-09-01 06:24:56,"ntc2_C",-14.2424057001932,1515605
6,2026-09-01 06:24:56,"testSB_C",-14.2426539989116,1515850
7,2026-09-01 06:24:56,"ntc1_C",-14.2254043189374,1512768
7,2026-09-01 06:24:56,"ntc2_C",-14.2350505224547,1515920
7,2026-09-01 06:24:56,"testSB_C",-14.2374612849149,1515919
8,2026-09-01 06:24:56,"ntc1_C",-14.2433971209368,1519393
8,2026-09-01 06:24:56,"ntc2_C",-14.2445905620957,1513459
8,2026-09-01 06:24:56,"testSB_C",-14.2383270621316,1510418
9,2026-09-01 06:24:56,"ntc1_C",-14.233183359003,1512244
9,2026-09-01 06:24:56,"ntc2_C",-14.2352093456992,1517847
9,2026-09-01 06:24:56,"testSB_C",-14.2394601498874,1515596
10,2026-09-01 06:24:56,"ntc1_C",-14.2461569610533,1516457
10,2026-09-01 06:24:56,"ntc2_C",-14.2361071904042,1512146
10,2026-09-01 06:24:56,"testSB_C",-14.2543378082125,1514446
11,2026-09-01 06:24:56,"ntc1_C",-14.2488344361157,1516898
11,2026-09-01 06:24:56,"ntc2_C",-14.2495734677148,1516450
11,2026-09-01 06:24:56,"testSB_C",-14.247976843087,1514249
12,2026-09-01 06:24:56,"ntc1_C",-14.2495605116757,1515743
12,2026-09-01 06:24:56,"ntc2_C",-14.25144319522,1515022
12,2026-09-01 06:24:56,"testSB_C",-14.2455598679547,1514537
13,2026-09-01 06:24:56,"ntc1_C",-14.2405934162279,1519600
13,2026-09-01 06:24:56,"ntc2_C",-14.2404060717047,1512094
13,2026-09-01 06:24:56,"testSB_C",-14.2425858112935,1514597
14,2026-09-01 06:24:56,"ntc1_C",-14.2426351421953,1512909
14,2026-09-01 06:24:56,"ntc2_C",-14.2289166596326,1515682
14,2026-09-01 06:24:56,"testSB_C",-14.2263237981312,1515435
15,2026-09-01 06:24:56,"ntc1_C",-14.2325785655804,1511054
15,2026-09-01 06:24:56,"ntc2_C",-14.2249907347932,1516038
15,2026-09-01 06:24:56,"testSB_C",-14.2413370119602,1517318
16,2026-09-01 06:24:56,"ntc1_C",-14.2394552411829,1513318
16,2026-09-01 06:24:56,"ntc2_C",-14.2446855766943,1512845
16,2026-09-01 06:24:56,"testSB_C",-14.2471411116557,1512947
17,2026-09-01 06:24:56,"ntc1_C",-14.2564592234753,1514231
17,2026-09-01 06:24:56,"ntc2_C",-14.2392803173125,1512350
17,2026-09-01 06:24:56,"testSB_C",-14.2362542022374,1516840
18,2026-09-01 06:24:56,"ntc1_C",-14.2516694094442,1518256
18,2026-09-01 06:24:56,"ntc2_C",-14.2379984671235,1513435
18,2026-09-01 06:24:56,"testSB_C",-14.2421206206295,1513161
19,2026-09-01 06:24:56,"ntc1_C",-14.2572724559332,1518370
19,2026-09-01 06:24:56,"ntc2_C",-14.2561968390959,1516774
19,2026-09-01 06:24:56,"testSB_C",-14.2581199774598,1519013
20,2026-09-01 06:24:56,"ntc1_C",-14.261201744124,1516095
20,2026-09-01 06:24:56,"ntc2_C",-14.254758040886,1518177
20,2026-09-01 06:24:56,"testSB_C",-14.2541531372578,1513432
21,2026-09-01 06:24:56,"ntc1_C",-14.2609496266144,1512828
21,2026-09-01 06:24:56,"ntc2_C",-14.2568595598657,1516520
21,2026-09-01 06:24:56,"testSB_C",-14.2548650861282,1516657
22,2026-09-01 06:24:56,"ntc1_C",-14.2681097723708,1517723
22,2026-09-01 06:24:56,"ntc2_C",-14.257313565616,1518452
22,2026-09-01 06:24:56,"testSB_C",-14.2517068074535,1514131
23,2026-09-01 06:24:56,"ntc1_C",-14.2582915161322,1520029
23,2026-09-01 06:24:56,"ntc2_C",-14.2642904235799,1516758
23,2026-09-01 06:24:56,"testSB_C",-14.2685917176025,1513938
24,2026-09-01 06:24:56,"ntc1_C",-14.257666466781,1517157
24,2026-09-01 06:24:56,"ntc2_C",-14.2536544551088,1519096
24,2026-09-01 06:24:56,"testSB_C",-14.2430442293305,1512750
1,2026-09-01 09:24:56,"ntc1_C",-19.9746910114565,1908924
1,2026-09-01 09:24:56,"testSB_C",-19.1932657568746,1853203
2,2026-09-01 09:24:56,"ntc1_C",-18.9257595062655,1832265
2,2026-09-01 09:24:56,"ntc2_C",-18.4086265941182,1793705
2,2026-09-01 09:24:56,"testSB_C",-18.0542833629822,1771191
3,2026-09-01 09:24:56,"ntc1_C",-13.8383057521256,1491863
3,2026-09-01 09:24:56,"ntc2_C",-14.6011180111781,1537639
3,2026-09-01 09:24:56,"testSB_C",-14.7459147304336,1545972
4,2026-09-01 09:24:56,"ntc1_C",-14.2387274553284,1515811
4,2026-09-01 09:24:56,"ntc2_C",-14.3211222788094,1517273
4,2026-09-01 09:24:56,"testSB_C",-15.1607018725577,1570372
5,2026-09-01 09:24:56,"ntc1_C",-15.6760094033056,1604182
5,2026-09-01 09:24:56,"ntc2_C",-15.1819193790304,1574012
5,2026-09-01 09:24:56,"testSB_C",-15.2834407574994,1581837
6,2026-09-01 09:24:56,"ntc1_C",-15.7140770716578,1607127
6,2026-09-01 09:24:56,"ntc2_C",-15.2809582366201,1581157
6,2026-09-01 09:24:56,"testSB_C",-15.4928163427966,1595081
7,2026-09-01 09:24:56,"ntc1_C",-15.264793906873,1578270
7,2026-09-01 09:24:56,"ntc2_C",-14.6231955216932,1540111
7,2026-09-01 09:24:56,"testSB_C",-15.585865847464,1601557
8,2026-09-01 09:24:56,"ntc1_C",-15.758967152104,1616212
8,2026-09-01 09:24:56,"ntc2_C",-15.4655210327394,1590698
8,2026-09-01 09:24:56,"testSB_C",-15.1582848073758,1568154
9,2026-09-01 09:24:56,"ntc1_C",-15.5768726157112,1597370
9,2026-09-01 09:24:56,"ntc2_C",-15.1829748810293,1577667
9,2026-09-01 09:24:56,"testSB_C",-15.4317941170925,1591104
10,2026-09-01 09:24:56,"ntc1_C",-15.6182414769555,1603655
10,2026-09-01 09:24:56,"ntc2_C",-15.0847779902563,1565388
10,2026-09-01 09:24:56,"testSB_C",-15.827327216027,1614742
11,2026-09-01 09:24:56,"ntc1_C",-16.0198490800824,1630384
11,2026-09-01 09:24:56,"ntc2_C",-15.2442002991846,1579199
11,2026-09-01 09:24:56,"testSB_C",-15.370436817493,1585140
12,2026-09-01 09:24:56,"ntc1_C",-14.9108099240491,1557153
12,2026-09-01 09:24:56,"ntc2_C",-15.2496538083035,1577931
12,2026-09-01 09:24:56,"testSB_C",-15.548216551243,1597138
13,2026-09-01 09:24:56,"ntc1_C",-15.7420283120568,1615468
13,2026-09-01 09:24:56,"ntc2_C",-15.2100688953138,1573086
13,2026-09-01 09:24:56,"testSB_C",-15.5494564496092,1597471
14,2026-09-01 09:24:56,"ntc1_C",-15.560696991891,1596394
14,2026-09-01 09:24:56,"ntc2_C",-15.2441029479139,1579701
14,2026-09-01 09:24:56,"testSB_C",-15.47194013368,1594352
15,2026-09-01 09:24:56,"ntc1_C",-15.7359176194917,1606505
15,2026-09-01 09:24:56,"ntc2_C",-15.0133063762285,1565563
15,2026-09-01 09:24:56,"testSB_C",-14.9492538474986,1561751
16,2026-09-01 09:24:56,"ntc1_C",-15.661213085125,1603623
16,2026-09-01 09:24:56,"ntc2_C",-15.5146305334926,1593257
16,2026-09-01 09:24:56,"testSB_C",-15.8026286629532,1612017
17,2026-09-01 09:24:56,"ntc1_C",-15.5872814536448,1598649
17,2026-09-01 09:24:56,"ntc2_C",-15.4499141584999,1588836
17,2026-09-01 09:24:56,"testSB_C",-15.8456592102171,1619647
18,2026-09-01 09:24:56,"ntc1_C",-15.6104932181287,1604671
18,2026-09-01 09:24:56,"ntc2_C",-15.373355812718,1585068
18,2026-09-01 09:24:56,"testSB_C",-15.6748189854401,1604189
19,2026-09-01 09:24:56,"ntc1_C",-15.7977496524966,1616756
19,2026-09-01 09:24:56,"ntc2_C",-15.839266646244,1617873
19,2026-09-01 09:24:56,"testSB_C",-15.5408441031992,1600562
20,2026-09-01 09:24:56,"ntc1_C",-15.6505345921364,1604458
20,2026-09-01 09:24:56,"ntc2_C",-15.1311429607595,1573412
20,2026-09-01 09:24:56,"testSB_C",-15.4344848241133,1588046
21,2026-09-01 09:24:56,"ntc1_C",-15.6857345498726,1603231
21,2026-09-01 09:24:56,"ntc2_C",-15.0302184379191,1565098
21,2026-09-01 09:24:56,"testSB_C",-15.918131786361,1623042
22,2026-09-01 09:24:56,"ntc1_C",-15.667353953424,1606808
22,2026-09-01 09:24:56,"ntc2_C",-15.1838812703591,1576888
22,2026-09-01 09:24:56,"testSB_C",-15.7694888844938,1610779
23,2026-09-01 09:24:56,"ntc1_C",-15.5229110786485,1600412
23,2026-09-01 09:24:56,"ntc2_C",-15.3596897233468,1586028
23,2026-09-01 09:24:56,"testSB_C",-15.9110450401022,1618629
24,2026-09-01 09:24:56,"ntc1_C",-15.8658911274472,1619947
24,2026-09-01 09:24:56,"ntc2_C",-15.4968826366421,1598058
24,2026-09-01 09:24:56,"testSB_C",-15.6319532853881,1600856
1,2026-09-01 12:24:57,"ntc1_C",-14.2414314869665,1511994
1,2026-09-01 12:24:57,"testSB_C",-14.3054972640861,1519137
2,2026-09-01 12:24:57,"ntc1_C",-14.968925804491,1559901
2,2026-09-01 12:24:57,"ntc2_C",-14.5507741306777,1533083
2,2026-09-01 12:24:57,"testSB_C",-14.1935447768113,1513808
3,2026-09-01 12:24:57,"ntc1_C",-12.3222835230034,1402391
3,2026-09-01 12:24:57,"ntc2_C",-12.1847536380512,1393258
3,2026-09-01 12:24:57,"testSB_C",-13.3486245866021,1460350
4,2026-09-01 12:24:57,"ntc1_C",-11.9414293111539,1380162
4,2026-09-01 12:24:57,"ntc2_C",-11.8533108644676,1371935
4,2026-09-01 12:24:57,"testSB_C",-12.837119141188,1428388
5,2026-09-01 12:24:57,"ntc1_C",-12.6255472878228,1416454
5,2026-09-01 12:24:57,"ntc2_C",-12.2696928386425,1397720
5,2026-09-01 12:24:57,"testSB_C",-12.8998140623676,1435297
6,2026-09-01 12:24:57,"ntc1_C",-12.725774748685,1422839
6,2026-09-01 12:24:57,"ntc2_C",-12.3768730030005,1404509
6,2026-09-01 12:24:57,"testSB_C",-14.0969382365508,1506870
7,2026-09-01 12:24:57,"ntc1_C",-12.2376759365247,1394878
7,2026-09-01 12:24:57,"ntc2_C",-11.8715750586164,1376513
7,2026-09-01 12:24:57,"testSB_C",-12.737847406881,1425963
8,2026-09-01 12:24:57,"ntc1_C",-12.7271497650524,1428239
8,2026-09-01 12:24:57,"ntc2_C",-12.8702425021971,1430923
8,2026-09-01 12:24:57,"testSB_C",-12.1730029876617,1388328
9,2026-09-01 12:24:57,"ntc1_C",-12.6705001984681,1418847
9,2026-09-01 12:24:57,"ntc2_C",-12.2217102502458,1398080
9,2026-09-01 12:24:57,"testSB_C",-13.5026592955856,1470707
10,2026-09-01 12:24:57,"ntc1_C",-12.4794386144122,1411020
10,2026-09-01 12:24:57,"ntc2_C",-12.0160203823903,1381172
10,2026-09-01 12:24:57,"testSB_C",-12.2688911680383,1396569
11,2026-09-01 12:24:57,"ntc1_C",-12.8700296902533,1433951
11,2026-09-01 12:24:57,"ntc2_C",-12.2490850242089,1397593
11,2026-09-01 12:24:57,"testSB_C",-12.3853427480238,1403443
12,2026-09-01 12:24:57,"ntc1_C",-12.0233436118468,1384158
12,2026-09-01 12:24:57,"ntc2_C",-12.189619095965,1392806
12,2026-09-01 12:24:57,"testSB_C",-14.0424612968939,1502042
13,2026-09-01 12:24:57,"ntc1_C",-12.5580806709867,1418807
13,2026-09-01 12:24:57,"ntc2_C",-12.234350764065,1393219
13,2026-09-01 12:24:57,"testSB_C",-12.387990841651,1404209
14,2026-09-01 12:24:57,"ntc1_C",-12.375268279958,1401947
14,2026-09-01 12:24:57,"ntc2_C",-12.2436588380263,1397789
14,2026-09-01 12:24:57,"testSB_C",-12.3283669197938,1402525
15,2026-09-01 12:24:57,"ntc1_C",-12.6134831287062,1414493
15,2026-09-01 12:24:57,"ntc2_C",-12.010522479237,1385038
15,2026-09-01 12:24:57,"testSB_C",-12.0280661816851,1386290
16,2026-09-01 12:24:57,"ntc1_C",-12.527982676109,1411231
16,2026-09-01 12:24:57,"ntc2_C",-12.3627556980935,1400981
16,2026-09-01 12:24:57,"testSB_C",-12.5277612910555,1410401
17,2026-09-01 12:24:57,"ntc1_C",-12.327473825108,1399608
17,2026-09-01 12:24:57,"ntc2_C",-12.3589072984258,1400685
17,2026-09-01 12:24:57,"testSB_C",-12.7434247149676,1427227
18,2026-09-01 12:24:57,"ntc1_C",-12.4992039768489,1413538
18,2026-09-01 12:24:57,"ntc2_C",-12.3562842949251,1401672
18,2026-09-01 12:24:57,"testSB_C",-12.5568146897608,1412573
19,2026-09-01 12:24:57,"ntc1_C",-12.6279034150437,1420712
19,2026-09-01 12:24:57,"ntc2_C",-12.644408202351,1420226
19,2026-09-01 12:24:57,"testSB_C",-12.4308512560734,1409862
20,2026-09-01 12:24:57,"ntc1_C",-12.4582341957561,1408533
20,2026-09-01 12:24:57,"ntc2_C",-12.1128663836363,1391100
20,2026-09-01 12:24:57,"testSB_C",-12.1811662426562,1390661
21,2026-09-01 12:24:57,"ntc1_C",-12.5610822727659,1411519
21,2026-09-01 12:24:57,"ntc2_C",-12.2033150638337,1394627
21,2026-09-01 12:24:57,"testSB_C",-13.1136541643801,1447655
22,2026-09-01 12:24:57,"ntc1_C",-13.2863117393429,1458130
22,2026-09-01 12:24:57,"ntc2_C",-13.1448581846228,1451102
22,2026-09-01 12:24:57,"testSB_C",-13.6304808528419,1476236
23,2026-09-01 12:24:57,"ntc1_C",-13.2080877455206,1456300
23,2026-09-01 12:24:57,"ntc2_C",-12.6852122311341,1422114
23,2026-09-01 12:24:57,"testSB_C",-13.2077281736845,1449877
24,2026-09-01 12:24:57,"ntc1_C",-12.8759135898029,1433981
24,2026-09-01 12:24:57,"ntc2_C",-12.5863144468421,1419196
24,2026-09-01 12:24:57,"testSB_C",-12.7254813997181,1421934
1,2026-09-01 15:24:57,"ntc1_C",-10.4373367457832,1294467
1,2026-09-01 15:24:57,"testSB_C",-10.6633058608244,1309308
2,2026-09-01 15:24:57,"ntc1_C",-10.8865078745516,1320467
2,2026-09-01 15:24:57,"ntc2_C",-10.1285506457596,1279884
2,2026-09-01 15:24:57,"testSB_C",-10.6208325707094,1308573
3,2026-09-01 15:24:57,"ntc1_C",-8.20167215944656,1185426
3,2026-09-01 15:24:57,"ntc2_C",-8.12686208486326,1180646
3,2026-09-01 15:24:57,"testSB_C",-7.87429978418112,1168122
4,2026-09-01 15:24:57,"ntc1_C",-7.9808967018551,1174236
4,2026-09-01 15:24:57,"ntc2_C",-7.94636063250243,1169833
4,2026-09-01 15:24:57,"testSB_C",-7.95707996407452,1170552
5,2026-09-01 15:24:57,"ntc1_C",-8.14459837144364,1179701
5,2026-09-01 15:24:57,"ntc2_C",-8.1425871424828,1181146
5,2026-09-01 15:24:57,"testSB_C",-7.96156869964636,1173395
6,2026-09-01 15:24:57,"ntc1_C",-8.334525511045,1189551
6,2026-09-01 15:24:57,"ntc2_C",-8.26751879825991,1187679
6,2026-09-01 15:24:57,"testSB_C",-8.19059855100494,1184241
7,2026-09-01 15:24:57,"ntc1_C",-7.93845052533459,1170419
7,2026-09-01 15:24:57,"ntc2_C",-8.23699041939062,1186766
7,2026-09-01 15:24:57,"testSB_C",-8.45984581085105,1197604
8,2026-09-01 15:24:57,"ntc1_C",-8.34113649773872,1194176
8,2026-09-01 15:24:57,"ntc2_C",-7.95041715731224,1170679
8,2026-09-01 15:24:57,"testSB_C",-8.31462786836931,1186095
9,2026-09-01 15:24:57,"ntc1_C",-8.1078048888246,1177884
9,2026-09-01 15:24:57,"ntc2_C",-7.95495711283058,1174630
9,2026-09-01 15:24:57,"testSB_C",-8.18977414245097,1184004
10,2026-09-01 15:24:57,"ntc1_C",-8.1504560336034,1182630
10,2026-09-01 15:24:57,"ntc2_C",-8.0741795168197,1175994
10,2026-09-01 15:24:57,"testSB_C",-8.35198160375126,1190265
11,2026-09-01 15:24:57,"ntc1_C",-8.36576618357071,1193291
11,2026-09-01 15:24:57,"ntc2_C",-8.06987167063085,1178529
11,2026-09-01 15:24:57,"testSB_C",-8.08422377111975,1177605
12,2026-09-01 15:24:57,"ntc1_C",-8.18760066977177,1183703
12,2026-09-01 15:24:57,"ntc2_C",-7.9493513385321,1171609
12,2026-09-01 15:24:57,"testSB_C",-8.35993965723009,1191193
13,2026-09-01 15:24:57,"ntc1_C",-8.34645427183341,1194834
13,2026-09-01 15:24:57,"ntc2_C",-7.9949918050142,1171890
13,2026-09-01 15:24:57,"testSB_C",-7.96192407547164,1172211
14,2026-09-01 15:24:57,"ntc1_C",-7.7669124712516,1161746
14,2026-09-01 15:24:57,"ntc2_C",-8.00837620485999,1176057
14,2026-09-01 15:24:57,"testSB_C",-8.02873026493438,1176897
15,2026-09-01 15:24:57,"ntc1_C",-8.09988851902739,1176682
15,2026-09-01 15:24:57,"ntc2_C",-7.79254318318419,1166072
15,2026-09-01 15:24:57,"testSB_C",-8.10210572790623,1181108
16,2026-09-01 15:24:57,"ntc1_C",-8.20622865856865,1183064
16,2026-09-01 15:24:57,"ntc2_C",-7.80500225023189,1163192
16,2026-09-01 15:24:57,"testSB_C",-8.05996288539745,1175290
17,2026-09-01 15:24:57,"ntc1_C",-7.79467147350636,1163296
17,2026-09-01 15:24:57,"ntc2_C",-7.95703962900137,1170494
17,2026-09-01 15:24:57,"testSB_C",-8.08041055978265,1179991
18,2026-09-01 15:24:57,"ntc1_C",-7.94319817528225,1173870
18,2026-09-01 15:24:57,"ntc2_C",-8.33310316838828,1189639
18,2026-09-01 15:24:57,"testSB_C",-8.21143783313119,1182999
19,2026-09-01 15:24:57,"ntc1_C",-8.09189400356269,1180674
19,2026-09-01 15:24:57,"ntc2_C",-8.32818242470984,1190864
19,2026-09-01 15:24:57,"testSB_C",-8.09279387821812,1181125
20,2026-09-01 15:24:57,"ntc1_C",-7.97701072688386,1173114
20,2026-09-01 15:24:57,"ntc2_C",-8.08373069454001,1180192
20,2026-09-01 15:24:57,"testSB_C",-7.7301716363566,1159722
21,2026-09-01 15:24:57,"ntc1_C",-7.98929333193843,1171486
21,2026-09-01 15:24:57,"ntc2_C",-8.23535624939058,1186176
21,2026-09-01 15:24:57,"testSB_C",-8.3599781718795,1192379
22,2026-09-01 15:24:57,"ntc1_C",-8.01321228412206,1175853
22,2026-09-01 15:24:57,"ntc2_C",-7.96196788599025,1174625
22,2026-09-01 15:24:57,"testSB_C",-8.40099340663767,1192541
23,2026-09-01 15:24:57,"ntc1_C",-8.4634850709179,1200032
23,2026-09-01 15:24:57,"ntc2_C",-8.13719225053279,1181257
23,2026-09-01 15:24:57,"testSB_C",-8.48884594844174,1196136
24,2026-09-01 15:24:57,"ntc1_C",-8.13303931362748,1181640
24,2026-09-01 15:24:57,"ntc2_C",-8.3857300104886,1195666
24,2026-09-01 15:24:57,"testSB_C",-8.38163085184419,1191011
1,2026-09-01 18:24:56,"ntc1_C",-16.2238433816692,1639280
1,2026-09-01 18:24:56,"testSB_C",-16.4227986249029,1656019
2,2026-09-01 18:24:56,"ntc1_C",-16.1904821533152,1639518
2,2026-09-01 18:24:56,"ntc2_C",-15.6640439914647,1604266
2,2026-09-01 18:24:56,"testSB_C",-16.259935050783,1646691
3,2026-09-01 18:24:56,"ntc1_C",-15.2836129475266,1582393
3,2026-09-01 18:24:56,"ntc2_C",-15.0931951712122,1568799
3,2026-09-01 18:24:56,"testSB_C",-14.6595724119974,1540541
4,2026-09-01 18:24:56,"ntc1_C",-15.075143616509,1568398
4,2026-09-01 18:24:56,"ntc2_C",-15.0285844745316,1561672
4,2026-09-01 18:24:56,"testSB_C",-14.6075340324008,1535360
5,2026-09-01 18:24:56,"ntc1_C",-14.6836316618517,1540573
5,2026-09-01 18:24:56,"ntc2_C",-14.9984623296536,1562288
5,2026-09-01 18:24:56,"testSB_C",-14.6707655793883,1542824
6,2026-09-01 18:24:56,"ntc1_C",-14.7640616228588,1546134
6,2026-09-01 18:24:56,"ntc2_C",-14.9872926661272,1562345
6,2026-09-01 18:24:56,"testSB_C",-14.6697888222983,1542477
7,2026-09-01 18:24:56,"ntc1_C",-14.5309550446283,1531742
7,2026-09-01 18:24:56,"ntc2_C",-15.1484235820481,1573449
7,2026-09-01 18:24:56,"testSB_C",-14.7195833925023,1546011
8,2026-09-01 18:24:56,"ntc1_C",-14.6514358142516,1544887
8,2026-09-01 18:24:56,"ntc2_C",-14.4708214737928,1527488
8,2026-09-01 18:24:56,"testSB_C",-14.9797861963146,1556785
9,2026-09-01 18:24:56,"ntc1_C",-14.4539108740824,1525916
9,2026-09-01 18:24:56,"ntc2_C",-14.6569423920967,1544186
9,2026-09-01 18:24:56,"testSB_C",-14.5251678130054,1533363
10,2026-09-01 18:24:56,"ntc1_C",-14.495783251911,1531968
10,2026-09-01 18:24:56,"ntc2_C",-14.8961222476971,1553396
10,2026-09-01 18:24:56,"testSB_C",-14.7388487869927,1544671
11,2026-09-01 18:24:56,"ntc1_C",-14.5231030485397,1533953
11,2026-09-01 18:24:56,"ntc2_C",-14.6624943887322,1542198
11,2026-09-01 18:24:56,"testSB_C",-14.4038937789658,1523907
12,2026-09-01 18:24:56,"ntc1_C",-14.9040798032594,1556726
12,2026-09-01 18:24:56,"ntc2_C",-14.597841454138,1536569
12,2026-09-01 18:24:56,"testSB_C",-14.6716048684705,1541081
13,2026-09-01 18:24:56,"ntc1_C",-14.5865564716844,1541184
13,2026-09-01 18:24:56,"ntc2_C",-14.5256980910503,1529794
13,2026-09-01 18:24:56,"testSB_C",-14.4788823458586,1529263
14,2026-09-01 18:24:56,"ntc1_C",-14.2272621039496,1511961
14,2026-09-01 18:24:56,"ntc2_C",-14.670591531671,1543216
14,2026-09-01 18:24:56,"testSB_C",-14.4711034977421,1530635
15,2026-09-01 18:24:56,"ntc1_C",-14.5174815432972,1528706
15,2026-09-01 18:24:56,"ntc2_C",-14.6105457271723,1540065
15,2026-09-01 18:24:56,"testSB_C",-14.7719320796236,1550503
16,2026-09-01 18:24:56,"ntc1_C",-14.4464862743747,1526151
16,2026-09-01 18:24:56,"ntc2_C",-14.4110473952181,1523148
16,2026-09-01 18:24:56,"testSB_C",-14.3737716131717,1520784
17,2026-09-01 18:24:56,"ntc1_C",-14.2819800640572,1515808
17,2026-09-01 18:24:56,"ntc2_C",-14.4069225794649,1522722
17,2026-09-01 18:24:56,"testSB_C",-14.3227981448753,1522202
18,2026-09-01 18:24:56,"ntc1_C",-14.3178482604458,1522357
18,2026-09-01 18:24:56,"ntc2_C",-14.7671310765134,1546416
18,2026-09-01 18:24:56,"testSB_C",-14.4458396516213,1525789
19,2026-09-01 18:24:56,"ntc1_C",-14.3695940049196,1525341
19,2026-09-01 18:24:56,"ntc2_C",-14.6302134517431,1540087
19,2026-09-01 18:24:56,"testSB_C",-14.513795730837,1534936
20,2026-09-01 18:24:56,"ntc1_C",-14.1400703445952,1508621
20,2026-09-01 18:24:56,"ntc2_C",-14.6896860368008,1545347
20,2026-09-01 18:24:56,"testSB_C",-14.1000185094709,1503946
21,2026-09-01 18:24:56,"ntc1_C",-14.177825924426,1507711
21,2026-09-01 18:24:56,"ntc2_C",-14.7763399273931,1548985
21,2026-09-01 18:24:56,"testSB_C",-14.4231884712617,1527105
22,2026-09-01 18:24:56,"ntc1_C",-14.076644325505,1505916
22,2026-09-01 18:24:56,"ntc2_C",-14.5078055115733,1534037
22,2026-09-01 18:24:56,"testSB_C",-14.4161267840556,1524320
23,2026-09-01 18:24:56,"ntc1_C",-14.5353921760451,1537297
23,2026-09-01 18:24:56,"ntc2_C",-14.5147178772833,1532328
23,2026-09-01 18:24:56,"testSB_C",-14.500636827229,1528317
24,2026-09-01 18:24:56,"ntc1_C",-14.1733033075027,1511945
24,2026-09-01 18:24:56,"ntc2_C",-14.4971151297463,1534252
24,2026-09-01 18:24:56,"testSB_C",-14.2008466299412,1510149
1,2026-09-01 21:24:56,"ntc1_C",-23.3105208050143,2183111
1,2026-09-01 21:24:56,"testSB_C",-23.1885508297368,2176693
2,2026-09-01 21:24:56,"ntc1_C",-23.0945513942569,2167492
2,2026-09-01 21:24:56,"ntc2_C",-23.0547815536318,2163386
2,2026-09-01 21:24:56,"testSB_C",-23.021822321442,2163840
3,2026-09-01 21:24:56,"ntc1_C",-22.9859588607719,2160809
3,2026-09-01 21:24:56,"ntc2_C",-22.9266407432925,2154127
3,2026-09-01 21:24:56,"testSB_C",-22.872089452027,2148088
4,2026-09-01 21:24:56,"ntc1_C",-22.8644255456205,2149763
4,2026-09-01 21:24:56,"ntc2_C",-22.844820079896,2142909
4,2026-09-01 21:24:56,"testSB_C",-22.7930311978008,2138811
5,2026-09-01 21:24:56,"ntc1_C",-22.7860066045695,2139151
5,2026-09-01 21:24:56,"ntc2_C",-22.7681158424807,2139729
5,2026-09-01 21:24:56,"testSB_C",-22.7316776046491,2138382
6,2026-09-01 21:24:56,"ntc1_C",-22.7194446881282,2133374
6,2026-09-01 21:24:56,"ntc2_C",-22.7234114090498,2136969
6,2026-09-01 21:24:56,"testSB_C",-22.7051075232911,2135537
7,2026-09-01 21:24:56,"ntc1_C",-22.6753032495404,2130620
7,2026-09-01 21:24:56,"ntc2_C",-22.68914654708,2135297
7,2026-09-01 21:24:56,"testSB_C",-22.6571830495497,2132078
8,2026-09-01 21:24:56,"ntc1_C",-22.6404351447144,2135037
8,2026-09-01 21:24:56,"ntc2_C",-22.6298152077637,2125825
8,2026-09-01 21:24:56,"testSB_C",-22.6365688275179,2122773
9,2026-09-01 21:24:56,"ntc1_C",-22.5984723960744,2122262
9,2026-09-01 21:24:56,"ntc2_C",-22.594993619202,2129944
9,2026-09-01 21:24:56,"testSB_C",-22.5721521471535,2124457
10,2026-09-01 21:24:56,"ntc1_C",-22.5503702714835,2122772
10,2026-09-01 21:24:56,"ntc2_C",-22.5542990163096,2118308
10,2026-09-01 21:24:56,"testSB_C",-22.5289615062988,2117943
11,2026-09-01 21:24:56,"ntc1_C",-22.4958133802091,2118566
11,2026-09-01 21:24:56,"ntc2_C",-22.5105562900012,2119329
11,2026-09-01 21:24:56,"testSB_C",-22.4962570661433,2115198
12,2026-09-01 21:24:56,"ntc1_C",-22.5197490039049,2118966
12,2026-09-01 21:24:56,"ntc2_C",-22.4880059824035,2115142
12,2026-09-01 21:24:56,"testSB_C",-22.4892093493786,2115328
13,2026-09-01 21:24:56,"ntc1_C",-22.4939839911019,2122893
13,2026-09-01 21:24:56,"ntc2_C",-22.4768147526977,2111489
13,2026-09-01 21:24:56,"testSB_C",-22.476781997957,2114555
14,2026-09-01 21:24:56,"ntc1_C",-22.4644689554854,2111015
14,2026-09-01 21:24:56,"ntc2_C",-22.4615809941759,2115636
14,2026-09-01 21:24:56,"testSB_C",-22.4634695314914,2115758
15,2026-09-01 21:24:56,"ntc1_C",-22.4426566315567,2107408
15,2026-09-01 21:24:56,"ntc2_C",-22.441941123336,2115196
15,2026-09-01 21:24:56,"testSB_C",-22.4408335884295,2115334
16,2026-09-01 21:24:56,"ntc1_C",-22.4355856759372,2109680
16,2026-09-01 21:24:56,"ntc2_C",-22.438121778118,2108964
16,2026-09-01 21:24:56,"testSB_C",-22.4255933377464,2107858
17,2026-09-01 21:24:56,"ntc1_C",-22.4262653514574,2108653
17,2026-09-01 21:24:56,"ntc2_C",-22.4170362544441,2106481
17,2026-09-01 21:24:56,"testSB_C",-22.4028242066954,2111757
18,2026-09-01 21:24:56,"ntc1_C",-22.3994155548057,2111890
18,2026-09-01 21:24:56,"ntc2_C",-22.3904006704623,2105459
18,2026-09-01 21:24:56,"testSB_C",-22.3865413556682,2105197
19,2026-09-01 21:24:56,"ntc1_C",-22.3764817187195,2110015
19,2026-09-01 21:24:56,"ntc2_C",-22.3730653397436,2107681
19,2026-09-01 21:24:56,"testSB_C",-22.3634360860326,2109817
20,2026-09-01 21:24:56,"ntc1_C",-22.3549809541949,2104967
20,2026-09-01 21:24:56,"ntc2_C",-22.3716154683262,2109678
20,2026-09-01 21:24:56,"testSB_C",-22.3402871096232,2100548
21,2026-09-01 21:24:56,"ntc1_C",-22.3289666493429,2097707
21,2026-09-01 21:24:56,"ntc2_C",-22.3393993127176,2104347
21,2026-09-01 21:24:56,"testSB_C",-22.2826616344148,2099988
22,2026-09-01 21:24:56,"ntc1_C",-22.2810502745473,2100201
22,2026-09-01 21:24:56,"ntc2_C",-22.2871898407524,2102351
22,2026-09-01 21:24:56,"testSB_C",-22.2582729087805,2094856
23,2026-09-01 21:24:56,"ntc1_C",-22.2589757808402,2102041
23,2026-09-01 21:24:56,"ntc2_C",-22.2622088768606,2097622
23,2026-09-01 21:24:56,"testSB_C",-22.2580204214793,2092017
24,2026-09-01 21:24:56,"ntc1_C",-22.2164166429073,2094922
24,2026-09-01 21:24:56,"ntc2_C",-22.2117875558569,2097374
24,2026-09-01 21:24:56,"testSB_C",-22.1719308255647,2086255
1,2026-09-02 00:24:56,"ntc1_C",-23.1159632921886,2166181
1,2026-09-02 00:24:56,"testSB_C",-23.021382347241,2162181
2,2026-09-02 00:24:56,"ntc1_C",-22.9479526049996,2154806
2,2026-09-02 00:24:56,"ntc2_C",-22.9211524957565,2151840
2,2026-09-02 00:24:56,"testSB_C",-22.8732337673852,2151015
3,2026-09-02 00:24:56,"ntc1_C",-22.8607635822065,2150008
3,2026-09-02 00:24:56,"ntc2_C",-22.8077482589351,2143893
3,2026-09-02 00:24:56,"testSB_C",-22.7574818513945,2138251
4,2026-09-02 00:24:56,"ntc1_C",-22.751085996713,2140024
4,2026-09-02 00:24:56,"ntc2_C",-22.7449678160301,2134353
4,2026-09-02 00:24:56,"testSB_C",-22.6795992550641,2129111
5,2026-09-02 00:24:56,"ntc1_C",-22.67028963637,2129250
5,2026-09-02 00:24:56,"ntc2_C",-22.6645535823884,2130868
5,2026-09-02 00:24:56,"testSB_C",-22.5934442824631,2126568
6,2026-09-02 00:24:56,"ntc1_C",-22.5776155059061,2121289
6,2026-09-02 00:24:56,"ntc2_C",-22.5948425326627,2125987
6,2026-09-02 00:24:56,"testSB_C",-22.5356827665683,2121087
7,2026-09-02 00:24:56,"ntc1_C",-22.4974239244534,2115474
7,2026-09-02 00:24:56,"ntc2_C",-22.536493480522,2122268
7,2026-09-02 00:24:56,"testSB_C",-22.4469848285885,2114187
8,2026-09-02 00:24:56,"ntc1_C",-22.4131208206805,2115671
8,2026-09-02 00:24:56,"ntc2_C",-22.3929678477619,2105730
8,2026-09-02 00:24:56,"testSB_C",-22.447780610809,2106761
9,2026-09-02 00:24:56,"ntc1_C",-22.3632930199731,2102344
9,2026-09-02 00:24:56,"ntc2_C",-22.3737210002833,2111126
9,2026-09-02 00:24:56,"testSB_C",-22.3562191961101,2106136
10,2026-09-02 00:24:56,"ntc1_C",-22.3372849544962,2104716
10,2026-09-02 00:24:56,"ntc2_C",-22.375746262194,2103191
10,2026-09-02 00:24:56,"testSB_C",-22.3375601691899,2101739
11,2026-09-02 00:24:56,"ntc1_C",-22.3263022271037,2104214
11,2026-09-02 00:24:56,"ntc2_C",-22.3385165363449,2104755
11,2026-09-02 00:24:56,"testSB_C",-22.3266572239785,2100856
12,2026-09-02 00:24:56,"ntc1_C",-22.3785414371181,2107002
12,2026-09-02 00:24:56,"ntc2_C",-22.3299691059311,2101778
12,2026-09-02 00:24:56,"testSB_C",-22.353370055145,2103831
13,2026-09-02 00:24:56,"ntc1_C",-22.3486742325165,2110560
13,2026-09-02 00:24:56,"ntc2_C",-22.3219790021735,2098408
13,2026-09-02 00:24:56,"testSB_C",-22.3071053020536,2100209
14,2026-09-02 00:24:56,"ntc1_C",-22.2920764365902,2096465
14,2026-09-02 00:24:56,"ntc2_C",-22.2757916252638,2099931
14,2026-09-02 00:24:56,"testSB_C",-22.2842791371969,2100608
15,2026-09-02 00:24:56,"ntc1_C",-22.2477045041577,2090988
15,2026-09-02 00:24:56,"ntc2_C",-22.2343789231363,2097650
15,2026-09-02 00:24:56,"testSB_C",-22.2319583908471,2097681
16,2026-09-02 00:24:56,"ntc1_C",-22.1594926650891,2086427
16,2026-09-02 00:24:56,"ntc2_C",-22.1535984805477,2085007
16,2026-09-02 00:24:56,"testSB_C",-22.1426342852554,2084043
17,2026-09-02 00:24:56,"ntc1_C",-22.1267646666365,2083452
17,2026-09-02 00:24:56,"ntc2_C",-22.1049983770983,2080266
17,2026-09-02 00:24:56,"testSB_C",-22.0113588523878,2078839
18,2026-09-02 00:24:56,"ntc1_C",-22.0563274080949,2083021
18,2026-09-02 00:24:56,"ntc2_C",-22.0464969968911,2076612
18,2026-09-02 00:24:56,"testSB_C",-22.0265753300721,2074982
19,2026-09-02 00:24:56,"ntc1_C",-22.0051788873165,2078795
19,2026-09-02 00:24:56,"ntc2_C",-22.0066436887994,2076899
19,2026-09-02 00:24:56,"testSB_C",-21.9925480276057,2078631
20,2026-09-02 00:24:56,"ntc1_C",-21.9526715192524,2071223
20,2026-09-02 00:24:56,"ntc2_C",-21.9635124282328,2075386
20,2026-09-02 00:24:56,"testSB_C",-21.931693133223,2066355
21,2026-09-02 00:24:56,"ntc1_C",-21.9009395107898,2061968
21,2026-09-02 00:24:56,"ntc2_C",-21.9508543551543,2071771
21,2026-09-02 00:24:56,"testSB_C",-21.8560459205802,2064311
22,2026-09-02 00:24:56,"ntc1_C",-21.8610458926266,2065068
22,2026-09-02 00:24:56,"ntc2_C",-21.8859591941033,2068758
22,2026-09-02 00:24:56,"testSB_C",-21.8626125506629,2061817
23,2026-09-02 00:24:56,"ntc1_C",-21.8815015188764,2070427
23,2026-09-02 00:24:56,"ntc2_C",-21.8854393753839,2066114
23,2026-09-02 00:24:56,"testSB_C",-21.8894734145082,2061331
24,2026-09-02 00:24:56,"ntc1_C",-21.838427114824,2063348
24,2026-09-02 00:24:56,"ntc2_C",-21.833066777579,2065711
24,2026-09-02 00:24:56,"testSB_C",-21.8172133342708,2056732
1,2026-09-02 03:24:56,"ntc1_C",-22.4476281944397,2108925
1,2026-09-02 03:24:56,"testSB_C",-22.3648792939047,2106034
2,2026-09-02 03:24:56,"ntc1_C",-22.2556133751891,2095800
2,2026-09-02 03:24:56,"ntc2_C",-22.2109262434351,2091408
2,2026-09-02 03:24:56,"testSB_C",-22.1979817350739,2093598
3,2026-09-02 03:24:56,"ntc1_C",-22.1940954000862,2093314
3,2026-09-02 03:24:56,"ntc2_C",-22.1377243167441,2087041
3,2026-09-02 03:24:56,"testSB_C",-22.0875720570894,2081567
4,2026-09-02 03:24:56,"ntc1_C",-22.0961751069679,2084531
4,2026-09-02 03:24:56,"ntc2_C",-22.1014698172904,2079956
4,2026-09-02 03:24:56,"testSB_C",-22.0141159185989,2073006
5,2026-09-02 03:24:56,"ntc1_C",-22.0115643390954,2073679
5,2026-09-02 03:24:56,"ntc2_C",-22.0020706068832,2074971
5,2026-09-02 03:24:56,"testSB_C",-21.9548945278661,2072763
6,2026-09-02 03:24:56,"ntc1_C",-21.9595672066878,2069351
6,2026-09-02 03:24:56,"ntc2_C",-21.981609510574,2074310
6,2026-09-02 03:24:56,"testSB_C",-21.9386916280287,2070878
7,2026-09-02 03:24:56,"ntc1_C",-21.9042997422212,2065678
7,2026-09-02 03:24:56,"ntc2_C",-21.9417791270714,2072197
7,2026-09-02 03:24:56,"testSB_C",-21.8630019372991,2065198
8,2026-09-02 03:24:56,"ntc1_C",-21.8448685410511,2067957
8,2026-09-02 03:24:56,"ntc2_C",-21.82149936274,2057956
8,2026-09-02 03:24:56,"testSB_C",-21.8679431691675,2058269
9,2026-09-02 03:24:56,"ntc1_C",-21.7865849449984,2054221
9,2026-09-02 03:24:56,"ntc2_C",-21.7841276890425,2061722
9,2026-09-02 03:24:56,"testSB_C",-21.7674087409611,2056908
10,2026-09-02 03:24:56,"ntc1_C",-21.7693625596126,2057275
10,2026-09-02 03:24:56,"ntc2_C",-21.7811663248575,2053559
10,2026-09-02 03:24:56,"testSB_C",-21.7586755320337,2053418
11,2026-09-02 03:24:56,"ntc1_C",-21.6934749966582,2051416
11,2026-09-02 03:24:56,"ntc2_C",-21.7576266397474,2056220
11,2026-09-02 03:24:56,"testSB_C",-21.7175552681008,2050078
12,2026-09-02 03:24:56,"ntc1_C",-21.7588730988834,2055226
12,2026-09-02 03:24:56,"ntc2_C",-21.6851534310176,2048047
12,2026-09-02 03:24:56,"testSB_C",-21.6911172168518,2048594
13,2026-09-02 03:24:56,"ntc1_C",-21.6476837918756,2051979
13,2026-09-02 03:24:56,"ntc2_C",-21.6257012163224,2040496
13,2026-09-02 03:24:56,"testSB_C",-21.5688366869247,2038820
14,2026-09-02 03:24:56,"ntc1_C",-21.6102870467429,2039817
14,2026-09-02 03:24:56,"ntc2_C",-21.5900458116401,2042883
14,2026-09-02 03:24:56,"testSB_C",-21.5787910918146,2041920
15,2026-09-02 03:24:56,"ntc1_C",-21.5493126139792,2033123
15,2026-09-02 03:24:56,"ntc2_C",-21.4999809416001,2036633
15,2026-09-02 03:24:56,"testSB_C",-21.5457760614132,2040633
16,2026-09-02 03:24:56,"ntc1_C",-21.4910630384375,2031100
16,2026-09-02 03:24:56,"ntc2_C",-21.4835445077777,2029570
16,2026-09-02 03:24:56,"testSB_C",-21.5101830700324,2031702
17,2026-09-02 03:24:56,"ntc1_C",-21.4901778582921,2030802
17,2026-09-02 03:24:56,"ntc2_C",-21.456798315855,2026763
17,2026-09-02 03:24:56,"testSB_C",-21.3715587289106,2026050
18,2026-09-02 03:24:56,"ntc1_C",-21.4160198824754,2030108
18,2026-09-02 03:24:56,"ntc2_C",-21.4216243223549,2025123
18,2026-09-02 03:24:56,"testSB_C",-21.3727484977024,2021116
19,2026-09-02 03:24:56,"ntc1_C",-21.3463739811423,2024442
19,2026-09-02 03:24:56,"ntc2_C",-21.38371087467,2025513
19,2026-09-02 03:24:56,"testSB_C",-21.3535038236639,2025887
20,2026-09-02 03:24:56,"ntc1_C",-21.2972618152095,2017312
20,2026-09-02 03:24:56,"ntc2_C",-21.2848855584614,2019493
20,2026-09-02 03:24:56,"testSB_C",-21.2663968723222,2011772
21,2026-09-02 03:24:56,"ntc1_C",-21.2085392047688,2005338
21,2026-09-02 03:24:56,"ntc2_C",-21.262021925102,2015154
21,2026-09-02 03:24:56,"testSB_C",-21.152986357567,2006728
22,2026-09-02 03:24:56,"ntc1_C",-21.1568936644167,2007375
22,2026-09-02 03:24:56,"ntc2_C",-21.204624736725,2012840
22,2026-09-02 03:24:56,"testSB_C",-21.11378905958,2000595
23,2026-09-02 03:24:56,"ntc1_C",-21.1254896909418,2008419
23,2026-09-02 03:24:56,"ntc2_C",-21.1820774360123,2008455
23,2026-09-02 03:24:56,"testSB_C",-21.1263741753111,1999100
24,2026-09-02 03:24:56,"ntc1_C",-21.0554617596661,1999333
24,2026-09-02 03:24:56,"ntc2_C",-21.1239060769118,2007600
24,2026-09-02 03:24:56,"testSB_C",-21.0906386246837,1997456
1,2026-09-02 06:24:56,"ntc1_C",-18.5188425502212,1799603
1,2026-09-02 06:24:56,"testSB_C",-18.4316831596987,1796874
2,2026-09-02 06:24:56,"ntc1_C",-18.3615955350753,1790818
2,2026-09-02 06:24:56,"ntc2_C",-18.3147605688927,1786886
2,2026-09-02 06:24:56,"testSB_C",-18.3315140600811,1791213
3,2026-09-02 06:24:56,"ntc1_C",-18.3013090616398,1788943
3,2026-09-02 06:24:56,"ntc2_C",-18.2731328475679,1785449
3,2026-09-02 06:24:56,"testSB_C",-18.2481366235897,1782647
4,2026-09-02 06:24:56,"ntc1_C",-18.2302498649399,1783188
4,2026-09-02 06:24:56,"ntc2_C",-18.2394519838109,1779560
4,2026-09-02 06:24:56,"testSB_C",-18.1778636205336,1775416
5,2026-09-02 06:24:56,"ntc1_C",-18.1728615156389,1775689
5,2026-09-02 06:24:56,"ntc2_C",-18.1661772171407,1777141
5,2026-09-02 06:24:56,"testSB_C",-18.1166825324698,1775045
6,2026-09-02 06:24:56,"ntc1_C",-18.1142761983442,1771787
6,2026-09-02 06:24:56,"ntc2_C",-18.1435837314239,1776410
6,2026-09-02 06:24:56,"testSB_C",-18.1160193170963,1774608
7,2026-09-02 06:24:56,"ntc1_C",-18.0897953399988,1770532
7,2026-09-02 06:24:56,"ntc2_C",-18.1098583763723,1774938
7,2026-09-02 06:24:56,"testSB_C",-18.0284989071324,1768800
8,2026-09-02 06:24:56,"ntc1_C",-18.0428792610712,1773500
8,2026-09-02 06:24:56,"ntc2_C",-18.0390024283443,1766239
8,2026-09-02 06:24:56,"testSB_C",-18.0609065103241,1764734
9,2026-09-02 06:24:56,"ntc1_C",-18.0483857809282,1766248
9,2026-09-02 06:24:56,"ntc2_C",-18.0233399410193,1770975
9,2026-09-02 06:24:56,"testSB_C",-18.0198618304814,1767776
10,2026-09-02 06:24:56,"ntc1_C",-18.0384427044979,1769458
10,2026-09-02 06:24:56,"ntc2_C",-18.0376275638475,1765216
10,2026-09-02 06:24:56,"testSB_C",-18.0257298173395,1765780
11,2026-09-02 06:24:56,"ntc1_C",-17.9863185290061,1766042
11,2026-09-02 06:24:56,"ntc2_C",-18.0120544105058,1767388
11,2026-09-02 06:24:56,"testSB_C",-17.9915083500643,1763465
12,2026-09-02 06:24:56,"ntc1_C",-18.0214442719596,1767177
12,2026-09-02 06:24:56,"ntc2_C",-17.9789840983472,1763174
12,2026-09-02 06:24:56,"testSB_C",-17.974836302161,1762827
13,2026-09-02 06:24:56,"ntc1_C",-17.9743930142505,1768933
13,2026-09-02 06:24:56,"ntc2_C",-17.954195909861,1758941
13,2026-09-02 06:24:56,"testSB_C",-17.9087467943314,1758368
14,2026-09-02 06:24:56,"ntc1_C",-17.9339126304393,1758133
14,2026-09-02 06:24:56,"ntc2_C",-17.9125214656393,1760761
14,2026-09-02 06:24:56,"testSB_C",-17.9216626825594,1761358
15,2026-09-02 06:24:56,"ntc1_C",-17.8891163702363,1753487
15,2026-09-02 06:24:56,"ntc2_C",-17.865967039698,1758273
15,2026-09-02 06:24:56,"testSB_C",-17.8896251722364,1760232
16,2026-09-02 06:24:56,"ntc1_C",-17.8778139598504,1754943
16,2026-09-02 06:24:56,"ntc2_C",-17.8697262238796,1753510
16,2026-09-02 06:24:56,"testSB_C",-17.8863453386164,1754647
17,2026-09-02 06:24:56,"ntc1_C",-17.8609834978953,1753566
17,2026-09-02 06:24:56,"ntc2_C",-17.8531847395637,1751966
17,2026-09-02 06:24:56,"testSB_C",-17.8197215241591,1755004
18,2026-09-02 06:24:56,"ntc1_C",-17.8399575469198,1756898
18,2026-09-02 06:24:56,"ntc2_C",-17.8350986393575,1751886
18,2026-09-02 06:24:56,"testSB_C",-17.8136933201136,1750053
19,2026-09-02 06:24:56,"ntc1_C",-17.8110663383238,1754708
19,2026-09-02 06:24:56,"ntc2_C",-17.834268328816,1754623
19,2026-09-02 06:24:56,"testSB_C",-17.8372750812698,1757298
20,2026-09-02 06:24:56,"ntc1_C",-17.808708699747,1751722
20,2026-09-02 06:24:56,"ntc2_C",-17.7928877269792,1753418
20,2026-09-02 06:24:56,"testSB_C",-17.7938702911638,1748060
21,2026-09-02 06:24:56,"ntc1_C",-17.7720708783976,1745148
21,2026-09-02 06:24:56,"ntc2_C",-17.8014261280775,1751913
21,2026-09-02 06:24:56,"testSB_C",-17.7782153101369,1750595
22,2026-09-02 06:24:56,"ntc1_C",-17.7866802587268,1751481
22,2026-09-02 06:24:56,"ntc2_C",-17.8010623789847,1754006
22,2026-09-02 06:24:56,"testSB_C",-17.7688503333032,1747279
23,2026-09-02 06:24:56,"ntc1_C",-17.7841239252669,1754547
23,2026-09-02 06:24:56,"ntc2_C",-17.8037635583286,1751851
23,2026-09-02 06:24:56,"testSB_C",-17.7718944077165,1745719
24,2026-09-02 06:24:56,"ntc1_C",-17.7488063158139,1748897
24,2026-09-02 06:24:56,"ntc2_C",-17.7540610265332,1751730
24,2026-09-02 06:24:56,"testSB_C",-17.7361002156711,1743907
1,2026-09-02 09:24:56,"ntc1_C",-14.0827447454472,1502234
1,2026-09-02 09:24:56,"testSB_C",-14.1139447205825,1507314
2,2026-09-02 09:24:56,"ntc1_C",-14.1331995675768,1507621
2,2026-09-02 09:24:56,"ntc2_C",-14.0897091201682,1504517
2,2026-09-02 09:24:56,"testSB_C",-14.0780324888045,1506698
3,2026-09-02 09:24:56,"ntc1_C",-13.4808743305825,1470272
3,2026-09-02 09:24:56,"ntc2_C",-13.6606086663926,1479764
3,2026-09-02 09:24:56,"testSB_C",-13.7630135581784,1485243
4,2026-09-02 09:24:56,"ntc1_C",-13.6031896487137,1477016
4,2026-09-02 09:24:56,"ntc2_C",-13.5380901301426,1469578
4,2026-09-02 09:24:56,"testSB_C",-13.7692007634097,1483755
5,2026-09-02 09:24:56,"ntc1_C",-13.7511355756149,1483059
5,2026-09-02 09:24:56,"ntc2_C",-13.6596475594616,1479285
5,2026-09-02 09:24:56,"testSB_C",-13.726121080199,1484515
6,2026-09-02 09:24:56,"ntc1_C",-13.7901482792638,1485961
6,2026-09-02 09:24:56,"ntc2_C",-13.6156650933963,1477345
6,2026-09-02 09:24:56,"testSB_C",-13.7593290893312,1486265
7,2026-09-02 09:24:56,"ntc1_C",-13.7425266282727,1483253
7,2026-09-02 09:24:56,"ntc2_C",-13.5697648022131,1475323
7,2026-09-02 09:24:56,"testSB_C",-13.821008882132,1490390
8,2026-09-02 09:24:56,"ntc1_C",-13.8204846163779,1493406
8,2026-09-02 09:24:56,"ntc2_C",-13.7585479661345,1483746
8,2026-09-02 09:24:56,"testSB_C",-13.6434037722494,1474199
9,2026-09-02 09:24:56,"ntc1_C",-13.7614107779136,1483425
9,2026-09-02 09:24:56,"ntc2_C",-13.6854758862709,1484176
9,2026-09-02 09:24:56,"testSB_C",-13.7174533658269,1483656
10,2026-09-02 09:24:56,"ntc1_C",-13.7300847896122,1484878
10,2026-09-02 09:24:56,"ntc2_C",-13.6016553918994,1473510
10,2026-09-02 09:24:56,"testSB_C",-13.7371266746201,1482823
11,2026-09-02 09:24:56,"ntc1_C",-13.835299740628,1491535
11,2026-09-02 09:24:56,"ntc2_C",-13.6946781344283,1482514
11,2026-09-02 09:24:56,"testSB_C",-13.7375802272513,1483053
12,2026-09-02 09:24:56,"ntc1_C",-13.5183484068038,1471212
12,2026-09-02 09:24:56,"ntc2_C",-13.6836031837681,1480342
12,2026-09-02 09:24:56,"testSB_C",-13.6475262966044,1478035
13,2026-09-02 09:24:56,"ntc1_C",-13.6765329738908,1485045
13,2026-09-02 09:24:56,"ntc2_C",-13.6014790778821,1473182
13,2026-09-02 09:24:56,"testSB_C",-13.6675080652619,1479480
14,2026-09-02 09:24:56,"ntc1_C",-13.6480942662792,1476669
14,2026-09-02 09:24:56,"ntc2_C",-13.6266666751025,1478915
14,2026-09-02 09:24:56,"testSB_C",-13.6662400476121,1481212
15,2026-09-02 09:24:56,"ntc1_C",-13.7058183519579,1478944
15,2026-09-02 09:24:56,"ntc2_C",-13.6467164447056,1480691
15,2026-09-02 09:24:56,"testSB_C",-13.5520984277301,1475252
16,2026-09-02 09:24:56,"ntc1_C",-13.7289996189958,1482129
16,2026-09-02 09:24:56,"ntc2_C",-13.6718213758069,1477889
16,2026-09-02 09:24:56,"testSB_C",-13.6970902577839,1479364
17,2026-09-02 09:24:56,"ntc1_C",-13.6702821466205,1478451
17,2026-09-02 09:24:56,"ntc2_C",-13.674693095832,1477928
17,2026-09-02 09:24:56,"testSB_C",-13.8102381857147,1490715
18,2026-09-02 09:24:56,"ntc1_C",-13.6976828597618,1484350
18,2026-09-02 09:24:56,"ntc2_C",-13.6572353065641,1478032
18,2026-09-02 09:24:56,"testSB_C",-13.7119454970892,1480777
19,2026-09-02 09:24:56,"ntc1_C",-13.6877753359244,1483505
19,2026-09-02 09:24:56,"ntc2_C",-13.6959184342776,1482499
19,2026-09-02 09:24:56,"testSB_C",-13.6165949996378,1479772
20,2026-09-02 09:24:56,"ntc1_C",-13.6715888254962,1480055
20,2026-09-02 09:24:56,"ntc2_C",-13.6741616318854,1482638
20,2026-09-02 09:24:56,"testSB_C",-13.5910413039226,1473036
21,2026-09-02 09:24:56,"ntc1_C",-13.6963886841747,1478408
21,2026-09-02 09:24:56,"ntc2_C",-13.5595904927466,1473994
21,2026-09-02 09:24:56,"testSB_C",-13.8020652208806,1488899
22,2026-09-02 09:24:56,"ntc1_C",-13.7069883197217,1483376
22,2026-09-02 09:24:56,"ntc2_C",-13.6098858553306,1478889
22,2026-09-02 09:24:56,"testSB_C",-13.7644959202674,1484331
23,2026-09-02 09:24:56,"ntc1_C",-13.6527687444903,1482956
23,2026-09-02 09:24:56,"ntc2_C",-13.5823426456658,1475144
23,2026-09-02 09:24:56,"testSB_C",-13.7181074198383,1480356
24,2026-09-02 09:24:56,"ntc1_C",-13.7126165452852,1483793
24,2026-09-02 09:24:56,"ntc2_C",-13.6493112873778,1482108
24,2026-09-02 09:24:56,"testSB_C",-13.7035616644355,1479827
1,2026-09-02 12:24:56,"ntc1_C",-8.99759191659973,1220588
1,2026-09-02 12:24:56,"testSB_C",-9.00672312518066,1223741
2,2026-09-02 12:24:56,"ntc1_C",-9.15914589896096,1230574
2,2026-09-02 12:24:56,"ntc2_C",-9.17798199807203,1231189
2,2026-09-02 12:24:56,"testSB_C",-8.99653730004991,1224730
3,2026-09-02 12:24:56,"ntc1_C",-7.50183145255983,1152110
3,2026-09-02 12:24:56,"ntc2_C",-7.82487421031084,1166204
3,2026-09-02 12:24:56,"testSB_C",-8.47842164175097,1197230
4,2026-09-02 12:24:56,"ntc1_C",-7.8270973447992,1166900
4,2026-09-02 12:24:56,"ntc2_C",-7.79162256155831,1162482
4,2026-09-02 12:24:56,"testSB_C",-8.28725350135312,1186406
5,2026-09-02 12:24:56,"ntc1_C",-8.31201368570964,1187781
5,2026-09-02 12:24:56,"ntc2_C",-8.08810803506611,1178527
5,2026-09-02 12:24:56,"testSB_C",-8.22760123142319,1186185
6,2026-09-02 12:24:56,"ntc1_C",-8.40219514258627,1192835
6,2026-09-02 12:24:56,"ntc2_C",-8.13510863474033,1181286
6,2026-09-02 12:24:56,"testSB_C",-8.62818857607846,1205550
7,2026-09-02 12:24:56,"ntc1_C",-8.13700379101618,1179930
7,2026-09-02 12:24:56,"ntc2_C",-7.90109346177127,1170628
7,2026-09-02 12:24:56,"testSB_C",-8.11197950827182,1180747
8,2026-09-02 12:24:56,"ntc1_C",-8.25124669986855,1189808
8,2026-09-02 12:24:56,"ntc2_C",-8.28415082866428,1186710
8,2026-09-02 12:24:56,"testSB_C",-7.75501397139232,1159353
9,2026-09-02 12:24:56,"ntc1_C",-8.24211984790247,1184348
9,2026-09-02 12:24:56,"ntc2_C",-7.90610237822358,1172293
9,2026-09-02 12:24:56,"testSB_C",-8.33901541162982,1191230
10,2026-09-02 12:24:56,"ntc1_C",-7.99250001783031,1175044
10,2026-09-02 12:24:56,"ntc2_C",-7.70213487835349,1158302
10,2026-09-02 12:24:56,"testSB_C",-7.98340956224393,1172517
11,2026-09-02 12:24:56,"ntc1_C",-8.06638640547845,1178825
11,2026-09-02 12:24:56,"ntc2_C",-7.66031863367425,1159029
11,2026-09-02 12:24:56,"testSB_C",-7.82259955328374,1165121
12,2026-09-02 12:24:56,"ntc1_C",-7.45276428089625,1148800
12,2026-09-02 12:24:56,"ntc2_C",-7.55349837055195,1152871
12,2026-09-02 12:24:56,"testSB_C",-8.27578410124318,1187114
13,2026-09-02 12:24:56,"ntc1_C",-7.70698944888653,1164105
13,2026-09-02 12:24:56,"ntc2_C",-7.33472077683859,1140782
13,2026-09-02 12:24:56,"testSB_C",-7.58401449852971,1154300
14,2026-09-02 12:24:56,"ntc1_C",-7.53173351926836,1150673
14,2026-09-02 12:24:56,"ntc2_C",-7.45127675373539,1149675
14,2026-09-02 12:24:56,"testSB_C",-7.61358213667057,1157160
15,2026-09-02 12:24:56,"ntc1_C",-7.74825806940788,1159951
15,2026-09-02 12:24:56,"ntc2_C",-7.42587778795274,1148783
15,2026-09-02 12:24:56,"testSB_C",-7.40003606420822,1147801
16,2026-09-02 12:24:56,"ntc1_C",-7.82647939627265,1164895
16,2026-09-02 12:24:56,"ntc2_C",-7.61380796326722,1154164
16,2026-09-02 12:24:56,"testSB_C",-7.72461881461709,1159334
17,2026-09-02 12:24:56,"ntc1_C",-7.59864208715027,1154042
17,2026-09-02 12:24:56,"ntc2_C",-7.6379626346797,1155380
17,2026-09-02 12:24:56,"testSB_C",-7.91092267589943,1171870
18,2026-09-02 12:24:56,"ntc1_C",-7.61327164995765,1158203
18,2026-09-02 12:24:56,"ntc2_C",-7.73446370125464,1160992
18,2026-09-02 12:24:56,"testSB_C",-7.78637386841706,1162677
19,2026-09-02 12:24:56,"ntc1_C",-7.78313323332173,1165912
19,2026-09-02 12:24:56,"ntc2_C",-7.83616770085314,1167220
19,2026-09-02 12:24:56,"testSB_C",-7.75719694936106,1165080
20,2026-09-02 12:24:56,"ntc1_C",-7.73769923737206,1161727
20,2026-09-02 12:24:56,"ntc2_C",-7.61424393462443,1157825
20,2026-09-02 12:24:56,"testSB_C",-7.5784623955775,1152576
21,2026-09-02 12:24:56,"ntc1_C",-7.84306897483725,1164532
21,2026-09-02 12:24:56,"ntc2_C",-7.70815372180681,1160965
21,2026-09-02 12:24:56,"testSB_C",-8.21184112782248,1185200
22,2026-09-02 12:24:56,"ntc1_C",-7.97727002203095,1174132
22,2026-09-02 12:24:56,"ntc2_C",-7.67276236877831,1160872
22,2026-09-02 12:24:56,"testSB_C",-8.23573921144123,1184535
23,2026-09-02 12:24:56,"ntc1_C",-8.08962522132589,1181888
23,2026-09-02 12:24:56,"ntc2_C",-7.8269160417093,1166416
23,2026-09-02 12:24:56,"testSB_C",-8.2475007035921,1184436
24,2026-09-02 12:24:56,"ntc1_C",-8.10189842056678,1180141
24,2026-09-02 12:24:56,"ntc2_C",-8.13919631648372,1183712
24,2026-09-02 12:24:56,"testSB_C",-8.18683679423339,1181594
1,2026-09-02 15:24:56,"ntc1_C",-7.43056653720174,1145038
1,2026-09-02 15:24:56,"testSB_C",-7.60480917854397,1155779
2,2026-09-02 15:24:56,"ntc1_C",-7.66427052841306,1157804
2,2026-09-02 15:24:56,"ntc2_C",-7.36886319013911,1143653
2,2026-09-02 15:24:56,"testSB_C",-7.351514884908,1145374
3,2026-09-02 15:24:56,"ntc1_C",-5.9695981425383,1082478
3,2026-09-02 15:24:56,"ntc2_C",-6.12806204314779,1088356
3,2026-09-02 15:24:56,"testSB_C",-6.2329965462485,1092644
4,2026-09-02 15:24:56,"ntc1_C",-6.25515384071298,1094560
4,2026-09-02 15:24:56,"ntc2_C",-6.29778565772216,1093905
4,2026-09-02 15:24:56,"testSB_C",-6.27021073356514,1092875
5,2026-09-02 15:24:56,"ntc1_C",-6.43834254175448,1100491
5,2026-09-02 15:24:56,"ntc2_C",-6.40791038376989,1100608
5,2026-09-02 15:24:56,"testSB_C",-6.24914334569524,1094379
6,2026-09-02 15:24:56,"ntc1_C",-6.55849382212699,1106587
6,2026-09-02 15:24:56,"ntc2_C",-6.45488284418673,1103154
6,2026-09-02 15:24:56,"testSB_C",-6.45290801684098,1103353
7,2026-09-02 15:24:56,"ntc1_C",-6.31958588515704,1095745
7,2026-09-02 15:24:56,"ntc2_C",-6.48217491247283,1104898
7,2026-09-02 15:24:56,"testSB_C",-6.28383484362854,1096067
8,2026-09-02 15:24:56,"ntc1_C",-6.49902369507851,1107851
8,2026-09-02 15:24:56,"ntc2_C",-6.4148379680488,1099727
8,2026-09-02 15:24:56,"testSB_C",-6.32492277653927,1093786
9,2026-09-02 15:24:56,"ntc1_C",-6.58088686531761,1106890
9,2026-09-02 15:24:56,"ntc2_C",-6.41902164513215,1103391
9,2026-09-02 15:24:56,"testSB_C",-6.60830800380324,1110133
10,2026-09-02 15:24:56,"ntc1_C",-6.58395396006574,1109561
10,2026-09-02 15:24:56,"ntc2_C",-6.564231041764,1105865
10,2026-09-02 15:24:56,"testSB_C",-6.70904412528483,1113212
11,2026-09-02 15:24:56,"ntc1_C",-6.76439594236069,1117970
11,2026-09-02 15:24:56,"ntc2_C",-6.57643872131075,1109002
11,2026-09-02 15:24:56,"testSB_C",-6.68323886351868,1112315
12,2026-09-02 15:24:56,"ntc1_C",-6.67557455158834,1113031
12,2026-09-02 15:24:56,"ntc2_C",-6.58964923221856,1108520
12,2026-09-02 15:24:56,"testSB_C",-6.79343549020291,1117561
13,2026-09-02 15:24:56,"ntc1_C",-6.76057745310118,1120102
13,2026-09-02 15:24:56,"ntc2_C",-6.4751876130407,1101550
13,2026-09-02 15:24:56,"testSB_C",-6.57558616059202,1107865
14,2026-09-02 15:24:56,"ntc1_C",-6.44852525503688,1101052
14,2026-09-02 15:24:56,"ntc2_C",-6.55010840303402,1108276
14,2026-09-02 15:24:56,"testSB_C",-6.6583018512776,1113021
15,2026-09-02 15:24:56,"ntc1_C",-6.67955796224595,1110581
15,2026-09-02 15:24:56,"ntc2_C",-6.59094705589223,1110388
15,2026-09-02 15:24:56,"testSB_C",-6.69842438075506,1115476
16,2026-09-02 15:24:56,"ntc1_C",-6.76152960704297,1115451
16,2026-09-02 15:24:56,"ntc2_C",-6.53415989457937,1104515
16,2026-09-02 15:24:56,"testSB_C",-6.662585885032,1110250
17,2026-09-02 15:24:56,"ntc1_C",-6.54486956949074,1105573
17,2026-09-02 15:24:56,"ntc2_C",-6.66234713364224,1110395
17,2026-09-02 15:24:56,"testSB_C",-6.75504048450608,1117989
18,2026-09-02 15:24:56,"ntc1_C",-6.55049934619973,1109176
18,2026-09-02 15:24:56,"ntc2_C",-6.85987862104355,1120403
18,2026-09-02 15:24:56,"testSB_C",-6.79667847333133,1116733
19,2026-09-02 15:24:56,"ntc1_C",-6.71317263678844,1116202
19,2026-09-02 15:24:56,"ntc2_C",-6.832117099225,1120448
19,2026-09-02 15:24:56,"testSB_C",-6.73000402511934,1117342
20,2026-09-02 15:24:56,"ntc1_C",-6.62404871179967,1110207
20,2026-09-02 15:24:56,"ntc2_C",-6.74622240927613,1117607
20,2026-09-02 15:24:56,"testSB_C",-6.4976416803076,1102955
21,2026-09-02 15:24:56,"ntc1_C",-6.63849902963608,1108831
21,2026-09-02 15:24:56,"ntc2_C",-6.8228931644224,1119858
21,2026-09-02 15:24:56,"testSB_C",-6.88018385401637,1122616
22,2026-09-02 15:24:56,"ntc1_C",-6.62212991236731,1111092
22,2026-09-02 15:24:56,"ntc2_C",-6.53916839447834,1108537
22,2026-09-02 15:24:56,"testSB_C",-6.88238084682121,1121004
23,2026-09-02 15:24:56,"ntc1_C",-6.85144766931444,1123774
23,2026-09-02 15:24:56,"ntc2_C",-6.56357250521614,1107933
23,2026-09-02 15:24:56,"testSB_C",-6.7912515449429,1116279
24,2026-09-02 15:24:56,"ntc1_C",-6.51269637580538,1106170
24,2026-09-02 15:24:56,"ntc2_C",-6.74999332270488,1118599
24,2026-09-02 15:24:56,"testSB_C",-6.66224625429339,1110472
1,2026-09-02 18:24:56,"ntc1_C",-7.82669432043042,1163673
1,2026-09-02 18:24:56,"testSB_C",-7.89247628017421,1169403
2,2026-09-02 18:24:56,"ntc1_C",-7.92886553032628,1170357
2,2026-09-02 18:24:56,"ntc2_C",-7.87383100257199,1167427
2,2026-09-02 18:24:56,"testSB_C",-7.87047412285966,1169825
3,2026-09-02 18:24:56,"ntc1_C",-7.29475705283903,1142437
3,2026-09-02 18:24:56,"ntc2_C",-7.43513509472177,1147832
3,2026-09-02 18:24:56,"testSB_C",-7.53112267805039,1151910
4,2026-09-02 18:24:56,"ntc1_C",-7.3970460703635,1146635
4,2026-09-02 18:24:56,"ntc2_C",-7.39566303752014,1143886
4,2026-09-02 18:24:56,"testSB_C",-7.48002857913662,1148027
5,2026-09-02 18:24:56,"ntc1_C",-7.51926914858399,1150014
5,2026-09-02 18:24:56,"ntc2_C",-7.48768864530609,1150053
5,2026-09-02 18:24:56,"testSB_C",-7.47030785669131,1150146
6,2026-09-02 18:24:56,"ntc1_C",-7.56647420055964,1152918
6,2026-09-02 18:24:56,"ntc2_C",-7.51477415431896,1151800
6,2026-09-02 18:24:56,"testSB_C",-7.55644107612289,1154040
7,2026-09-02 18:24:56,"ntc1_C",-7.46709391148312,1148153
7,2026-09-02 18:24:56,"ntc2_C",-7.46194210868362,1149867
7,2026-09-02 18:24:56,"testSB_C",-7.4896883118393,1151194
8,2026-09-02 18:24:56,"ntc1_C",-7.55049576341202,1156311
8,2026-09-02 18:24:56,"ntc2_C",-7.53458957532382,1151014
8,2026-09-02 18:24:56,"testSB_C",-7.43011362955093,1144111
9,2026-09-02 18:24:56,"ntc1_C",-7.54132199607091,1151016
9,2026-09-02 18:24:56,"ntc2_C",-7.48528988082853,1152359
9,2026-09-02 18:24:56,"testSB_C",-7.53454278912636,1152805
10,2026-09-02 18:24:56,"ntc1_C",-7.52700308446128,1152976
10,2026-09-02 18:24:56,"ntc2_C",-7.49798629199466,1148710
10,2026-09-02 18:24:56,"testSB_C",-7.61140829527892,1154878
11,2026-09-02 18:24:56,"ntc1_C",-7.63703835963219,1158391
11,2026-09-02 18:24:56,"ntc2_C",-7.52881502469717,1152838
11,2026-09-02 18:24:56,"testSB_C",-7.52946172238131,1151294
12,2026-09-02 18:24:56,"ntc1_C",-7.49025561713006,1150555
12,2026-09-02 18:24:56,"ntc2_C",-7.50891681857678,1150780
12,2026-09-02 18:24:56,"testSB_C",-7.58094955458199,1153976
13,2026-09-02 18:24:56,"ntc1_C",-7.51088465980479,1154844
13,2026-09-02 18:24:56,"ntc2_C",-7.45762911485286,1146508
13,2026-09-02 18:24:56,"testSB_C",-7.50193524709533,1150447
14,2026-09-02 18:24:56,"ntc1_C",-7.4545170354894,1147061
14,2026-09-02 18:24:56,"ntc2_C",-7.48419680668655,1151217
14,2026-09-02 18:24:56,"testSB_C",-7.49973844299586,1151807
15,2026-09-02 18:24:56,"ntc1_C",-7.5389801695012,1150109
15,2026-09-02 18:24:56,"ntc2_C",-7.45236318535115,1150023
15,2026-09-02 18:24:56,"testSB_C",-7.4637153598012,1150782
16,2026-09-02 18:24:56,"ntc1_C",-7.54796385848891,1151751
16,2026-09-02 18:24:56,"ntc2_C",-7.55861061530578,1151571
16,2026-09-02 18:24:56,"testSB_C",-7.58111934045428,1152574
17,2026-09-02 18:24:56,"ntc1_C",-7.54826449267233,1151676
17,2026-09-02 18:24:56,"ntc2_C",-7.54704365928865,1151110
17,2026-09-02 18:24:56,"testSB_C",-7.59358608142372,1156818
18,2026-09-02 18:24:56,"ntc1_C",-7.50735788455847,1153219
18,2026-09-02 18:24:56,"ntc2_C",-7.57671118045113,1153561
18,2026-09-02 18:24:56,"testSB_C",-7.56063524429845,1152030
19,2026-09-02 18:24:56,"ntc1_C",-7.5637092746324,1155536
19,2026-09-02 18:24:56,"ntc2_C",-7.62033759352363,1157000
19,2026-09-02 18:24:56,"testSB_C",-7.57761928626536,1156586
20,2026-09-02 18:24:56,"ntc1_C",-7.51280488124127,1151129
20,2026-09-02 18:24:56,"ntc2_C",-7.54891152639505,1154747
20,2026-09-02 18:24:56,"testSB_C",-7.46902203168287,1147449
21,2026-09-02 18:24:56,"ntc1_C",-7.53378228375084,1149962
21,2026-09-02 18:24:56,"ntc2_C",-7.53930690188736,1153007
21,2026-09-02 18:24:56,"testSB_C",-7.65059816885599,1158399
22,2026-09-02 18:24:56,"ntc1_C",-7.54801038875479,1153776
22,2026-09-02 18:24:56,"ntc2_C",-7.50766705141257,1153095
22,2026-09-02 18:24:56,"testSB_C",-7.61955406226099,1155164
23,2026-09-02 18:24:56,"ntc1_C",-7.58530141127858,1157855
23,2026-09-02 18:24:56,"ntc2_C",-7.5513473561964,1153395
23,2026-09-02 18:24:56,"testSB_C",-7.64689581409084,1155824
24,2026-09-02 18:24:56,"ntc1_C",-7.56686944749435,1154688
24,2026-09-02 18:24:56,"ntc2_C",-7.59033743972446,1157535
24,2026-09-02 18:24:56,"testSB_C",-7.57384119539148,1152453
1,2026-09-02 21:24:56,"ntc1_C",-9.51638744164944,1246704
1,2026-09-02 21:24:56,"testSB_C",-9.48144590928302,1247666
2,2026-09-02 21:24:56,"ntc1_C",-9.46457919323791,1246006
2,2026-09-02 21:24:56,"ntc2_C",-9.45112532101149,1244986
2,2026-09-02 21:24:56,"testSB_C",-9.45302416470827,1247728
3,2026-09-02 21:24:56,"ntc1_C",-9.45733062304538,1247684
3,2026-09-02 21:24:56,"ntc2_C",-9.44645038340377,1245922
3,2026-09-02 21:24:56,"testSB_C",-9.43982007063914,1245084
4,2026-09-02 21:24:56,"ntc1_C",-9.42588119068893,1245498
4,2026-09-02 21:24:56,"ntc2_C",-9.42395503396301,1242461
4,2026-09-02 21:24:56,"testSB_C",-9.42499781124525,1242733
5,2026-09-02 21:24:56,"ntc1_C",-9.42161674055939,1242778
5,2026-09-02 21:24:56,"ntc2_C",-9.4150688927312,1244035
5,2026-09-02 21:24:56,"testSB_C",-9.42044996381645,1245303
6,2026-09-02 21:24:56,"ntc1_C",-9.42527018776951,1243624
6,2026-09-02 21:24:56,"ntc2_C",-9.42383514571441,1245027
6,2026-09-02 21:24:56,"testSB_C",-9.4256508184431,1245392
7,2026-09-02 21:24:56,"ntc1_C",-9.41045669966314,1242832
7,2026-09-02 21:24:56,"ntc2_C",-9.41627286918293,1245241
7,2026-09-02 21:24:56,"testSB_C",-9.41477495364944,1245149
8,2026-09-02 21:24:56,"ntc1_C",-9.40902916321403,1247334
8,2026-09-02 21:24:56,"ntc2_C",-9.41218738693084,1242571
8,2026-09-02 21:24:56,"testSB_C",-9.41234700757656,1240393
9,2026-09-02 21:24:56,"ntc1_C",-9.39935297140556,1241560
9,2026-09-02 21:24:56,"ntc2_C",-9.40048455038419,1245970
9,2026-09-02 21:24:56,"testSB_C",-9.40231293477302,1244030
10,2026-09-02 21:24:56,"ntc1_C",-9.4018771200482,1244522
10,2026-09-02 21:24:56,"ntc2_C",-9.39907649156277,1241267
10,2026-09-02 21:24:56,"testSB_C",-9.40962557102517,1242729
11,2026-09-02 21:24:56,"ntc1_C",-9.40740621855383,1245047
11,2026-09-02 21:24:56,"ntc2_C",-9.4062787550867,1244518
11,2026-09-02 21:24:56,"testSB_C",-9.40007576949029,1242494
12,2026-09-02 21:24:56,"ntc1_C",-9.40298967042924,1243822
12,2026-09-02 21:24:56,"ntc2_C",-9.40423079415461,1243187
12,2026-09-02 21:24:56,"testSB_C",-9.40217774354591,1242909
13,2026-09-02 21:24:56,"ntc1_C",-9.39907453656127,1247227
13,2026-09-02 21:24:56,"ntc2_C",-9.39341929451979,1240665
13,2026-09-02 21:24:56,"testSB_C",-9.3890692992382,1242445
14,2026-09-02 21:24:56,"ntc1_C",-9.38639628614055,1241008
14,2026-09-02 21:24:56,"ntc2_C",-9.38210439987353,1243781
14,2026-09-02 21:24:56,"testSB_C",-9.37633645284541,1243362
15,2026-09-02 21:24:56,"ntc1_C",-9.37153510193946,1239270
15,2026-09-02 21:24:56,"ntc2_C",-9.36887781536433,1243477
15,2026-09-02 21:24:56,"testSB_C",-9.36892772462119,1243722
16,2026-09-02 21:24:56,"ntc1_C",-9.36764017553696,1240444
16,2026-09-02 21:24:56,"ntc2_C",-9.36436728128086,1239567
16,2026-09-02 21:24:56,"testSB_C",-9.36264292846312,1239427
17,2026-09-02 21:24:56,"ntc1_C",-9.36681289527274,1240304
17,2026-09-02 21:24:56,"ntc2_C",-9.3578379192744,1239269
17,2026-09-02 21:24:56,"testSB_C",-9.35641899617531,1243000
18,2026-09-02 21:24:56,"ntc1_C",-9.35988893966066,1243637
18,2026-09-02 21:24:56,"ntc2_C",-9.35421280395963,1240175
18,2026-09-02 21:24:56,"testSB_C",-9.35849245586485,1239664
19,2026-09-02 21:24:56,"ntc1_C",-9.36314169314039,1243487
19,2026-09-02 21:24:56,"ntc2_C",-9.36522733894685,1242310
19,2026-09-02 21:24:56,"testSB_C",-9.36687283452142,1244117
20,2026-09-02 21:24:56,"ntc1_C",-9.36629652897761,1241504
20,2026-09-02 21:24:56,"ntc2_C",-9.36807852901967,1243657
20,2026-09-02 21:24:56,"testSB_C",-9.35768949625208,1239288
21,2026-09-02 21:24:56,"ntc1_C",-9.36835702050172,1239190
21,2026-09-02 21:24:56,"ntc2_C",-9.36575361095225,1242129
21,2026-09-02 21:24:56,"testSB_C",-9.36341489689312,1242187
22,2026-09-02 21:24:56,"ntc1_C",-9.37028874224933,1242750
22,2026-09-02 21:24:56,"ntc2_C",-9.36456376035352,1243721
22,2026-09-02 21:24:56,"testSB_C",-9.36428479124118,1240319
23,2026-09-02 21:24:56,"ntc1_C",-9.36489021140289,1244953
23,2026-09-02 21:24:56,"ntc2_C",-9.3679615537207,1242048
23,2026-09-02 21:24:56,"testSB_C",-9.38055961943888,1240394
24,2026-09-02 21:24:56,"ntc1_C",-9.37107706476655,1242832
24,2026-09-02 21:24:56,"ntc2_C",-9.36434388172506,1244342
24,2026-09-02 21:24:56,"testSB_C",-9.36095661545426,1239526
1,2026-09-03 00:24:56,"ntc1_C",-11.0662642391812,1328142
1,2026-09-03 00:24:56,"testSB_C",-11.0439822939549,1329810
2,2026-09-03 00:24:56,"ntc1_C",-11.0413562727298,1328842
2,2026-09-03 00:24:56,"ntc2_C",-11.0413709564288,1328476
2,2026-09-03 00:24:56,"testSB_C",-11.0395976243001,1331113
3,2026-09-03 00:24:56,"ntc1_C",-11.0711574278372,1332591
3,2026-09-03 00:24:56,"ntc2_C",-11.0712818496028,1331344
3,2026-09-03 00:24:56,"testSB_C",-11.1066769045034,1332690
4,2026-09-03 00:24:56,"ntc1_C",-11.0438304597311,1330508
4,2026-09-03 00:24:56,"ntc2_C",-11.0432087277215,1327317
4,2026-09-03 00:24:56,"testSB_C",-11.067317660389,1328856
5,2026-09-03 00:24:56,"ntc1_C",-11.0542953181894,1328429
5,2026-09-03 00:24:56,"ntc2_C",-11.0413693891504,1329379
5,2026-09-03 00:24:56,"testSB_C",-11.0604537395574,1331489
6,2026-09-03 00:24:56,"ntc1_C",-11.0550345547896,1329094
6,2026-09-03 00:24:56,"ntc2_C",-11.0614573297377,1331079
6,2026-09-03 00:24:56,"testSB_C",-11.0676496418095,1331676
7,2026-09-03 00:24:56,"ntc1_C",-11.0368646787819,1328138
7,2026-09-03 00:24:56,"ntc2_C",-11.0524021118303,1331237
7,2026-09-03 00:24:56,"testSB_C",-11.0555103916405,1331349
8,2026-09-03 00:24:56,"ntc1_C",-11.0516043836635,1333816
8,2026-09-03 00:24:56,"ntc2_C",-11.0750550045606,1329816
8,2026-09-03 00:24:56,"testSB_C",-11.0693694713817,1327169
9,2026-09-03 00:24:56,"ntc1_C",-11.0456714570474,1327815
9,2026-09-03 00:24:56,"ntc2_C",-11.0419986191631,1332326
9,2026-09-03 00:24:56,"testSB_C",-11.0514392007373,1330652
10,2026-09-03 00:24:56,"ntc1_C",-11.0649869519871,1331886
10,2026-09-03 00:24:56,"ntc2_C",-11.0500131154652,1327770
10,2026-09-03 00:24:56,"testSB_C",-11.0989231914376,1331431
11,2026-09-03 00:24:56,"ntc1_C",-11.0871536909262,1333344
11,2026-09-03 00:24:56,"ntc2_C",-11.0862712607905,1332815
11,2026-09-03 00:24:56,"testSB_C",-11.0746817908822,1330347
12,2026-09-03 00:24:56,"ntc1_C",-11.0614276590949,1330881
12,2026-09-03 00:24:56,"ntc2_C",-11.0779306002332,1331034
12,2026-09-03 00:24:56,"testSB_C",-11.0613236969191,1329972
13,2026-09-03 00:24:56,"ntc1_C",-11.0272470243075,1332887
13,2026-09-03 00:24:56,"ntc2_C",-11.0323389347153,1326496
13,2026-09-03 00:24:56,"testSB_C",-11.0345231564396,1328735
14,2026-09-03 00:24:56,"ntc1_C",-11.0353884201855,1327356
14,2026-09-03 00:24:56,"ntc2_C",-11.0279002748261,1330144
14,2026-09-03 00:24:56,"testSB_C",-11.0142074363918,1329287
15,2026-09-03 00:24:56,"ntc1_C",-11.0202724589118,1325472
15,2026-09-03 00:24:56,"ntc2_C",-11.0148572893828,1329872
15,2026-09-03 00:24:56,"testSB_C",-11.0256698934447,1330713
16,2026-09-03 00:24:56,"ntc1_C",-11.0365222067861,1327871
16,2026-09-03 00:24:56,"ntc2_C",-11.0388216774846,1327255
16,2026-09-03 00:24:56,"testSB_C",-11.0645452912869,1328598
17,2026-09-03 00:24:56,"ntc1_C",-11.0617691131677,1329131
17,2026-09-03 00:24:56,"ntc2_C",-11.0379195554566,1327182
17,2026-09-03 00:24:56,"testSB_C",-11.0208960663935,1330344
18,2026-09-03 00:24:56,"ntc1_C",-11.0340757064831,1331523
18,2026-09-03 00:24:56,"ntc2_C",-11.0247819551243,1327587
18,2026-09-03 00:24:56,"testSB_C",-11.0267160474202,1327021
19,2026-09-03 00:24:56,"ntc1_C",-11.046666302259,1331914
19,2026-09-03 00:24:56,"ntc2_C",-11.0507489930641,1330773
19,2026-09-03 00:24:56,"testSB_C",-11.0496797099572,1332566
20,2026-09-03 00:24:56,"ntc1_C",-11.0457555267068,1329598
20,2026-09-03 00:24:56,"ntc2_C",-11.0482370338451,1331932
20,2026-09-03 00:24:56,"testSB_C",-11.0456998754416,1327670
21,2026-09-03 00:24:56,"ntc1_C",-11.0392772556641,1326564
21,2026-09-03 00:24:56,"ntc2_C",-11.0311965821448,1329476
21,2026-09-03 00:24:56,"testSB_C",-11.0401406791844,1330164
22,2026-09-03 00:24:56,"ntc1_C",-11.0568398203093,1331294
22,2026-09-03 00:24:56,"ntc2_C",-11.0416852175141,1331777
22,2026-09-03 00:24:56,"testSB_C",-11.0336648496324,1327761
23,2026-09-03 00:24:56,"ntc1_C",-11.0449979447109,1333274
23,2026-09-03 00:24:56,"ntc2_C",-11.0669056322791,1331210
23,2026-09-03 00:24:56,"testSB_C",-11.0464598845163,1327567
24,2026-09-03 00:24:56,"ntc1_C",-11.0528445205312,1331133
24,2026-09-03 00:24:56,"ntc2_C",-11.0336594652595,1332051
24,2026-09-03 00:24:56,"testSB_C",-11.0327250329425,1327018
1,2026-09-03 03:24:56,"ntc1_C",-11.9658719022096,1377845
1,2026-09-03 03:24:56,"testSB_C",-11.9474105715902,1379765
2,2026-09-03 03:24:56,"ntc1_C",-11.9410866650458,1378569
2,2026-09-03 03:24:56,"ntc2_C",-11.9374967911381,1377982
2,2026-09-03 03:24:56,"testSB_C",-11.9361585097757,1380689
3,2026-09-03 03:24:56,"ntc1_C",-11.9451047026549,1380972
3,2026-09-03 03:24:56,"ntc2_C",-11.9438480264702,1379623
3,2026-09-03 03:24:56,"testSB_C",-11.9532590459795,1379532
4,2026-09-03 03:24:56,"ntc1_C",-11.9270478420507,1379352
4,2026-09-03 03:24:56,"ntc2_C",-11.9275991995733,1376101
4,2026-09-03 03:24:56,"testSB_C",-11.9356150513207,1376791
5,2026-09-03 03:24:56,"ntc1_C",-11.9328311941608,1376950
5,2026-09-03 03:24:56,"ntc2_C",-11.9241474959487,1378147
5,2026-09-03 03:24:56,"testSB_C",-11.9270802470449,1379430
6,2026-09-03 03:24:56,"ntc1_C",-11.9343066242591,1377634
6,2026-09-03 03:24:56,"ntc2_C",-11.9328391036016,1379280
6,2026-09-03 03:24:56,"testSB_C",-11.9363745973501,1379732
7,2026-09-03 03:24:56,"ntc1_C",-11.9206541736471,1376939
7,2026-09-03 03:24:56,"ntc2_C",-11.9256428720265,1379555
7,2026-09-03 03:24:56,"testSB_C",-11.929774370781,1379707
8,2026-09-03 03:24:56,"ntc1_C",-11.9263102337381,1382304
8,2026-09-03 03:24:56,"ntc2_C",-11.9325600988552,1377189
8,2026-09-03 03:24:56,"testSB_C",-11.9305697443733,1374656
9,2026-09-03 03:24:56,"ntc1_C",-11.9218427367086,1376153
9,2026-09-03 03:24:56,"ntc2_C",-11.9212076254628,1381029
9,2026-09-03 03:24:56,"testSB_C",-11.9221699702191,1378810
10,2026-09-03 03:24:56,"ntc1_C",-11.933152895442,1379915
10,2026-09-03 03:24:56,"ntc2_C",-11.921494738287,1375853
10,2026-09-03 03:24:56,"testSB_C",-11.9430668586061,1378115
11,2026-09-03 03:24:56,"ntc1_C",-11.9395480975783,1380533
11,2026-09-03 03:24:56,"ntc2_C",-11.9345242697808,1379765
11,2026-09-03 03:24:56,"testSB_C",-11.9310332146578,1377662
12,2026-09-03 03:24:56,"ntc1_C",-11.9288465507246,1378831
12,2026-09-03 03:24:56,"ntc2_C",-11.9356681753313,1378447
12,2026-09-03 03:24:56,"testSB_C",-11.9244406816395,1377664
13,2026-09-03 03:24:56,"ntc1_C",-11.9162366359529,1382129
13,2026-09-03 03:24:56,"ntc2_C",-11.9095797198853,1374867
13,2026-09-03 03:24:56,"testSB_C",-11.9127345032235,1377231
14,2026-09-03 03:24:56,"ntc1_C",-11.9132764643981,1375766
14,2026-09-03 03:24:56,"ntc2_C",-11.9058419246687,1378655
14,2026-09-03 03:24:56,"testSB_C",-11.9085402265663,1378700
15,2026-09-03 03:24:56,"ntc1_C",-11.9069757813734,1374302
15,2026-09-03 03:24:56,"ntc2_C",-11.9055941841268,1379118
15,2026-09-03 03:24:56,"testSB_C",-11.9073691072172,1379477
16,2026-09-03 03:24:56,"ntc1_C",-11.9109179652397,1376126
16,2026-09-03 03:24:56,"ntc2_C",-11.913104299739,1375493
16,2026-09-03 03:24:56,"testSB_C",-11.919516697104,1375802
17,2026-09-03 03:24:56,"ntc1_C",-11.9240483543444,1376748
17,2026-09-03 03:24:56,"ntc2_C",-11.9112806565721,1375333
17,2026-09-03 03:24:56,"testSB_C",-11.9080286443091,1379391
18,2026-09-03 03:24:56,"ntc1_C",-11.9105025938794,1379994
18,2026-09-03 03:24:56,"ntc2_C",-11.9040273641917,1376056
18,2026-09-03 03:24:56,"testSB_C",-11.9070963429237,1375592
19,2026-09-03 03:24:56,"ntc1_C",-11.9153928636753,1379990
19,2026-09-03 03:24:56,"ntc2_C",-11.9142734795723,1378521
19,2026-09-03 03:24:56,"testSB_C",-11.9176946758425,1380634
20,2026-09-03 03:24:56,"ntc1_C",-11.9147817329618,1377623
20,2026-09-03 03:24:56,"ntc2_C",-11.9141139920386,1379858
20,2026-09-03 03:24:56,"testSB_C",-11.9131653652245,1375529
21,2026-09-03 03:24:56,"ntc1_C",-11.9129980766843,1374694
21,2026-09-03 03:24:56,"ntc2_C",-11.9079582855095,1377915
21,2026-09-03 03:24:56,"testSB_C",-11.9117222386449,1378344
22,2026-09-03 03:24:56,"ntc1_C",-11.9219697118474,1379149
22,2026-09-03 03:24:56,"ntc2_C",-11.90785821657,1379685
22,2026-09-03 03:24:56,"testSB_C",-11.9069382964553,1375949
23,2026-09-03 03:24:56,"ntc1_C",-11.9065306318267,1380980
23,2026-09-03 03:24:56,"ntc2_C",-11.918257316907,1378284
23,2026-09-03 03:24:56,"testSB_C",-11.9225650728111,1375856
24,2026-09-03 03:24:56,"ntc1_C",-11.9130187929351,1378708
24,2026-09-03 03:24:56,"ntc2_C",-11.9045551439609,1380251
24,2026-09-03 03:24:56,"testSB_C",-11.9045293397406,1375083
1,2026-09-03 06:24:56,"ntc1_C",-11.0329254197894,1326335
1,2026-09-03 06:24:56,"testSB_C",-11.0194298878044,1328478
2,2026-09-03 06:24:56,"ntc1_C",-11.0216458294623,1327773
2,2026-09-03 06:24:56,"ntc2_C",-11.0226681532278,1327462
2,2026-09-03 06:24:56,"testSB_C",-11.0248754677586,1330314
3,2026-09-03 06:24:56,"ntc1_C",-11.0090103836837,1329216
3,2026-09-03 06:24:56,"ntc2_C",-11.0105418858478,1328047
3,2026-09-03 06:24:56,"testSB_C",-10.9936870143377,1326560
4,2026-09-03 06:24:56,"ntc1_C",-11.0095579012983,1328648
4,2026-09-03 06:24:56,"ntc2_C",-11.0101044613469,1325525
4,2026-09-03 06:24:56,"testSB_C",-11.0150587387294,1326025
5,2026-09-03 06:24:56,"ntc1_C",-11.015567639231,1326330
5,2026-09-03 06:24:56,"ntc2_C",-11.0115641632697,1327763
5,2026-09-03 06:24:56,"testSB_C",-11.0120656273913,1328862
6,2026-09-03 06:24:56,"ntc1_C",-11.0193564146666,1327161
6,2026-09-03 06:24:56,"ntc2_C",-11.0176897910443,1328703
6,2026-09-03 06:24:56,"testSB_C",-11.0183368677225,1328999
7,2026-09-03 06:24:56,"ntc1_C",-11.0095741101071,1326659
7,2026-09-03 06:24:56,"ntc2_C",-11.0077236847945,1328811
7,2026-09-03 06:24:56,"testSB_C",-11.0075702653826,1328747
8,2026-09-03 06:24:56,"ntc1_C",-11.0137221705756,1331755
8,2026-09-03 06:24:56,"ntc2_C",-11.0140738900437,1326510
8,2026-09-03 06:24:56,"testSB_C",-11.0056950451708,1323724
9,2026-09-03 06:24:56,"ntc1_C",-11.0100460845556,1325886
9,2026-09-03 06:24:56,"ntc2_C",-11.010528101187,1330615
9,2026-09-03 06:24:56,"testSB_C",-11.0158881850266,1328722
10,2026-09-03 06:24:56,"ntc1_C",-11.0121016412151,1329015
10,2026-09-03 06:24:56,"ntc2_C",-11.010402079197,1325625
10,2026-09-03 06:24:56,"testSB_C",-10.9925344942775,1325661
11,2026-09-03 06:24:56,"ntc1_C",-11.0094028326141,1329121
11,2026-09-03 06:24:56,"ntc2_C",-11.0052826048562,1328417
11,2026-09-03 06:24:56,"testSB_C",-11.0060634769425,1326627
12,2026-09-03 06:24:56,"ntc1_C",-11.0058252474058,1327865
12,2026-09-03 06:24:56,"ntc2_C",-11.0080681234934,1327245
12,2026-09-03 06:24:56,"testSB_C",-11.003301642067,1326826
13,2026-09-03 06:24:56,"ntc1_C",-11.0125893012388,1332090
13,2026-09-03 06:24:56,"ntc2_C",-11.0082298303666,1325191
13,2026-09-03 06:24:56,"testSB_C",-11.010024912168,1327407
14,2026-09-03 06:24:56,"ntc1_C",-11.0127409481154,1326130
14,2026-09-03 06:24:56,"ntc2_C",-11.0090056976423,1329119
14,2026-09-03 06:24:56,"testSB_C",-11.0120874084479,1329172
15,2026-09-03 06:24:56,"ntc1_C",-11.0104694708326,1324942
15,2026-09-03 06:24:56,"ntc2_C",-11.0088512228181,1329546
15,2026-09-03 06:24:56,"testSB_C",-11.0094444400505,1329832
16,2026-09-03 06:24:56,"ntc1_C",-11.010329755889,1326452
16,2026-09-03 06:24:56,"ntc2_C",-11.0093349482158,1325658
16,2026-09-03 06:24:56,"testSB_C",-10.9949167255791,1324826
17,2026-09-03 06:24:56,"ntc1_C",-11.0074452480638,1326187
17,2026-09-03 06:24:56,"ntc2_C",-11.007635269003,1325543
17,2026-09-03 06:24:56,"testSB_C",-11.0114450425482,1329831
18,2026-09-03 06:24:56,"ntc1_C",-11.0117718960866,1330312
18,2026-09-03 06:24:56,"ntc2_C",-11.0061752082806,1326580
18,2026-09-03 06:24:56,"testSB_C",-11.0066828586848,1325936
19,2026-09-03 06:24:56,"ntc1_C",-11.0062747709302,1329720
19,2026-09-03 06:24:56,"ntc2_C",-11.0042421899437,1328249
19,2026-09-03 06:24:56,"testSB_C",-11.0056874475453,1330175
20,2026-09-03 06:24:56,"ntc1_C",-11.0106383808009,1327693
20,2026-09-03 06:24:56,"ntc2_C",-10.999821281124,1329302
20,2026-09-03 06:24:56,"testSB_C",-11.0034841827373,1325384
21,2026-09-03 06:24:56,"ntc1_C",-11.015146676895,1325259
21,2026-09-03 06:24:56,"ntc2_C",-11.0106212771614,1328360
21,2026-09-03 06:24:56,"testSB_C",-11.0094209553824,1328497
22,2026-09-03 06:24:56,"ntc1_C",-11.0092241812807,1328709
22,2026-09-03 06:24:56,"ntc2_C",-11.0014573841695,1329593
22,2026-09-03 06:24:56,"testSB_C",-11.0029443566651,1326097
23,2026-09-03 06:24:56,"ntc1_C",-10.9995360800742,1330803
23,2026-09-03 06:24:56,"ntc2_C",-10.9964264275464,1327386
23,2026-09-03 06:24:56,"testSB_C",-11.0137064906375,1325795
24,2026-09-03 06:24:56,"ntc1_C",-11.0008025100543,1328308
24,2026-09-03 06:24:56,"ntc2_C",-10.9987961465616,1330157
24,2026-09-03 06:24:56,"testSB_C",-10.988681886782,1324635
1,2026-09-03 09:24:56,"ntc1_C",-9.09102443203875,1225250
1,2026-09-03 09:24:56,"testSB_C",-9.12091260995174,1229453
2,2026-09-03 09:24:56,"ntc1_C",-9.26400464472141,1235850
2,2026-09-03 09:24:56,"ntc2_C",-9.20160321938539,1232376
2,2026-09-03 09:24:56,"testSB_C",-9.22125295177193,1235997
3,2026-09-03 09:24:56,"ntc1_C",-8.43990131165833,1196990
3,2026-09-03 09:24:56,"ntc2_C",-8.52605154677207,1200017
3,2026-09-03 09:24:56,"testSB_C",-8.67192466318272,1206709
4,2026-09-03 09:24:56,"ntc1_C",-8.53170037197714,1200897
4,2026-09-03 09:24:56,"ntc2_C",-8.51483320254499,1197249
4,2026-09-03 09:24:56,"testSB_C",-8.66949359212816,1205034
5,2026-09-03 09:24:56,"ntc1_C",-8.74063910799288,1208726
5,2026-09-03 09:24:56,"ntc2_C",-8.65815310106052,1206227
5,2026-09-03 09:24:56,"testSB_C",-8.67300789758951,1207918
6,2026-09-03 09:24:56,"ntc1_C",-8.75995161187728,1210351
6,2026-09-03 09:24:56,"ntc2_C",-8.67426677824182,1207539
6,2026-09-03 09:24:56,"testSB_C",-8.77517548384151,1212795
7,2026-09-03 09:24:56,"ntc1_C",-8.64230349347542,1204492
7,2026-09-03 09:24:56,"ntc2_C",-8.56310022739274,1202651
7,2026-09-03 09:24:56,"testSB_C",-8.7020803866111,1209487
8,2026-09-03 09:24:56,"ntc1_C",-8.75945010318458,1214719
8,2026-09-03 09:24:56,"ntc2_C",-8.70687964839669,1207338
8,2026-09-03 09:24:56,"testSB_C",-8.59984435937611,1199966
9,2026-09-03 09:24:56,"ntc1_C",-8.7477075638102,1209006
9,2026-09-03 09:24:56,"ntc2_C",-8.62765797569409,1207297
9,2026-09-03 09:24:56,"testSB_C",-8.72161669450804,1209961
10,2026-09-03 09:24:56,"ntc1_C",-8.74369854126371,1211570
10,2026-09-03 09:24:56,"ntc2_C",-8.60301209541268,1201618
10,2026-09-03 09:24:56,"testSB_C",-8.74325151359898,1209406
11,2026-09-03 09:24:56,"ntc1_C",-8.83428555753864,1216294
11,2026-09-03 09:24:56,"ntc2_C",-8.66392983698341,1207411
11,2026-09-03 09:24:56,"testSB_C",-8.76555118780936,1210761
12,2026-09-03 09:24:56,"ntc1_C",-8.63545043068075,1205504
12,2026-09-03 09:24:56,"ntc2_C",-8.64155722366684,1205126
12,2026-09-03 09:24:56,"testSB_C",-8.72091264361876,1208852
13,2026-09-03 09:24:56,"ntc1_C",-8.70487479891938,1212418
13,2026-09-03 09:24:56,"ntc2_C",-8.58071831926094,1200211
13,2026-09-03 09:24:56,"testSB_C",-8.61850158670427,1204007
14,2026-09-03 09:24:56,"ntc1_C",-8.60598027149706,1202147
14,2026-09-03 09:24:56,"ntc2_C",-8.58112581202892,1203825
14,2026-09-03 09:24:56,"testSB_C",-8.60320719512634,1204777
15,2026-09-03 09:24:56,"ntc1_C",-8.69279165564706,1205453
15,2026-09-03 09:24:56,"ntc2_C",-8.49619179180957,1199999
15,2026-09-03 09:24:56,"testSB_C",-8.54917213726594,1202830
16,2026-09-03 09:24:56,"ntc1_C",-8.71221619678801,1207723
16,2026-09-03 09:24:56,"ntc2_C",-8.64156608801937,1203550
16,2026-09-03 09:24:56,"testSB_C",-8.68276718142653,1205521
17,2026-09-03 09:24:56,"ntc1_C",-8.62032367891737,1203112
17,2026-09-03 09:24:56,"ntc2_C",-8.6626518241639,1204638
17,2026-09-03 09:24:56,"testSB_C",-8.66423945201677,1208407
18,2026-09-03 09:24:56,"ntc1_C",-8.59698658783208,1205558
18,2026-09-03 09:24:56,"ntc2_C",-8.63409765394755,1204314
18,2026-09-03 09:24:56,"testSB_C",-8.62905621985385,1203318
19,2026-09-03 09:24:56,"ntc1_C",-8.67776398468237,1209211
19,2026-09-03 09:24:56,"ntc2_C",-8.67383454800154,1207766
19,2026-09-03 09:24:56,"testSB_C",-8.6523995039895,1208383
20,2026-09-03 09:24:56,"ntc1_C",-8.61005313563561,1203788
20,2026-09-03 09:24:56,"ntc2_C",-8.569863980138,1203817
20,2026-09-03 09:24:56,"testSB_C",-8.54845574375537,1199054
21,2026-09-03 09:24:56,"ntc1_C",-8.61003667409796,1201482
21,2026-09-03 09:24:56,"ntc2_C",-8.54377586864518,1201183
21,2026-09-03 09:24:56,"testSB_C",-8.6974208506258,1208898
22,2026-09-03 09:24:56,"ntc1_C",-8.62459365962508,1205525
22,2026-09-03 09:24:56,"ntc2_C",-8.50364877340553,1200834
22,2026-09-03 09:24:56,"testSB_C",-8.64603177217651,1204514
23,2026-09-03 09:24:56,"ntc1_C",-8.58825027919266,1206150
23,2026-09-03 09:24:56,"ntc2_C",-8.55474556733617,1201534
23,2026-09-03 09:24:56,"testSB_C",-8.71804193963419,1207356
24,2026-09-03 09:24:56,"ntc1_C",-8.65357597443494,1206986
24,2026-09-03 09:24:56,"ntc2_C",-8.61255465340321,1206773
24,2026-09-03 09:24:56,"testSB_C",-8.64518416970776,1203874
1,2026-09-03 12:24:56,"ntc1_C",-6.453857517789,1100388
1,2026-09-03 12:24:56,"testSB_C",-6.55600602805987,1107471
2,2026-09-03 12:24:56,"ntc1_C",-6.89240426714139,1121967
2,2026-09-03 12:24:56,"ntc2_C",-6.655858202996,1110927
2,2026-09-03 12:24:56,"testSB_C",-6.7403876579283,1117251
3,2026-09-03 12:24:56,"ntc1_C",-4.88806077138207,1035951
3,2026-09-03 12:24:56,"ntc2_C",-5.1460704257982,1045767
3,2026-09-03 12:24:56,"testSB_C",-5.4309642002587,1057605
4,2026-09-03 12:24:56,"ntc1_C",-5.19464561814027,1048378
4,2026-09-03 12:24:56,"ntc2_C",-5.20239497599465,1046277
4,2026-09-03 12:24:56,"testSB_C",-5.5443975707023,1061104
5,2026-09-03 12:24:56,"ntc1_C",-5.62797432619783,1064807
5,2026-09-03 12:24:56,"ntc2_C",-5.46946123801098,1059414
5,2026-09-03 12:24:56,"testSB_C",-5.51385830702696,1062151
6,2026-09-03 12:24:56,"ntc1_C",-5.7128410310745,1069196
6,2026-09-03 12:24:56,"ntc2_C",-5.48553556596801,1060515
6,2026-09-03 12:24:56,"testSB_C",-5.71750016730289,1070851
7,2026-09-03 12:24:56,"ntc1_C",-5.45720987450505,1057985
7,2026-09-03 12:24:56,"ntc2_C",-5.29794471633198,1052952
7,2026-09-03 12:24:56,"testSB_C",-5.49096681074366,1061308
8,2026-09-03 12:24:56,"ntc1_C",-5.62680537438752,1069240
8,2026-09-03 12:24:56,"ntc2_C",-5.55671699674241,1062020
8,2026-09-03 12:24:56,"testSB_C",-5.2690581066588,1047837
9,2026-09-03 12:24:56,"ntc1_C",-5.6546807731815,1065985
9,2026-09-03 12:24:56,"ntc2_C",-5.44970803726608,1060735
9,2026-09-03 12:24:56,"testSB_C",-5.64744662263894,1067581
10,2026-09-03 12:24:56,"ntc1_C",-5.58919433227356,1065585
10,2026-09-03 12:24:56,"ntc2_C",-5.40829174006961,1055095
10,2026-09-03 12:24:56,"testSB_C",-5.55362738667498,1062109
11,2026-09-03 12:24:56,"ntc1_C",-5.72322544852614,1071634
11,2026-09-03 12:24:56,"ntc2_C",-5.49238711283817,1061187
11,2026-09-03 12:24:56,"testSB_C",-5.55337569015461,1062378
12,2026-09-03 12:24:56,"ntc1_C",-5.37114018655149,1055551
12,2026-09-03 12:24:56,"ntc2_C",-5.40826310340464,1056544
12,2026-09-03 12:24:56,"testSB_C",-5.67772167611486,1067982
13,2026-09-03 12:24:56,"ntc1_C",-5.56135520241537,1066788
13,2026-09-03 12:24:56,"ntc2_C",-5.22433849732965,1046923
13,2026-09-03 12:24:56,"testSB_C",-5.3591446070937,1054398
14,2026-09-03 12:24:56,"ntc1_C",-5.32020346213335,1051702
14,2026-09-03 12:24:56,"ntc2_C",-5.3080721603493,1053717
14,2026-09-03 12:24:56,"testSB_C",-5.42979621837475,1058790
15,2026-09-03 12:24:56,"ntc1_C",-5.51881059420265,1059401
15,2026-09-03 12:24:56,"ntc2_C",-5.27421211058822,1052500
15,2026-09-03 12:24:56,"testSB_C",-5.3556195508707,1056195
16,2026-09-03 12:24:56,"ntc1_C",-5.59602021840499,1063804
16,2026-09-03 12:24:56,"ntc2_C",-5.44918228176516,1056832
16,2026-09-03 12:24:56,"testSB_C",-5.57262828712396,1062094
17,2026-09-03 12:24:56,"ntc1_C",-5.52754396792625,1060765
17,2026-09-03 12:24:56,"ntc2_C",-5.50855951026091,1059510
17,2026-09-03 12:24:56,"testSB_C",-5.64670258621572,1068712
18,2026-09-03 12:24:56,"ntc1_C",-5.48075546950537,1061979
18,2026-09-03 12:24:56,"ntc2_C",-5.61333460648331,1065056
18,2026-09-03 12:24:56,"testSB_C",-5.6389766167635,1065349
19,2026-09-03 12:24:56,"ntc1_C",-5.58268077199949,1066041
19,2026-09-03 12:24:56,"ntc2_C",-5.66598937297584,1068534
19,2026-09-03 12:24:56,"testSB_C",-5.53440051457358,1064300
20,2026-09-03 12:24:56,"ntc1_C",-5.49973605639798,1060573
20,2026-09-03 12:24:56,"ntc2_C",-5.46610663674323,1060898
20,2026-09-03 12:24:56,"testSB_C",-5.39718993426743,1054688
21,2026-09-03 12:24:56,"ntc1_C",-5.4845736451141,1058040
21,2026-09-03 12:24:56,"ntc2_C",-5.42129294862804,1057809
21,2026-09-03 12:24:56,"testSB_C",-5.65842608004078,1068182
22,2026-09-03 12:24:56,"ntc1_C",-5.4550637663595,1059594
22,2026-09-03 12:24:56,"ntc2_C",-5.223622852326,1050836
22,2026-09-03 12:24:56,"testSB_C",-5.67105100344338,1067112
23,2026-09-03 12:24:56,"ntc1_C",-5.54935384272301,1065818
23,2026-09-03 12:24:56,"ntc2_C",-5.30428612945809,1052636
23,2026-09-03 12:24:56,"testSB_C",-5.67237512129856,1066657
24,2026-09-03 12:24:56,"ntc1_C",-5.51137146390141,1062025
24,2026-09-03 12:24:56,"ntc2_C",-5.58519534183296,1066844
24,2026-09-03 12:24:56,"testSB_C",-5.64943583138319,1065670
1,2026-09-03 15:24:56,"ntc1_C",-5.73373510245483,1068619
1,2026-09-03 15:24:56,"testSB_C",-5.76941940043366,1072608
2,2026-09-03 15:24:56,"ntc1_C",-5.97249743429091,1080741
2,2026-09-03 15:24:56,"ntc2_C",-5.54846774518353,1061998
2,2026-09-03 15:24:56,"testSB_C",-5.81032339167956,1075807
3,2026-09-03 15:24:56,"ntc1_C",-4.50367600498834,1019918
3,2026-09-03 15:24:56,"ntc2_C",-4.45485429426645,1016826
3,2026-09-03 15:24:56,"testSB_C",-4.27124724432105,1008983
4,2026-09-03 15:24:56,"ntc1_C",-4.34831587481466,1012972
4,2026-09-03 15:24:56,"ntc2_C",-4.35312990528826,1010831
4,2026-09-03 15:24:56,"testSB_C",-4.3314262637881,1010125
5,2026-09-03 15:24:56,"ntc1_C",-4.48951087621577,1016685
5,2026-09-03 15:24:56,"ntc2_C",-4.4621696598071,1016969
5,2026-09-03 15:24:56,"testSB_C",-4.26112548103924,1009486
6,2026-09-03 15:24:56,"ntc1_C",-4.63602710391308,1023465
6,2026-09-03 15:24:56,"ntc2_C",-4.50985909867893,1019316
6,2026-09-03 15:24:56,"testSB_C",-4.42281014666582,1016014
7,2026-09-03 15:24:56,"ntc1_C",-4.32438716428669,1010419
7,2026-09-03 15:24:56,"ntc2_C",-4.5411893297092,1021086
7,2026-09-03 15:24:56,"testSB_C",-4.54905149082703,1021492
8,2026-09-03 15:24:56,"ntc1_C",-4.57949049974269,1024709
8,2026-09-03 15:24:56,"ntc2_C",-4.34082228839219,1010869
8,2026-09-03 15:24:56,"testSB_C",-4.54796547331307,1017609
9,2026-09-03 15:24:56,"ntc1_C",-4.47469272821314,1016126
9,2026-09-03 15:24:56,"ntc2_C",-4.36657823952538,1015083
9,2026-09-03 15:24:56,"testSB_C",-4.59388257688624,1022857
10,2026-09-03 15:24:56,"ntc1_C",-4.49452694570601,1019269
10,2026-09-03 15:24:56,"ntc2_C",-4.49313660054952,1016614
10,2026-09-03 15:24:56,"testSB_C",-4.56628607739549,1020363
11,2026-09-03 15:24:56,"ntc1_C",-4.65270485525394,1026057
11,2026-09-03 15:24:56,"ntc2_C",-4.49462759226952,1019062
11,2026-09-03 15:24:56,"testSB_C",-4.56035097281591,1020404
12,2026-09-03 15:24:56,"ntc1_C",-4.68549751202147,1026577
12,2026-09-03 15:24:56,"ntc2_C",-4.5067653980866,1018581
12,2026-09-03 15:24:56,"testSB_C",-4.77705145638811,1029619
13,2026-09-03 15:24:56,"ntc1_C",-4.78835239177062,1033817
13,2026-09-03 15:24:56,"ntc2_C",-4.38375407185669,1011794
13,2026-09-03 15:24:56,"testSB_C",-4.47457537005818,1017198
14,2026-09-03 15:24:56,"ntc1_C",-4.44817304270083,1015132
14,2026-09-03 15:24:56,"ntc2_C",-4.49252357817272,1019409
14,2026-09-03 15:24:56,"testSB_C",-4.61665981347676,1024403
15,2026-09-03 15:24:56,"ntc1_C",-4.63866044349578,1022222
15,2026-09-03 15:24:56,"ntc2_C",-4.53434365034309,1021351
15,2026-09-03 15:24:56,"testSB_C",-4.60858419467087,1024634
16,2026-09-03 15:24:56,"ntc1_C",-4.74779059108039,1027774
16,2026-09-03 15:24:56,"ntc2_C",-4.44917757647517,1014768
16,2026-09-03 15:24:56,"testSB_C",-4.67345848189257,1023994
17,2026-09-03 15:24:56,"ntc1_C",-4.52513284405563,1018447
17,2026-09-03 15:24:56,"ntc2_C",-4.61646825038883,1021821
17,2026-09-03 15:24:56,"testSB_C",-4.65847429618947,1026666
18,2026-09-03 15:24:56,"ntc1_C",-4.59733132068675,1024568
18,2026-09-03 15:24:56,"ntc2_C",-4.7410742712002,1028012
18,2026-09-03 15:24:56,"testSB_C",-4.75972937365032,1027959
19,2026-09-03 15:24:56,"ntc1_C",-4.64626366003625,1026256
19,2026-09-03 15:24:56,"ntc2_C",-4.80290572695367,1031714
19,2026-09-03 15:24:56,"testSB_C",-4.61330668286644,1025214
20,2026-09-03 15:24:56,"ntc1_C",-4.55425592259161,1020610
20,2026-09-03 15:24:56,"ntc2_C",-4.67208951855315,1027224
20,2026-09-03 15:24:56,"testSB_C",-4.48665073862566,1016404
21,2026-09-03 15:24:56,"ntc1_C",-4.57164827317996,1019564
21,2026-09-03 15:24:56,"ntc2_C",-4.73285969331067,1028643
21,2026-09-03 15:24:56,"testSB_C",-4.78745097265045,1031046
22,2026-09-03 15:24:56,"ntc1_C",-4.59469389293957,1023214
22,2026-09-03 15:24:56,"ntc2_C",-4.52385760478336,1021419
22,2026-09-03 15:24:56,"testSB_C",-4.9534139476134,1036454
23,2026-09-03 15:24:56,"ntc1_C",-4.95118328705462,1040236
23,2026-09-03 15:24:56,"ntc2_C",-4.70328933238693,1027259
23,2026-09-03 15:24:56,"testSB_C",-4.99040014545261,1037534
24,2026-09-03 15:24:56,"ntc1_C",-4.82114606677573,1032658
24,2026-09-03 15:24:56,"ntc2_C",-4.96152430518953,1040155
24,2026-09-03 15:24:56,"testSB_C",-5.02853095856585,1039131
1,2026-09-03 18:24:56,"ntc1_C",-8.36609461839583,1189548
1,2026-09-03 18:24:56,"testSB_C",-8.31765460777649,1189841
2,2026-09-03 18:24:56,"ntc1_C",-8.34247806410826,1190259
2,2026-09-03 18:24:56,"ntc2_C",-8.19829479720431,1182969
2,2026-09-03 18:24:56,"testSB_C",-8.26871921532916,1188950
3,2026-09-03 18:24:56,"ntc1_C",-7.71376849673106,1162097
3,2026-09-03 18:24:56,"ntc2_C",-7.720170666081,1161239
3,2026-09-03 18:24:56,"testSB_C",-7.64260236507283,1157151
4,2026-09-03 18:24:56,"ntc1_C",-7.63434241434624,1157772
4,2026-09-03 18:24:56,"ntc2_C",-7.6360290490237,1155138
4,2026-09-03 18:24:56,"testSB_C",-7.64906024120876,1155957
5,2026-09-03 18:24:56,"ntc1_C",-7.695854855297,1158319
5,2026-09-03 18:24:56,"ntc2_C",-7.67318604471882,1158774
5,2026-09-03 18:24:56,"testSB_C",-7.60852311924845,1156639
6,2026-09-03 18:24:56,"ntc1_C",-7.71766639261546,1160037
6,2026-09-03 18:24:56,"ntc2_C",-7.67387640875353,1159290
6,2026-09-03 18:24:56,"testSB_C",-7.64087100937564,1158015
7,2026-09-03 18:24:56,"ntc1_C",-7.57575091827647,1153247
7,2026-09-03 18:24:56,"ntc2_C",-7.63716172761337,1158105
7,2026-09-03 18:24:56,"testSB_C",-7.64853408384732,1158665
8,2026-09-03 18:24:56,"ntc1_C",-7.66375630646223,1161659
8,2026-09-03 18:24:56,"ntc2_C",-7.57650902071049,1152981
8,2026-09-03 18:24:56,"testSB_C",-7.62170314782236,1153074
9,2026-09-03 18:24:56,"ntc1_C",-7.60868808031893,1154178
9,2026-09-03 18:24:56,"ntc2_C",-7.57306287298007,1156488
9,2026-09-03 18:24:56,"testSB_C",-7.64139898594289,1157835
10,2026-09-03 18:24:56,"ntc1_C",-7.60082052218405,1156447
10,2026-09-03 18:24:56,"ntc2_C",-7.59140122123392,1153089
10,2026-09-03 18:24:56,"testSB_C",-7.62315892903229,1155431
11,2026-09-03 18:24:56,"ntc1_C",-7.64941624535732,1158975
11,2026-09-03 18:24:56,"ntc2_C",-7.59046150782342,1155736
11,2026-09-03 18:24:56,"testSB_C",-7.60334330747878,1154763
12,2026-09-03 18:24:56,"ntc1_C",-7.63904364719633,1157547
12,2026-09-03 18:24:56,"ntc2_C",-7.58289686308916,1154252
12,2026-09-03 18:24:56,"testSB_C",-7.66894902381529,1158120
13,2026-09-03 18:24:56,"ntc1_C",-7.66422489404084,1162079
13,2026-09-03 18:24:56,"ntc2_C",-7.5516271087285,1150907
13,2026-09-03 18:24:56,"testSB_C",-7.574485312349,1153852
14,2026-09-03 18:24:56,"ntc1_C",-7.55641511530087,1151830
14,2026-09-03 18:24:56,"ntc2_C",-7.57507921548944,1155485
14,2026-09-03 18:24:56,"testSB_C",-7.60761944853078,1156879
15,2026-09-03 18:24:56,"ntc1_C",-7.62761765173786,1154267
15,2026-09-03 18:24:56,"ntc2_C",-7.57148406545474,1155617
15,2026-09-03 18:24:56,"testSB_C",-7.59651003505928,1157024
16,2026-09-03 18:24:56,"ntc1_C",-7.65620267136808,1156841
16,2026-09-03 18:24:56,"ntc2_C",-7.59198263229467,1153138
16,2026-09-03 18:24:56,"testSB_C",-7.63369395598136,1155046
17,2026-09-03 18:24:56,"ntc1_C",-7.59428134827112,1153837
17,2026-09-03 18:24:56,"ntc2_C",-7.63056572143421,1155032
17,2026-09-03 18:24:56,"testSB_C",-7.66030203132425,1159966
18,2026-09-03 18:24:56,"ntc1_C",-7.61744846563067,1158400
18,2026-09-03 18:24:56,"ntc2_C",-7.66366586795237,1157651
18,2026-09-03 18:24:56,"testSB_C",-7.6706001884217,1157204
19,2026-09-03 18:24:56,"ntc1_C",-7.6463343715003,1159432
19,2026-09-03 18:24:56,"ntc2_C",-7.71436294460523,1161441
19,2026-09-03 18:24:56,"testSB_C",-7.63859461368878,1159463
20,2026-09-03 18:24:56,"ntc1_C",-7.60621861546144,1155519
20,2026-09-03 18:24:56,"ntc2_C",-7.65035716737009,1159530
20,2026-09-03 18:24:56,"testSB_C",-7.58365835941072,1152820
21,2026-09-03 18:24:56,"ntc1_C",-7.62556152737392,1154266
21,2026-09-03 18:24:56,"ntc2_C",-7.67512713666304,1159404
21,2026-09-03 18:24:56,"testSB_C",-7.70625746705747,1161029
22,2026-09-03 18:24:56,"ntc1_C",-7.61570467793899,1156962
22,2026-09-03 18:24:56,"ntc2_C",-7.60721696451805,1157778
22,2026-09-03 18:24:56,"testSB_C",-7.74391152389825,1161031
23,2026-09-03 18:24:56,"ntc1_C",-7.72664985865248,1164540
23,2026-09-03 18:24:56,"ntc2_C",-7.64988778851529,1158034
23,2026-09-03 18:24:56,"testSB_C",-7.76144624465911,1161226
24,2026-09-03 18:24:56,"ntc1_C",-7.68114697058866,1160077
24,2026-09-03 18:24:56,"ntc2_C",-7.71875124881223,1163606
24,2026-09-03 18:24:56,"testSB_C",-7.69888177152831,1158337
1,2026-09-03 21:24:56,"ntc1_C",-10.4859315016706,1297038
1,2026-09-03 21:24:56,"testSB_C",-10.4215811257711,1296455
2,2026-09-03 21:24:56,"ntc1_C",-10.3812196793905,1293506
2,2026-09-03 21:24:56,"ntc2_C",-10.3731637004663,1292727
2,2026-09-03 21:24:56,"testSB_C",-10.356452265362,1294541
3,2026-09-03 21:24:56,"ntc1_C",-10.3736711390043,1295202
3,2026-09-03 21:24:56,"ntc2_C",-10.3572168374003,1293099
3,2026-09-03 21:24:56,"testSB_C",-10.3455924660026,1291943
4,2026-09-03 21:24:56,"ntc1_C",-10.3231330101661,1291941
4,2026-09-03 21:24:56,"ntc2_C",-10.3190367896469,1288667
4,2026-09-03 21:24:56,"testSB_C",-10.3166356111564,1288767
5,2026-09-03 21:24:56,"ntc1_C",-10.3099849683391,1288667
5,2026-09-03 21:24:56,"ntc2_C",-10.3010006299468,1289817
5,2026-09-03 21:24:56,"testSB_C",-10.3031849425128,1290969
6,2026-09-03 21:24:56,"ntc1_C",-10.3019669597594,1288888
6,2026-09-03 21:24:56,"ntc2_C",-10.3259694537707,1291713
6,2026-09-03 21:24:56,"testSB_C",-10.2902699637067,1290099
7,2026-09-03 21:24:56,"ntc1_C",-10.2753293011886,1287483
7,2026-09-03 21:24:56,"ntc2_C",-10.2785651569386,1289841
7,2026-09-03 21:24:56,"testSB_C",-10.2737935603789,1289553
8,2026-09-03 21:24:56,"ntc1_C",-10.2599324548294,1291404
8,2026-09-03 21:24:56,"ntc2_C",-10.2541321429323,1285998
8,2026-09-03 21:24:56,"testSB_C",-10.2574219048465,1283908
9,2026-09-03 21:24:56,"ntc1_C",-10.2306157886593,1284381
9,2026-09-03 21:24:56,"ntc2_C",-10.2336884440603,1289073
9,2026-09-03 21:24:56,"testSB_C",-10.2245833592985,1286485
10,2026-09-03 21:24:56,"ntc1_C",-10.2207002452819,1286788
10,2026-09-03 21:24:56,"ntc2_C",-10.2171727928069,1283397
10,2026-09-03 21:24:56,"testSB_C",-10.2110828699782,1284043
11,2026-09-03 21:24:56,"ntc1_C",-10.1782775237712,1284811
11,2026-09-03 21:24:56,"ntc2_C",-10.1859325065901,1284736
11,2026-09-03 21:24:56,"testSB_C",-10.1628344825031,1281759
12,2026-09-03 21:24:56,"ntc1_C",-10.1693173160398,1283312
12,2026-09-03 21:24:56,"ntc2_C",-10.1577982283254,1281991
12,2026-09-03 21:24:56,"testSB_C",-10.1467308175269,1281244
13,2026-09-03 21:24:56,"ntc1_C",-10.148291460492,1285932
13,2026-09-03 21:24:56,"ntc2_C",-10.135961799687,1278835
13,2026-09-03 21:24:56,"testSB_C",-10.1198414883636,1280047
14,2026-09-03 21:24:56,"ntc1_C",-10.1144700267126,1278411
14,2026-09-03 21:24:56,"ntc2_C",-10.1178115446991,1281665
14,2026-09-03 21:24:56,"testSB_C",-10.1036175811482,1280802
15,2026-09-03 21:24:56,"ntc1_C",-10.1006150262893,1276668
15,2026-09-03 21:24:56,"ntc2_C",-10.0945608724205,1280846
15,2026-09-03 21:24:56,"testSB_C",-10.0900128817756,1280856
16,2026-09-03 21:24:56,"ntc1_C",-10.0875388441463,1277421
16,2026-09-03 21:24:56,"ntc2_C",-10.0950415369825,1277088
16,2026-09-03 21:24:56,"testSB_C",-10.090214036795,1276784
17,2026-09-03 21:24:56,"ntc1_C",-10.129221063039,1279493
17,2026-09-03 21:24:56,"ntc2_C",-10.09613994992,1277154
17,2026-09-03 21:24:56,"testSB_C",-10.1058696582958,1281588
18,2026-09-03 21:24:56,"ntc1_C",-10.1068015881575,1282099
18,2026-09-03 21:24:56,"ntc2_C",-10.0986469151139,1278386
18,2026-09-03 21:24:56,"testSB_C",-10.1091247573624,1278229
19,2026-09-03 21:24:56,"ntc1_C",-10.1173346908216,1282344
19,2026-09-03 21:24:56,"ntc2_C",-10.1135274046991,1280827
19,2026-09-03 21:24:56,"testSB_C",-10.1224272944479,1283072
20,2026-09-03 21:24:56,"ntc1_C",-10.1304124505631,1280830
20,2026-09-03 21:24:56,"ntc2_C",-10.1270364400663,1282777
20,2026-09-03 21:24:56,"testSB_C",-10.1298429162666,1278955
21,2026-09-03 21:24:56,"ntc1_C",-10.1486936538931,1279247
21,2026-09-03 21:24:56,"ntc2_C",-10.1428813683223,1282142
21,2026-09-03 21:24:56,"testSB_C",-10.1540523865901,1282915
22,2026-09-03 21:24:56,"ntc1_C",-10.1566466349128,1283269
22,2026-09-03 21:24:56,"ntc2_C",-10.1495597636516,1284180
22,2026-09-03 21:24:56,"testSB_C",-10.1527995455574,1280872
23,2026-09-03 21:24:56,"ntc1_C",-10.1521785529936,1285580
23,2026-09-03 21:24:56,"ntc2_C",-10.1518780295556,1282414
23,2026-09-03 21:24:56,"testSB_C",-10.170328521581,1280977
24,2026-09-03 21:24:56,"ntc1_C",-10.1618055510665,1283588
24,2026-09-03 21:24:56,"ntc2_C",-10.1528899967108,1285023
24,2026-09-03 21:24:56,"testSB_C",-10.1525982134738,1280206
1,2026-09-04 00:24:56,"ntc1_C",-13.2220374437627,1450369
1,2026-09-04 00:24:56,"testSB_C",-13.1928563994709,1451718
2,2026-09-04 00:24:56,"ntc1_C",-13.1650815611027,1449213
2,2026-09-04 00:24:56,"ntc2_C",-13.1672423398363,1448930
2,2026-09-04 00:24:56,"testSB_C",-13.1527783502535,1450923
3,2026-09-04 00:24:56,"ntc1_C",-13.1264554593411,1449168
3,2026-09-04 00:24:56,"ntc2_C",-13.1228215780117,1447642
3,2026-09-04 00:24:56,"testSB_C",-13.1303615420466,1447405
4,2026-09-04 00:24:56,"ntc1_C",-13.1046424033078,1447271
4,2026-09-04 00:24:56,"ntc2_C",-13.1047870184493,1443825
4,2026-09-04 00:24:56,"testSB_C",-13.1119322134433,1444496
5,2026-09-04 00:24:56,"ntc1_C",-13.103160145194,1444346
5,2026-09-04 00:24:56,"ntc2_C",-13.0910489294899,1445363
5,2026-09-04 00:24:56,"testSB_C",-13.0902025712617,1446492
6,2026-09-04 00:24:56,"ntc1_C",-13.0872923274692,1443975
6,2026-09-04 00:24:56,"ntc2_C",-13.0886850056921,1445914
6,2026-09-04 00:24:56,"testSB_C",-13.0968391254795,1446637
7,2026-09-04 00:24:56,"ntc1_C",-13.0734381882307,1443294
7,2026-09-04 00:24:56,"ntc2_C",-13.0782110919685,1446019
7,2026-09-04 00:24:56,"testSB_C",-13.0772963931556,1445851
8,2026-09-04 00:24:56,"ntc1_C",-13.0692841815212,1448323
8,2026-09-04 00:24:56,"ntc2_C",-13.072211118381,1442767
8,2026-09-04 00:24:56,"testSB_C",-13.066807641469,1439915
9,2026-09-04 00:24:56,"ntc1_C",-13.063454865255,1441781
9,2026-09-04 00:24:56,"ntc2_C",-13.061580694213,1446855
9,2026-09-04 00:24:56,"testSB_C",-13.0650121714314,1444668
10,2026-09-04 00:24:56,"ntc1_C",-13.0675229275128,1445285
10,2026-09-04 00:24:56,"ntc2_C",-13.0716628580496,1441984
10,2026-09-04 00:24:56,"testSB_C",-13.0835394365261,1443793
11,2026-09-04 00:24:56,"ntc1_C",-13.0711576307287,1445765
11,2026-09-04 00:24:56,"ntc2_C",-13.0675752524143,1445064
11,2026-09-04 00:24:56,"testSB_C",-13.0658878904756,1442964
12,2026-09-04 00:24:56,"ntc1_C",-13.0617660242393,1444064
12,2026-09-04 00:24:56,"ntc2_C",-13.0635488331466,1443368
12,2026-09-04 00:24:56,"testSB_C",-13.0620397044222,1443141
13,2026-09-04 00:24:56,"ntc1_C",-13.0611322972713,1448229
13,2026-09-04 00:24:56,"ntc2_C",-13.0570686590486,1440808
13,2026-09-04 00:24:56,"testSB_C",-13.0622974071487,1443391
14,2026-09-04 00:24:56,"ntc1_C",-13.0572637679228,1441505
14,2026-09-04 00:24:56,"ntc2_C",-13.0537389130948,1444756
14,2026-09-04 00:24:56,"testSB_C",-13.0552663167354,1444749
15,2026-09-04 00:24:56,"ntc1_C",-13.0487624608397,1439835
15,2026-09-04 00:24:56,"ntc2_C",-13.0457612054719,1444820
15,2026-09-04 00:24:56,"testSB_C",-13.0484638539443,1445244
16,2026-09-04 00:24:56,"ntc1_C",-13.0487641126027,1441551
16,2026-09-04 00:24:56,"ntc2_C",-13.0572025317698,1441272
16,2026-09-04 00:24:56,"testSB_C",-13.0525015895768,1440945
17,2026-09-04 00:24:56,"ntc1_C",-13.0585613693496,1442002
17,2026-09-04 00:24:56,"ntc2_C",-13.0566239763263,1441132
17,2026-09-04 00:24:56,"testSB_C",-13.05533144848,1445507
18,2026-09-04 00:24:56,"ntc1_C",-13.0541866706969,1445903
18,2026-09-04 00:24:56,"ntc2_C",-13.0478256593452,1441762
18,2026-09-04 00:24:56,"testSB_C",-13.0522373131061,1441435
19,2026-09-04 00:24:56,"ntc1_C",-13.0556701523867,1445732
19,2026-09-04 00:24:56,"ntc2_C",-13.0524776581117,1444079
19,2026-09-04 00:24:56,"testSB_C",-13.0573918020808,1446384
20,2026-09-04 00:24:56,"ntc1_C",-13.0591252336826,1443514
20,2026-09-04 00:24:56,"ntc2_C",-13.0551007056234,1445649
20,2026-09-04 00:24:56,"testSB_C",-13.0513773692041,1440948
21,2026-09-04 00:24:56,"ntc1_C",-13.0640362689566,1440773
21,2026-09-04 00:24:56,"ntc2_C",-13.0581403816435,1444141
21,2026-09-04 00:24:56,"testSB_C",-13.056617861848,1444289
22,2026-09-04 00:24:56,"ntc1_C",-13.0581042368257,1444613
22,2026-09-04 00:24:56,"ntc2_C",-13.0538541356488,1445725
22,2026-09-04 00:24:56,"testSB_C",-13.0460034290275,1441439
23,2026-09-04 00:24:56,"ntc1_C",-13.0453197880091,1446662
23,2026-09-04 00:24:56,"ntc2_C",-13.0527683435405,1443608
23,2026-09-04 00:24:56,"testSB_C",-13.0579873905243,1441053
24,2026-09-04 00:24:56,"ntc1_C",-13.0386534360791,1443538
24,2026-09-04 00:24:56,"ntc2_C",-13.0287707067879,1445054
24,2026-09-04 00:24:56,"testSB_C",-13.0133523423456,1438736
1,2026-09-04 03:24:56,"ntc1_C",-22.6787865336769,2128571
1,2026-09-04 03:24:56,"testSB_C",-22.616614639296,2127405
2,2026-09-04 03:24:56,"ntc1_C",-22.5387632791567,2119752
2,2026-09-04 03:24:56,"ntc2_C",-22.4663581817366,2112962
2,2026-09-04 03:24:56,"testSB_C",-22.4875733401212,2118049
3,2026-09-04 03:24:56,"ntc1_C",-22.4975727715326,2118951
3,2026-09-04 03:24:56,"ntc2_C",-22.4481996544064,2113212
3,2026-09-04 03:24:56,"testSB_C",-22.3875879060827,2106781
4,2026-09-04 03:24:56,"ntc1_C",-22.3835886401387,2108721
4,2026-09-04 03:24:56,"ntc2_C",-22.3671191148908,2102257
4,2026-09-04 03:24:56,"testSB_C",-22.3214321186308,2098745
5,2026-09-04 03:24:56,"ntc1_C",-22.3175905230119,2099329
5,2026-09-04 03:24:56,"ntc2_C",-22.3110805279887,2100875
5,2026-09-04 03:24:56,"testSB_C",-22.3010236025654,2101772
6,2026-09-04 03:24:56,"ntc1_C",-22.2720289980901,2095462
6,2026-09-04 03:24:56,"ntc2_C",-22.3040693536792,2101339
6,2026-09-04 03:24:56,"testSB_C",-22.253256013787,2097197
7,2026-09-04 03:24:56,"ntc1_C",-22.22310924886,2092309
7,2026-09-04 03:24:56,"ntc2_C",-22.2842924748577,2100901
7,2026-09-04 03:24:56,"testSB_C",-22.2311298091671,2095957
8,2026-09-04 03:24:56,"ntc1_C",-22.1957170087866,2097299
8,2026-09-04 03:24:56,"ntc2_C",-22.1845455833842,2088190
8,2026-09-04 03:24:56,"testSB_C",-22.2336634183841,2088734
9,2026-09-04 03:24:56,"ntc1_C",-22.1548506214287,2084833
9,2026-09-04 03:24:56,"ntc2_C",-22.177342498106,2094552
9,2026-09-04 03:24:56,"testSB_C",-22.1371247369063,2087694
10,2026-09-04 03:24:56,"ntc1_C",-22.1442865759031,2088483
10,2026-09-04 03:24:56,"ntc2_C",-22.1553612578604,2084668
10,2026-09-04 03:24:56,"testSB_C",-22.1349925500479,2084713
11,2026-09-04 03:24:56,"ntc1_C",-22.103679748246,2085500
11,2026-09-04 03:24:56,"ntc2_C",-22.1372357238014,2087820
11,2026-09-04 03:24:56,"testSB_C",-22.0841393696376,2080502
12,2026-09-04 03:24:56,"ntc1_C",-22.1453094934258,2087376
12,2026-09-04 03:24:56,"ntc2_C",-22.0888162764746,2081534
12,2026-09-04 03:24:56,"testSB_C",-22.0562219177839,2078880
13,2026-09-04 03:24:56,"ntc1_C",-22.0608255201971,2086322
13,2026-09-04 03:24:56,"ntc2_C",-22.042487302363,2074983
13,2026-09-04 03:24:56,"testSB_C",-22.0324801786417,2077178
14,2026-09-04 03:24:56,"ntc1_C",-22.0335613021373,2074818
14,2026-09-04 03:24:56,"ntc2_C",-22.0289751520467,2079232
14,2026-09-04 03:24:56,"testSB_C",-22.0154267954893,2078063
15,2026-09-04 03:24:56,"ntc1_C",-22.0013858738802,2070409
15,2026-09-04 03:24:56,"ntc2_C",-21.9960347409477,2077666
15,2026-09-04 03:24:56,"testSB_C",-21.9981324898149,2078079
16,2026-09-04 03:24:56,"ntc1_C",-21.9530318329535,2069192
16,2026-09-04 03:24:56,"ntc2_C",-21.9595009501901,2068807
16,2026-09-04 03:24:56,"testSB_C",-21.9734070468408,2069918
17,2026-09-04 03:24:56,"ntc1_C",-21.9636235902575,2069841
17,2026-09-04 03:24:56,"ntc2_C",-21.9448756971451,2066930
17,2026-09-04 03:24:56,"testSB_C",-21.9077314262158,2070204
18,2026-09-04 03:24:56,"ntc1_C",-21.9361691112227,2072996
18,2026-09-04 03:24:56,"ntc2_C",-21.9318378633025,2067075
18,2026-09-04 03:24:56,"testSB_C",-21.9146574994851,2065669
19,2026-09-04 03:24:56,"ntc1_C",-21.9054510899782,2070482
19,2026-09-04 03:24:56,"ntc2_C",-21.9268792429498,2070253
19,2026-09-04 03:24:56,"testSB_C",-21.9099925828098,2071747
20,2026-09-04 03:24:56,"ntc1_C",-21.8981946139582,2066692
20,2026-09-04 03:24:56,"ntc2_C",-21.9254277369915,2072212
20,2026-09-04 03:24:56,"testSB_C",-21.8873861134617,2062678
21,2026-09-04 03:24:56,"ntc1_C",-21.8857132564812,2060707
21,2026-09-04 03:24:56,"ntc2_C",-21.9081748541611,2068221
21,2026-09-04 03:24:56,"testSB_C",-21.8252957143318,2061761
22,2026-09-04 03:24:56,"ntc1_C",-21.8448009335054,2063720
22,2026-09-04 03:24:56,"ntc2_C",-21.8671099153895,2067192
22,2026-09-04 03:24:56,"testSB_C",-21.8122137659435,2057643
23,2026-09-04 03:24:56,"ntc1_C",-21.829101321111,2066073
23,2026-09-04 03:24:56,"ntc2_C",-21.8623103519882,2064194
23,2026-09-04 03:24:56,"testSB_C",-21.820863595163,2055664
24,2026-09-04 03:24:56,"ntc1_C",-21.8016455965524,2060299
24,2026-09-04 03:24:56,"ntc2_C",-21.7965947616137,2062685
24,2026-09-04 03:24:56,"testSB_C",-21.7800354007224,2053660
1,2026-09-04 06:24:56,"ntc1_C",-23.6245308182675,2210687
1,2026-09-04 06:24:56,"testSB_C",-23.550007174688,2208372
2,2026-09-04 06:24:56,"ntc1_C",-23.4467511368402,2198246
2,2026-09-04 06:24:56,"ntc2_C",-23.4167370821923,2194942
2,2026-09-04 06:24:56,"testSB_C",-23.4136197886913,2197989
3,2026-09-04 06:24:56,"ntc1_C",-23.3754595044034,2194727
3,2026-09-04 06:24:56,"ntc2_C",-23.345114959852,2190501
3,2026-09-04 06:24:56,"testSB_C",-23.3034598564373,2185482
4,2026-09-04 06:24:56,"ntc1_C",-23.2902974915145,2186717
4,2026-09-04 06:24:56,"ntc2_C",-23.2768202334401,2180285
4,2026-09-04 06:24:56,"testSB_C",-23.25592858933,2178812
5,2026-09-04 06:24:56,"ntc1_C",-23.2546332034016,2179676
5,2026-09-04 06:24:56,"ntc2_C",-23.2430183474883,2180792
5,2026-09-04 06:24:56,"testSB_C",-23.236059320432,2181995
6,2026-09-04 06:24:56,"ntc1_C",-23.2149881538857,2176090
6,2026-09-04 06:24:56,"ntc2_C",-23.2185937860227,2179748
6,2026-09-04 06:24:56,"testSB_C",-23.2064221351446,2178818
7,2026-09-04 06:24:56,"ntc1_C",-23.1752966341653,2173722
7,2026-09-04 06:24:56,"ntc2_C",-23.2005401987858,2179475
7,2026-09-04 06:24:56,"testSB_C",-23.1713264034963,2176420
8,2026-09-04 06:24:56,"ntc1_C",-23.1342004963126,2177658
8,2026-09-04 06:24:56,"ntc2_C",-23.151502011059,2170702
8,2026-09-04 06:24:56,"testSB_C",-23.1741972187902,2168979
9,2026-09-04 06:24:56,"ntc1_C",-23.148893431441,2169550
9,2026-09-04 06:24:56,"ntc2_C",-23.153761777074,2178143
9,2026-09-04 06:24:56,"testSB_C",-23.1506033046718,2174251
10,2026-09-04 06:24:56,"ntc1_C",-23.128592718404,2172479
10,2026-09-04 06:24:56,"ntc2_C",-23.1438790782665,2168928
10,2026-09-04 06:24:56,"testSB_C",-23.1440458046595,2170788
11,2026-09-04 06:24:56,"ntc1_C",-23.115495335954,2171793
11,2026-09-04 06:24:56,"ntc2_C",-23.1160321008057,2171353
11,2026-09-04 06:24:56,"testSB_C",-23.0835910846909,2165556
12,2026-09-04 06:24:56,"ntc1_C",-23.1168299862088,2170240
12,2026-09-04 06:24:56,"ntc2_C",-23.0850862305528,2166333
12,2026-09-04 06:24:56,"testSB_C",-23.073582722382,2165442
13,2026-09-04 06:24:56,"ntc1_C",-23.0663189513435,2172109
13,2026-09-04 06:24:56,"ntc2_C",-23.030319086965,2158860
13,2026-09-04 06:24:56,"testSB_C",-23.0679977382963,2165241
14,2026-09-04 06:24:56,"ntc1_C",-23.0571512186497,2161742
14,2026-09-04 06:24:56,"ntc2_C",-23.0490128682958,2165998
14,2026-09-04 06:24:56,"testSB_C",-23.0538131521247,2166375
15,2026-09-04 06:24:56,"ntc1_C",-23.0458222782717,2158957
15,2026-09-04 06:24:56,"ntc2_C",-23.0494809454563,2167324
15,2026-09-04 06:24:56,"testSB_C",-23.0462993525352,2167271
16,2026-09-04 06:24:56,"ntc1_C",-22.992116295545,2157271
16,2026-09-04 06:24:56,"ntc2_C",-23.0147374638329,2158286
16,2026-09-04 06:24:56,"testSB_C",-22.9995887382379,2156931
17,2026-09-04 06:24:56,"ntc1_C",-23.0158376774947,2159075
17,2026-09-04 06:24:56,"ntc2_C",-23.0199845122706,2157991
17,2026-09-04 06:24:56,"testSB_C",-23.0077443003362,2163559
18,2026-09-04 06:24:56,"ntc1_C",-23.0050857527252,2163745
18,2026-09-04 06:24:56,"ntc2_C",-22.9790416423133,2155684
18,2026-09-04 06:24:56,"testSB_C",-22.9947193009241,2157159
19,2026-09-04 06:24:56,"ntc1_C",-22.9917234122828,2162688
19,2026-09-04 06:24:56,"ntc2_C",-22.9885120155131,2160320
19,2026-09-04 06:24:56,"testSB_C",-22.9851931105792,2163055
20,2026-09-04 06:24:56,"ntc1_C",-22.972876782551,2157771
20,2026-09-04 06:24:56,"ntc2_C",-22.9932952711523,2162910
20,2026-09-04 06:24:56,"testSB_C",-22.968677832031,2154143
21,2026-09-04 06:24:56,"ntc1_C",-22.98364392484,2153466
21,2026-09-04 06:24:56,"ntc2_C",-22.983402342648,2159371
21,2026-09-04 06:24:56,"testSB_C",-22.9668517557726,2158381
22,2026-09-04 06:24:56,"ntc1_C",-22.974290391996,2159384
22,2026-09-04 06:24:56,"ntc2_C",-22.9581620581431,2159641
22,2026-09-04 06:24:56,"testSB_C",-22.9691855075401,2155436
23,2026-09-04 06:24:56,"ntc1_C",-22.9576623992699,2161721
23,2026-09-04 06:24:56,"ntc2_C",-22.9731059111613,2158269
23,2026-09-04 06:24:56,"testSB_C",-22.9780326328899,2153168
24,2026-09-04 06:24:56,"ntc1_C",-22.9545011809024,2157850
24,2026-09-04 06:24:56,"ntc2_C",-22.9239862544311,2158120
24,2026-09-04 06:24:56,"testSB_C",-22.9235311947087,2150094
1,2026-09-04 09:24:56,"ntc1_C",-21.637441292807,2041367
1,2026-09-04 09:24:56,"testSB_C",-21.5518026042477,2038341
2,2026-09-04 09:24:56,"ntc1_C",-21.7041758796668,2049862
2,2026-09-04 09:24:56,"ntc2_C",-21.6088859596377,2041400
2,2026-09-04 09:24:56,"testSB_C",-21.5588274055187,2040544
3,2026-09-04 09:24:56,"ntc1_C",-19.6785848557305,1891554
3,2026-09-04 09:24:56,"ntc2_C",-20.2362322167027,1933156
3,2026-09-04 09:24:56,"testSB_C",-20.374498323859,1942838
4,2026-09-04 09:24:56,"ntc1_C",-20.0345298160813,1918366
4,2026-09-04 09:24:56,"ntc2_C",-19.9460289488859,1906912
4,2026-09-04 09:24:56,"testSB_C",-20.6383781243771,1961304
5,2026-09-04 09:24:56,"ntc1_C",-20.4380438467464,1946288
5,2026-09-04 09:24:56,"ntc2_C",-20.1793582681136,1928067
5,2026-09-04 09:24:56,"testSB_C",-20.4055211893648,1947372
6,2026-09-04 09:24:56,"ntc1_C",-20.6617845108864,1964071
6,2026-09-04 09:24:56,"ntc2_C",-20.1698360899433,1928303
6,2026-09-04 09:24:56,"testSB_C",-20.4745925878709,1952333
7,2026-09-04 09:24:56,"ntc1_C",-20.5975126042713,1959747
7,2026-09-04 09:24:56,"ntc2_C",-19.6533156044789,1889511
7,2026-09-04 09:24:56,"testSB_C",-20.4964646935613,1954616
8,2026-09-04 09:24:56,"ntc1_C",-20.5620802553891,1963858
8,2026-09-04 09:24:56,"ntc2_C",-20.5448773848861,1954811
8,2026-09-04 09:24:56,"testSB_C",-19.8382777519872,1896520
9,2026-09-04 09:24:56,"ntc1_C",-20.4469374811611,1946321
9,2026-09-04 09:24:56,"ntc2_C",-19.9764111422701,1916806
9,2026-09-04 09:24:56,"testSB_C",-20.4402903546043,1949810
10,2026-09-04 09:24:56,"ntc1_C",-20.3615920538346,1943889
10,2026-09-04 09:24:56,"ntc2_C",-19.8645731299393,1900834
10,2026-09-04 09:24:56,"testSB_C",-20.5158390877475,1953113
11,2026-09-04 09:24:56,"ntc1_C",-20.4600976333951,1952003
11,2026-09-04 09:24:56,"ntc2_C",-19.9768382734528,1913789
11,2026-09-04 09:24:56,"testSB_C",-20.2976899347343,1936072
12,2026-09-04 09:24:56,"ntc1_C",-19.8230373539606,1900946
12,2026-09-04 09:24:56,"ntc2_C",-20.0455733900941,1917081
12,2026-09-04 09:24:56,"testSB_C",-20.3946784922476,1944311
13,2026-09-04 09:24:56,"ntc1_C",-20.2322543833977,1938235
13,2026-09-04 09:24:56,"ntc2_C",-20.1089145934761,1919412
13,2026-09-04 09:24:56,"testSB_C",-20.2026282235045,1929563
14,2026-09-04 09:24:56,"ntc1_C",-20.0544222794036,1915800
14,2026-09-04 09:24:56,"ntc2_C",-19.824911476486,1902560
14,2026-09-04 09:24:56,"testSB_C",-20.0839435439504,1922531
15,2026-09-04 09:24:56,"ntc1_C",-20.2588504684609,1930077
15,2026-09-04 09:24:56,"ntc2_C",-19.6680889892715,1891514
15,2026-09-04 09:24:56,"testSB_C",-19.6086501611228,1887232
16,2026-09-04 09:24:56,"ntc1_C",-20.2811621506905,1934387
16,2026-09-04 09:24:56,"ntc2_C",-20.0024923630511,1911836
16,2026-09-04 09:24:56,"testSB_C",-20.1548360822157,1923600
17,2026-09-04 09:24:56,"ntc1_C",-19.9006837398109,1904667
17,2026-09-04 09:24:56,"ntc2_C",-19.8005621594737,1895788
17,2026-09-04 09:24:56,"testSB_C",-20.3096059179373,1941156
18,2026-09-04 09:24:56,"ntc1_C",-19.9685896911816,1915045
18,2026-09-04 09:24:56,"ntc2_C",-19.8133912368027,1897992
18,2026-09-04 09:24:56,"testSB_C",-19.9002842599551,1904511
19,2026-09-04 09:24:56,"ntc1_C",-19.9788522441247,1915791
19,2026-09-04 09:24:56,"ntc2_C",-19.9657612037445,1912901
19,2026-09-04 09:24:56,"testSB_C",-19.904429396238,1910841
20,2026-09-04 09:24:56,"ntc1_C",-19.8733972675599,1904641
20,2026-09-04 09:24:56,"ntc2_C",-19.4563668818629,1875764
20,2026-09-04 09:24:56,"testSB_C",-19.7369751815248,1891322
21,2026-09-04 09:24:56,"ntc1_C",-19.737320167849,1889769
21,2026-09-04 09:24:56,"ntc2_C",-19.4034252183681,1869472
21,2026-09-04 09:24:56,"testSB_C",-20.0539963528508,1919689
22,2026-09-04 09:24:56,"ntc1_C",-19.6513220509302,1888998
22,2026-09-04 09:24:56,"ntc2_C",-19.5387417674423,1881967
22,2026-09-04 09:24:56,"testSB_C",-20.0223325709527,1914372
23,2026-09-04 09:24:56,"ntc1_C",-19.8617606938853,1908596
23,2026-09-04 09:24:56,"ntc2_C",-19.3488855754834,1865123
23,2026-09-04 09:24:56,"testSB_C",-20.0367634843025,1913245
24,2026-09-04 09:24:56,"ntc1_C",-20.0460497432475,1919519
24,2026-09-04 09:24:56,"ntc2_C",-19.5315484738008,1882600
24,2026-09-04 09:24:56,"testSB_C",-19.7520382758152,1892381
1,2026-09-04 12:24:56,"ntc1_C",-14.7661109372135,1544710
1,2026-09-04 12:24:56,"testSB_C",-14.4560280711027,1528492
2,2026-09-04 12:24:56,"ntc1_C",-14.7839100739553,1548176
2,2026-09-04 12:24:56,"ntc2_C",-14.4623251268265,1527562
2,2026-09-04 12:24:56,"testSB_C",-14.1384060892991,1510410
3,2026-09-04 12:24:56,"ntc1_C",-13.8055598323763,1489872
3,2026-09-04 12:24:56,"ntc2_C",-13.3490887837458,1461072
3,2026-09-04 12:24:56,"testSB_C",-14.2729683665407,1516452
4,2026-09-04 12:24:56,"ntc1_C",-12.9404464082103,1437605
4,2026-09-04 12:24:56,"ntc2_C",-12.8386213320733,1428228
4,2026-09-04 12:24:56,"testSB_C",-13.715777601236,1480525
5,2026-09-04 12:24:56,"ntc1_C",-13.1470619183365,1446937
5,2026-09-04 12:24:56,"ntc2_C",-12.9425610838143,1436632
5,2026-09-04 12:24:56,"testSB_C",-13.4333448863595,1466888
6,2026-09-04 12:24:56,"ntc1_C",-13.2486851700593,1453511
6,2026-09-04 12:24:56,"ntc2_C",-12.8481737303296,1431790
6,2026-09-04 12:24:56,"testSB_C",-14.6551676989756,1541558
7,2026-09-04 12:24:56,"ntc1_C",-12.9149305806472,1433985
7,2026-09-04 12:24:56,"ntc2_C",-12.8195800466721,1430833
7,2026-09-04 12:24:56,"testSB_C",-13.1532400257324,1450338
8,2026-09-04 12:24:56,"ntc1_C",-13.3567833910678,1465416
8,2026-09-04 12:24:56,"ntc2_C",-13.6230716381469,1475567
8,2026-09-04 12:24:56,"testSB_C",-13.051386524264,1439009
9,2026-09-04 12:24:56,"ntc1_C",-13.000122215737,1438060
9,2026-09-04 12:24:56,"ntc2_C",-12.7286812032801,1427323
9,2026-09-04 12:24:56,"testSB_C",-14.3953990984622,1525268
10,2026-09-04 12:24:56,"ntc1_C",-13.2995821179566,1459032
10,2026-09-04 12:24:56,"ntc2_C",-12.9789812758584,1436540
10,2026-09-04 12:24:56,"testSB_C",-13.1921219906108,1450206
11,2026-09-04 12:24:56,"ntc1_C",-13.2564462407383,1456734
11,2026-09-04 12:24:56,"ntc2_C",-13.1489460927779,1449870
11,2026-09-04 12:24:56,"testSB_C",-13.1217206880474,1446255
12,2026-09-04 12:24:56,"ntc1_C",-12.7510911625175,1425876
12,2026-09-04 12:24:56,"ntc2_C",-12.605817572994,1416662
12,2026-09-04 12:24:56,"testSB_C",-14.9232794223727,1556975
13,2026-09-04 12:24:56,"ntc1_C",-13.4423110729822,1470925
13,2026-09-04 12:24:56,"ntc2_C",-12.7585047958257,1423354
13,2026-09-04 12:24:56,"testSB_C",-13.1160717719149,1446562
14,2026-09-04 12:24:56,"ntc1_C",-13.268656396132,1453990
14,2026-09-04 12:24:56,"ntc2_C",-13.1385516442193,1449763
14,2026-09-04 12:24:56,"testSB_C",-13.1975774324276,1453162
15,2026-09-04 12:24:56,"ntc1_C",-13.4062920146328,1460987
15,2026-09-04 12:24:56,"ntc2_C",-13.1363896872181,1450174
15,2026-09-04 12:24:56,"testSB_C",-13.1505945189608,1451280
16,2026-09-04 12:24:56,"ntc1_C",-13.4561705301975,1465720
16,2026-09-04 12:24:56,"ntc2_C",-12.9545756015397,1435246
16,2026-09-04 12:24:56,"testSB_C",-13.2820322843596,1454511
17,2026-09-04 12:24:56,"ntc1_C",-13.3076466040298,1456735
17,2026-09-04 12:24:56,"ntc2_C",-13.1552978805485,1446945
17,2026-09-04 12:24:56,"testSB_C",-13.341959800918,1462510
18,2026-09-04 12:24:56,"ntc1_C",-13.4567496841984,1469838
18,2026-09-04 12:24:56,"ntc2_C",-13.4595230570824,1466167
18,2026-09-04 12:24:56,"testSB_C",-13.5229185104399,1469397
19,2026-09-04 12:24:56,"ntc1_C",-13.6155814588641,1479142
19,2026-09-04 12:24:56,"ntc2_C",-13.3801048442076,1463517
19,2026-09-04 12:24:56,"testSB_C",-13.1304950802071,1450706
20,2026-09-04 12:24:56,"ntc1_C",-13.2910847479801,1457247
20,2026-09-04 12:24:56,"ntc2_C",-13.2622933776216,1457926
20,2026-09-04 12:24:56,"testSB_C",-13.3144381611727,1456502
21,2026-09-04 12:24:56,"ntc1_C",-13.1679550068841,1446892
21,2026-09-04 12:24:56,"ntc2_C",-13.3642867497141,1462295
21,2026-09-04 12:24:56,"testSB_C",-13.0658786861204,1444835
22,2026-09-04 12:24:56,"ntc1_C",-12.8845942015769,1434419
22,2026-09-04 12:24:56,"ntc2_C",-12.6749140569255,1423547
22,2026-09-04 12:24:56,"testSB_C",-13.1170161254478,1445623
23,2026-09-04 12:24:56,"ntc1_C",-13.366631860198,1465749
23,2026-09-04 12:24:56,"ntc2_C",-12.7459709646366,1425645
23,2026-09-04 12:24:56,"testSB_C",-12.8719303325769,1430163
24,2026-09-04 12:24:56,"ntc1_C",-13.0229150373056,1442611
24,2026-09-04 12:24:56,"ntc2_C",-12.9769417821136,1442001
24,2026-09-04 12:24:56,"testSB_C",-12.9940116264365,1437601
1,2026-09-04 15:24:56,"ntc1_C",-12.4656025300108,1406254
1,2026-09-04 15:24:56,"testSB_C",-12.4149650315367,1406351
2,2026-09-04 15:24:56,"ntc1_C",-12.407518161245,1405076
2,2026-09-04 15:24:56,"ntc2_C",-11.7871311916344,1369548
2,2026-09-04 15:24:56,"testSB_C",-12.0761155008902,1388593
3,2026-09-04 15:24:56,"ntc1_C",-11.49950247326,1356088
3,2026-09-04 15:24:56,"ntc2_C",-11.2207455199947,1339492
3,2026-09-04 15:24:56,"testSB_C",-10.7968934115676,1315951
4,2026-09-04 15:24:56,"ntc1_C",-11.1386945644985,1335670
4,2026-09-04 15:24:56,"ntc2_C",-11.2148064213854,1336645
4,2026-09-04 15:24:56,"testSB_C",-10.799675870391,1314421
5,2026-09-04 15:24:56,"ntc1_C",-10.9768153206185,1324233
5,2026-09-04 15:24:56,"ntc2_C",-11.0609553374124,1330442
5,2026-09-04 15:24:56,"testSB_C",-10.5958751350095,1306481
6,2026-09-04 15:24:56,"ntc1_C",-11.1270807546032,1333006
6,2026-09-04 15:24:56,"ntc2_C",-11.1002960122451,1333191
6,2026-09-04 15:24:56,"testSB_C",-10.6332260889978,1308278
7,2026-09-04 15:24:56,"ntc1_C",-10.7057538820644,1310305
7,2026-09-04 15:24:56,"ntc2_C",-11.2816849641969,1343757
7,2026-09-04 15:24:56,"testSB_C",-10.847314673446,1320086
8,2026-09-04 15:24:56,"ntc1_C",-10.9212236333595,1326736
8,2026-09-04 15:24:56,"ntc2_C",-10.6055197362294,1304573
8,2026-09-04 15:24:56,"testSB_C",-11.1648370230888,1332351
9,2026-09-04 15:24:56,"ntc1_C",-10.7559318605042,1312208
9,2026-09-04 15:24:56,"ntc2_C",-10.6895955013763,1313292
9,2026-09-04 15:24:56,"testSB_C",-10.8765377433996,1321184
10,2026-09-04 15:24:56,"ntc1_C",-10.7429769597935,1314501
10,2026-09-04 15:24:56,"ntc2_C",-11.0146524978231,1325855
10,2026-09-04 15:24:56,"testSB_C",-10.8912838100445,1320193
11,2026-09-04 15:24:56,"ntc1_C",-10.803512962828,1318003
11,2026-09-04 15:24:56,"ntc2_C",-10.8021654848188,1317451
11,2026-09-04 15:24:56,"testSB_C",-10.8544384141737,1318444
12,2026-09-04 15:24:56,"ntc1_C",-11.304942323956,1344171
12,2026-09-04 15:24:56,"ntc2_C",-10.8773951260077,1320187
12,2026-09-04 15:24:56,"testSB_C",-11.0446836805282,1329069
13,2026-09-04 15:24:56,"ntc1_C",-11.119551914603,1337917
13,2026-09-04 15:24:56,"ntc2_C",-10.6640306431291,1306700
13,2026-09-04 15:24:56,"testSB_C",-10.693831226632,1310386
14,2026-09-04 15:24:56,"ntc1_C",-10.5813266283019,1302992
14,2026-09-04 15:24:56,"ntc2_C",-10.735269887308,1314358
14,2026-09-04 15:24:56,"testSB_C",-10.8871603938004,1322413
15,2026-09-04 15:24:56,"ntc1_C",-10.758423120384,1311388
15,2026-09-04 15:24:56,"ntc2_C",-10.9795366115465,1327956
15,2026-09-04 15:24:56,"testSB_C",-11.0622250899821,1332700
16,2026-09-04 15:24:56,"ntc1_C",-10.9768052189302,1324638
16,2026-09-04 15:24:56,"ntc2_C",-10.4241281208167,1294360
16,2026-09-04 15:24:56,"testSB_C",-10.7108234512386,1309547
17,2026-09-04 15:24:56,"ntc1_C",-10.4548325898598,1296609
17,2026-09-04 15:24:56,"ntc2_C",-10.7053268261253,1309293
17,2026-09-04 15:24:56,"testSB_C",-10.5712836830266,1306158
18,2026-09-04 15:24:56,"ntc1_C",-10.5733878687669,1306733
18,2026-09-04 15:24:56,"ntc2_C",-11.007006994262,1326625
18,2026-09-04 15:24:56,"testSB_C",-10.859781763482,1318007
19,2026-09-04 15:24:56,"ntc1_C",-10.7020636048718,1313312
19,2026-09-04 15:24:56,"ntc2_C",-10.97464101302,1326645
19,2026-09-04 15:24:56,"testSB_C",-10.7266457111855,1315109
20,2026-09-04 15:24:56,"ntc1_C",-10.6135109745005,1306340
20,2026-09-04 15:24:56,"ntc2_C",-11.088461277113,1334121
20,2026-09-04 15:24:56,"testSB_C",-10.545370731447,1300830
21,2026-09-04 15:24:56,"ntc1_C",-10.6075136040312,1303408
21,2026-09-04 15:24:56,"ntc2_C",-11.2479319092556,1341289
21,2026-09-04 15:24:56,"testSB_C",-10.7623529242669,1315166
22,2026-09-04 15:24:56,"ntc1_C",-10.5934796039555,1306352
22,2026-09-04 15:24:56,"ntc2_C",-10.8401574245568,1320872
22,2026-09-04 15:24:56,"testSB_C",-11.1954884174244,1336561
23,2026-09-04 15:24:56,"ntc1_C",-11.3574542661148,1350382
23,2026-09-04 15:24:56,"ntc2_C",-10.9893377504363,1327002
23,2026-09-04 15:24:56,"testSB_C",-11.0698889527399,1328836
24,2026-09-04 15:24:56,"ntc1_C",-10.7141081161913,1312853
24,2026-09-04 15:24:56,"ntc2_C",-11.140167693148,1337854
24,2026-09-04 15:24:56,"testSB_C",-10.8337429333085,1316286
1,2026-09-04 18:24:56,"ntc1_C",-15.3189949568315,1579935
1,2026-09-04 18:24:56,"testSB_C",-15.4002257910693,1588472
2,2026-09-04 18:24:56,"ntc1_C",-15.2060605808339,1575056
2,2026-09-04 18:24:56,"ntc2_C",-14.5385691505813,1532320
2,2026-09-04 18:24:56,"testSB_C",-15.1752447236963,1575578
3,2026-09-04 18:24:56,"ntc1_C",-14.3212846572896,1521535
3,2026-09-04 18:24:56,"ntc2_C",-13.9530008339166,1497523
3,2026-09-04 18:24:56,"testSB_C",-13.5573584857861,1472837
4,2026-09-04 18:24:56,"ntc1_C",-14.0901261673194,1506651
4,2026-09-04 18:24:56,"ntc2_C",-14.1098823221931,1504258
4,2026-09-04 18:24:56,"testSB_C",-13.5551312694784,1470854
5,2026-09-04 18:24:56,"ntc1_C",-13.6563886717421,1477335
5,2026-09-04 18:24:56,"ntc2_C",-14.0060597421984,1500336
5,2026-09-04 18:24:56,"testSB_C",-13.5398628619643,1473277
6,2026-09-04 18:24:56,"ntc1_C",-13.7210759663227,1481782
6,2026-09-04 18:24:56,"ntc2_C",-14.0041693593263,1500948
6,2026-09-04 18:24:56,"testSB_C",-13.5043245940066,1470886
7,2026-09-04 18:24:56,"ntc1_C",-13.4271553882552,1464284
7,2026-09-04 18:24:56,"ntc2_C",-14.203093409804,1513945
7,2026-09-04 18:24:56,"testSB_C",-13.5382218101737,1473297
8,2026-09-04 18:24:56,"ntc1_C",-13.5630805355857,1477804
8,2026-09-04 18:24:56,"ntc2_C",-13.3501472778923,1459225
8,2026-09-04 18:24:56,"testSB_C",-13.9029060693815,1489891
9,2026-09-04 18:24:56,"ntc1_C",-13.3742333676782,1460179
9,2026-09-04 18:24:56,"ntc2_C",-13.5439260906202,1475626
9,2026-09-04 18:24:56,"testSB_C",-13.4826095404035,1469504
10,2026-09-04 18:24:56,"ntc1_C",-13.3775375956286,1463679
10,2026-09-04 18:24:56,"ntc2_C",-13.892103366373,1491075
10,2026-09-04 18:24:56,"testSB_C",-13.4005306298169,1462594
11,2026-09-04 18:24:56,"ntc1_C",-13.3569296495984,1462717
11,2026-09-04 18:24:56,"ntc2_C",-13.6489165673275,1479749
11,2026-09-04 18:24:56,"testSB_C",-13.4384581804925,1465066
12,2026-09-04 18:24:56,"ntc1_C",-14.1036627386246,1506753
12,2026-09-04 18:24:56,"ntc2_C",-13.6607535864061,1478963
12,2026-09-04 18:24:56,"testSB_C",-13.6981998201398,1481094
13,2026-09-04 18:24:56,"ntc1_C",-13.6330902978353,1482416
13,2026-09-04 18:24:56,"ntc2_C",-13.5624444484201,1470837
13,2026-09-04 18:24:56,"testSB_C",-13.3986334771099,1463338
14,2026-09-04 18:24:56,"ntc1_C",-13.2213031102884,1451184
14,2026-09-04 18:24:56,"ntc2_C",-13.5924217177841,1476851
14,2026-09-04 18:24:56,"testSB_C",-13.5070034362894,1471622
15,2026-09-04 18:24:56,"ntc1_C",-13.4503710161335,1463616
15,2026-09-04 18:24:56,"ntc2_C",-13.6906224342089,1483346
15,2026-09-04 18:24:56,"testSB_C",-13.8988750582781,1496271
16,2026-09-04 18:24:56,"ntc1_C",-13.486880297844,1467558
16,2026-09-04 18:24:56,"ntc2_C",-13.2855306380085,1454769
16,2026-09-04 18:24:56,"testSB_C",-13.3766673917711,1460141
17,2026-09-04 18:24:56,"ntc1_C",-13.233165472512,1452314
17,2026-09-04 18:24:56,"ntc2_C",-13.4077969609256,1461926
17,2026-09-04 18:24:56,"testSB_C",-13.2084228950811,1454564
18,2026-09-04 18:24:56,"ntc1_C",-13.2609693635395,1458149
18,2026-09-04 18:24:56,"ntc2_C",-13.7824118299021,1485593
18,2026-09-04 18:24:56,"testSB_C",-13.4557985746143,1465377
19,2026-09-04 18:24:56,"ntc1_C",-13.326715096399,1461811
19,2026-09-04 18:24:56,"ntc2_C",-13.6767999691955,1481343
19,2026-09-04 18:24:56,"testSB_C",-13.4566967842366,1470148
20,2026-09-04 18:24:56,"ntc1_C",-13.1485656189354,1448794
20,2026-09-04 18:24:56,"ntc2_C",-13.8129975762481,1491061
20,2026-09-04 18:24:56,"testSB_C",-13.1987277523177,1449640
21,2026-09-04 18:24:56,"ntc1_C",-13.1579540634347,1446302
21,2026-09-04 18:24:56,"ntc2_C",-13.8776429107547,1493244
21,2026-09-04 18:24:56,"testSB_C",-13.2536862652515,1455952
22,2026-09-04 18:24:56,"ntc1_C",-12.9983797181652,1441096
22,2026-09-04 18:24:56,"ntc2_C",-13.4304624092399,1468106
22,2026-09-04 18:24:56,"testSB_C",-13.4022275246122,1462549
23,2026-09-04 18:24:56,"ntc1_C",-13.5505627709198,1476787
23,2026-09-04 18:24:56,"ntc2_C",-13.4150535042403,1465109
23,2026-09-04 18:24:56,"testSB_C",-13.3943636601145,1460950
24,2026-09-04 18:24:56,"ntc1_C",-13.0630307060975,1444975
24,2026-09-04 18:24:56,"ntc2_C",-13.5291955893298,1474863
24,2026-09-04 18:24:56,"testSB_C",-13.1692619724479,1447918
1,2026-09-04 21:24:56,"ntc1_C",-22.6803799642186,2128707
1,2026-09-04 21:24:56,"testSB_C",-22.5681226121947,2123273
2,2026-09-04 21:24:56,"ntc1_C",-22.4086058577781,2108711
2,2026-09-04 21:24:56,"ntc2_C",-22.3792036116995,2105585
2,2026-09-04 21:24:56,"testSB_C",-22.3247675878255,2104271
3,2026-09-04 21:24:56,"ntc1_C",-22.3566760889838,2107013
3,2026-09-04 21:24:56,"ntc2_C",-22.2973952241341,2100463
3,2026-09-04 21:24:56,"testSB_C",-22.2181860829993,2092510
4,2026-09-04 21:24:56,"ntc1_C",-22.2090541067208,2094001
4,2026-09-04 21:24:56,"ntc2_C",-22.1839038900428,2086853
4,2026-09-04 21:24:56,"testSB_C",-22.1279236742191,2082504
5,2026-09-04 21:24:56,"ntc1_C",-22.1091145366785,2081824
5,2026-09-04 21:24:56,"ntc2_C",-22.0925215015116,2082523
5,2026-09-04 21:24:56,"testSB_C",-22.0438002476962,2080179
6,2026-09-04 21:24:56,"ntc1_C",-21.9985826714139,2072595
6,2026-09-04 21:24:56,"ntc2_C",-22.0154793469184,2077134
6,2026-09-04 21:24:56,"testSB_C",-21.956573518837,2072366
7,2026-09-04 21:24:56,"ntc1_C",-21.9156167667674,2066618
7,2026-09-04 21:24:56,"ntc2_C",-21.9422954678384,2072240
7,2026-09-04 21:24:56,"testSB_C",-21.9037831717145,2068585
8,2026-09-04 21:24:56,"ntc1_C",-21.8502595143459,2068405
8,2026-09-04 21:24:56,"ntc2_C",-21.8111738538346,2057102
8,2026-09-04 21:24:56,"testSB_C",-21.8588773171622,2057519
9,2026-09-04 21:24:56,"ntc1_C",-21.7512311363395,2051304
9,2026-09-04 21:24:56,"ntc2_C",-21.7643470317954,2060083
9,2026-09-04 21:24:56,"testSB_C",-21.7262064413135,2053503
10,2026-09-04 21:24:56,"ntc1_C",-21.7104104907895,2052407
10,2026-09-04 21:24:56,"ntc2_C",-21.7020818918744,2047039
10,2026-09-04 21:24:56,"testSB_C",-21.6976880430676,2048387
11,2026-09-04 21:24:56,"ntc1_C",-21.6110342867949,2044628
11,2026-09-04 21:24:56,"ntc2_C",-21.6209326925625,2044949
11,2026-09-04 21:24:56,"testSB_C",-21.5594389584399,2037082
12,2026-09-04 21:24:56,"ntc1_C",-21.5734688969769,2039963
12,2026-09-04 21:24:56,"ntc2_C",-21.518222762803,2034344
12,2026-09-04 21:24:56,"testSB_C",-21.4985612921604,2032785
13,2026-09-04 21:24:56,"ntc1_C",-21.5011811278167,2039926
13,2026-09-04 21:24:56,"ntc2_C",-21.4765119525198,2028280
13,2026-09-04 21:24:56,"testSB_C",-21.4414039053913,2028392
14,2026-09-04 21:24:56,"ntc1_C",-21.4182480542308,2024117
14,2026-09-04 21:24:56,"ntc2_C",-21.4266301204832,2029500
14,2026-09-04 21:24:56,"testSB_C",-21.3880225461307,2026311
15,2026-09-04 21:24:56,"ntc1_C",-21.3628385711907,2017924
15,2026-09-04 21:24:56,"ntc2_C",-21.341258621944,2023662
15,2026-09-04 21:24:56,"testSB_C",-21.3205604110698,2022222
16,2026-09-04 21:24:56,"ntc1_C",-21.2875500099737,2014525
16,2026-09-04 21:24:56,"ntc2_C",-21.2912884094585,2013916
16,2026-09-04 21:24:56,"testSB_C",-21.2734946787869,2012427
17,2026-09-04 21:24:56,"ntc1_C",-21.263833741357,2012379
17,2026-09-04 21:24:56,"ntc2_C",-21.2406291015154,2009204
17,2026-09-04 21:24:56,"testSB_C",-21.2305642043682,2014584
18,2026-09-04 21:24:56,"ntc1_C",-21.2389069973491,2015692
18,2026-09-04 21:24:56,"ntc2_C",-21.2184909113726,2008640
18,2026-09-04 21:24:56,"testSB_C",-21.2253526523176,2009152
19,2026-09-04 21:24:56,"ntc1_C",-21.2280400575963,2014819
19,2026-09-04 21:24:56,"ntc2_C",-21.218690424717,2012098
19,2026-09-04 21:24:56,"testSB_C",-21.2129512459684,2014453
20,2026-09-04 21:24:56,"ntc1_C",-21.2068432584811,2009977
20,2026-09-04 21:24:56,"ntc2_C",-21.2050055381229,2013006
20,2026-09-04 21:24:56,"testSB_C",-21.1848881491845,2005177
21,2026-09-04 21:24:56,"ntc1_C",-21.2017387980045,2004789
21,2026-09-04 21:24:56,"ntc2_C",-21.1994208186232,2010080
21,2026-09-04 21:24:56,"testSB_C",-21.1905778869163,2009769
22,2026-09-04 21:24:56,"ntc1_C",-21.184147029726,2009580
22,2026-09-04 21:24:56,"ntc2_C",-21.1958991198571,2012133
22,2026-09-04 21:24:56,"testSB_C",-21.1578705737303,2004152
23,2026-09-04 21:24:56,"ntc1_C",-21.1658921491019,2011689
23,2026-09-04 21:24:56,"ntc2_C",-21.1790739412096,2008212
23,2026-09-04 21:24:56,"testSB_C",-21.1803089466488,2003441
24,2026-09-04 21:24:56,"ntc1_C",-21.151510042079,2007086
24,2026-09-04 21:24:56,"ntc2_C",-21.1283326273536,2007958
24,2026-09-04 21:24:56,"testSB_C",-21.1190014602062,1999740
1,2026-09-05 00:24:56,"ntc1_C",-26.194399350339,2448259
1,2026-09-05 00:24:56,"testSB_C",-26.0358707600743,2437587
2,2026-09-05 00:24:56,"ntc1_C",-25.9692607677215,2430128
2,2026-09-05 00:24:56,"ntc2_C",-25.8882161703635,2421618
2,2026-09-05 00:24:56,"testSB_C",-25.8420166856449,2420591
3,2026-09-05 00:24:56,"ntc1_C",-25.8697704643777,2423433
3,2026-09-05 00:24:56,"ntc2_C",-25.8065418781158,2415779
3,2026-09-05 00:24:56,"testSB_C",-25.7615888350106,2409899
4,2026-09-05 00:24:56,"ntc1_C",-25.7486304962184,2411356
4,2026-09-05 00:24:56,"ntc2_C",-25.743068221148,2405057
4,2026-09-05 00:24:56,"testSB_C",-25.7001322419198,2401346
5,2026-09-05 00:24:56,"ntc1_C",-25.6949206964735,2402021
5,2026-09-05 00:24:56,"ntc2_C",-25.6655978744165,2401446
5,2026-09-05 00:24:56,"testSB_C",-25.6522226856753,2402159
6,2026-09-05 00:24:56,"ntc1_C",-25.6396269190964,2396334
6,2026-09-05 00:24:56,"ntc2_C",-25.6356656049005,2399756
6,2026-09-05 00:24:56,"testSB_C",-25.6237074178902,2398741
7,2026-09-05 00:24:56,"ntc1_C",-25.5835089090233,2392468
7,2026-09-05 00:24:56,"ntc2_C",-25.599894044362,2397872
7,2026-09-05 00:24:56,"testSB_C",-25.5763100009563,2395007
8,2026-09-05 00:24:56,"ntc1_C",-25.5316871368908,2395622
8,2026-09-05 00:24:56,"ntc2_C",-25.5131858677573,2384661
8,2026-09-05 00:24:56,"testSB_C",-25.5400488493528,2383206
9,2026-09-05 00:24:56,"ntc1_C",-25.4717089093544,2379679
9,2026-09-05 00:24:56,"ntc2_C",-25.4839815898856,2389842
9,2026-09-05 00:24:56,"testSB_C",-25.4462086143009,2382330
10,2026-09-05 00:24:56,"ntc1_C",-25.4277984343922,2380614
10,2026-09-05 00:24:56,"ntc2_C",-25.4210540584654,2374788
10,2026-09-05 00:24:56,"testSB_C",-25.3808762601457,2373094
11,2026-09-05 00:24:56,"ntc1_C",-25.3202346517314,2371040
11,2026-09-05 00:24:56,"ntc2_C",-25.336722623914,2372116
11,2026-09-05 00:24:56,"testSB_C",-25.2981324623705,2365262
12,2026-09-05 00:24:56,"ntc1_C",-25.323269159282,2369523
12,2026-09-05 00:24:56,"ntc2_C",-25.2625584512912,2362587
12,2026-09-05 00:24:56,"testSB_C",-25.2388546937382,2360565
13,2026-09-05 00:24:56,"ntc1_C",-25.2446986648928,2368943
13,2026-09-05 00:24:56,"ntc2_C",-25.1977317831614,2353696
13,2026-09-05 00:24:56,"testSB_C",-25.1739643057733,2354788
14,2026-09-05 00:24:56,"ntc1_C",-25.1616066652531,2350847
14,2026-09-05 00:24:56,"ntc2_C",-25.1596437389462,2355965
14,2026-09-05 00:24:56,"testSB_C",-25.1522419274477,2355223
15,2026-09-05 00:24:56,"ntc1_C",-25.1253133384131,2345502
15,2026-09-05 00:24:56,"ntc2_C",-25.1229221158588,2354044
15,2026-09-05 00:24:56,"testSB_C",-25.1112944744197,2353142
16,2026-09-05 00:24:56,"ntc1_C",-25.0848944445374,2345006
16,2026-09-05 00:24:56,"ntc2_C",-25.0708325528588,2342725
16,2026-09-05 00:24:56,"testSB_C",-25.06892011186,2342500
17,2026-09-05 00:24:56,"ntc1_C",-25.0750928872055,2343822
17,2026-09-05 00:24:56,"ntc2_C",-25.0634953454689,2341118
17,2026-09-05 00:24:56,"testSB_C",-25.0315116551446,2345282
18,2026-09-05 00:24:56,"ntc1_C",-25.0468876147634,2347108
18,2026-09-05 00:24:56,"ntc2_C",-25.0178426408305,2338096
18,2026-09-05 00:24:56,"testSB_C",-25.015308566418,2338194
19,2026-09-05 00:24:56,"ntc1_C",-25.0022669519296,2343178
19,2026-09-05 00:24:56,"ntc2_C",-25.0000857261213,2340731
19,2026-09-05 00:24:56,"testSB_C",-24.9584611369415,2340122
20,2026-09-05 00:24:56,"ntc1_C",-24.9342154979888,2333387
20,2026-09-05 00:24:56,"ntc2_C",-24.9504622125027,2338487
20,2026-09-05 00:24:56,"testSB_C",-24.9052195827337,2327152
21,2026-09-05 00:24:56,"ntc1_C",-24.8671054543438,2321419
21,2026-09-05 00:24:56,"ntc2_C",-24.89556360686,2330471
21,2026-09-05 00:24:56,"testSB_C",-24.7832235749009,2320567
22,2026-09-05 00:24:56,"ntc1_C",-24.7953581688362,2322077
22,2026-09-05 00:24:56,"ntc2_C",-24.8105347398309,2325177
22,2026-09-05 00:24:56,"testSB_C",-24.7468998803822,2313898
23,2026-09-05 00:24:56,"ntc1_C",-24.7679734715394,2323523
23,2026-09-05 00:24:56,"ntc2_C",-24.780331704811,2319629
23,2026-09-05 00:24:56,"testSB_C",-24.754119912711,2310936
24,2026-09-05 00:24:56,"ntc1_C",-24.714769723294,2314868
24,2026-09-05 00:24:56,"ntc2_C",-24.7121094639495,2317692
24,2026-09-05 00:24:56,"testSB_C",-24.6928100708709,2307394
1,2026-09-05 03:24:56,"ntc1_C",-23.6629010829302,2214078
1,2026-09-05 03:24:56,"testSB_C",-23.5275185608101,2206389
2,2026-09-05 03:24:56,"ntc1_C",-23.4158379117744,2195531
2,2026-09-05 03:24:56,"ntc2_C",-23.3996496947381,2193443
2,2026-09-05 03:24:56,"testSB_C",-23.3569410390664,2193019
3,2026-09-05 03:24:56,"ntc1_C",-23.2838083277144,2186703
3,2026-09-05 03:24:56,"ntc2_C",-23.2642473883678,2183429
3,2026-09-05 03:24:56,"testSB_C",-23.2297619748565,2179052
4,2026-09-05 03:24:56,"ntc1_C",-23.2013305346625,2178950
4,2026-09-05 03:24:56,"ntc2_C",-23.1931700974295,2173002
4,2026-09-05 03:24:56,"testSB_C",-23.1645804942346,2170865
5,2026-09-05 03:24:56,"ntc1_C",-23.1429669653864,2169957
5,2026-09-05 03:24:56,"ntc2_C",-23.131742929252,2171107
5,2026-09-05 03:24:56,"testSB_C",-23.1188849796802,2171792
6,2026-09-05 03:24:56,"ntc1_C",-23.091759686924,2165396
6,2026-09-05 03:24:56,"ntc2_C",-23.0934697147771,2168866
6,2026-09-05 03:24:56,"testSB_C",-23.081808779689,2167986
7,2026-09-05 03:24:56,"ntc1_C",-23.0269952930645,2160856
7,2026-09-05 03:24:56,"ntc2_C",-23.0685590856736,2167995
7,2026-09-05 03:24:56,"testSB_C",-23.0267449012515,2163867
8,2026-09-05 03:24:56,"ntc1_C",-22.9984243901113,2165862
8,2026-09-05 03:24:56,"ntc2_C",-23.0041586765753,2157941
8,2026-09-05 03:24:56,"testSB_C",-23.008371260436,2154631
9,2026-09-05 03:24:56,"ntc1_C",-23.0055495973499,2157144
9,2026-09-05 03:24:56,"ntc2_C",-23.0145002937635,2166039
9,2026-09-05 03:24:56,"testSB_C",-23.0069673823957,2161789
10,2026-09-05 03:24:56,"ntc1_C",-23.0080912384453,2162034
10,2026-09-05 03:24:56,"ntc2_C",-23.0194214726952,2158152
10,2026-09-05 03:24:56,"testSB_C",-22.9820804126686,2156758
11,2026-09-05 03:24:56,"ntc1_C",-22.9799619161177,2160049
11,2026-09-05 03:24:56,"ntc2_C",-22.9755573827901,2159181
11,2026-09-05 03:24:56,"testSB_C",-22.9649392297551,2155296
12,2026-09-05 03:24:56,"ntc1_C",-22.9687975141412,2157424
12,2026-09-05 03:24:56,"ntc2_C",-22.9566784656003,2155230
12,2026-09-05 03:24:56,"testSB_C",-22.9328415900526,2153275
13,2026-09-05 03:24:56,"ntc1_C",-22.9227613457817,2159668
13,2026-09-05 03:24:56,"ntc2_C",-22.9139114506494,2148818
13,2026-09-05 03:24:56,"testSB_C",-22.9100844803324,2151596
14,2026-09-05 03:24:56,"ntc1_C",-22.8970722970841,2147933
14,2026-09-05 03:24:56,"ntc2_C",-22.8999208930893,2153114
14,2026-09-05 03:24:56,"testSB_C",-22.9008338422593,2153154
15,2026-09-05 03:24:56,"ntc1_C",-22.8799402127341,2144667
15,2026-09-05 03:24:56,"ntc2_C",-22.8839406286394,2153006
15,2026-09-05 03:24:56,"testSB_C",-22.883783933761,2153218
16,2026-09-05 03:24:56,"ntc1_C",-22.8783632608128,2147465
16,2026-09-05 03:24:56,"ntc2_C",-22.8756041748311,2146290
16,2026-09-05 03:24:56,"testSB_C",-22.8609367218298,2144983
17,2026-09-05 03:24:56,"ntc1_C",-22.8644802603879,2146027
17,2026-09-05 03:24:56,"ntc2_C",-22.8704081605691,2145107
17,2026-09-05 03:24:56,"testSB_C",-22.8952132489867,2153836
18,2026-09-05 03:24:56,"ntc1_C",-22.891603641944,2153942
18,2026-09-05 03:24:56,"ntc2_C",-22.8880756434622,2147852
18,2026-09-05 03:24:56,"testSB_C",-22.9086004191358,2149731
19,2026-09-05 03:24:56,"ntc1_C",-22.9150590476251,2156060
19,2026-09-05 03:24:56,"ntc2_C",-22.9108684967064,2153614
19,2026-09-05 03:24:56,"testSB_C",-22.9213986843971,2157537
20,2026-09-05 03:24:56,"ntc1_C",-22.9178015771209,2153016
20,2026-09-05 03:24:56,"ntc2_C",-22.9227762248881,2156811
20,2026-09-05 03:24:56,"testSB_C",-22.947781721139,2152341
21,2026-09-05 03:24:56,"ntc1_C",-22.9858714794098,2153658
21,2026-09-05 03:24:56,"ntc2_C",-22.9838997613634,2159414
21,2026-09-05 03:24:56,"testSB_C",-23.0377339845804,2164514
22,2026-09-05 03:24:56,"ntc1_C",-23.0405708473916,2165121
22,2026-09-05 03:24:56,"ntc2_C",-23.0332888753,2166143
22,2026-09-05 03:24:56,"testSB_C",-23.1068937870759,2167353
23,2026-09-05 03:24:56,"ntc1_C",-23.1037716795625,2174394
23,2026-09-05 03:24:56,"ntc2_C",-23.109277786621,2170066
23,2026-09-05 03:24:56,"testSB_C",-23.217737020943,2173882
24,2026-09-05 03:24:56,"ntc1_C",-23.2296335075432,2181743
24,2026-09-05 03:24:56,"ntc2_C",-23.2042228068139,2182457
24,2026-09-05 03:24:56,"testSB_C",-23.2739391556901,2180459
1,2026-09-05 06:24:56,"ntc1_C",-25.0759669122988,2342235
1,2026-09-05 06:24:56,"testSB_C",-24.9717627460963,2337018
2,2026-09-05 06:24:56,"ntc1_C",-24.8755086071111,2327055
2,2026-09-05 06:24:56,"ntc2_C",-24.8437250973367,2323410
2,2026-09-05 06:24:56,"testSB_C",-24.8209165836587,2324670
3,2026-09-05 06:24:56,"ntc1_C",-24.7065888633922,2314279
3,2026-09-05 06:24:56,"ntc2_C",-24.6808558844081,2310324
3,2026-09-05 06:24:56,"testSB_C",-24.6532264653586,2306298
4,2026-09-05 06:24:56,"ntc1_C",-24.6292763264094,2306652
4,2026-09-05 06:24:56,"ntc2_C",-24.6276895001537,2300974
4,2026-09-05 06:24:56,"testSB_C",-24.6082864586224,2299560
5,2026-09-05 06:24:56,"ntc1_C",-24.5872823713935,2298720
5,2026-09-05 06:24:56,"ntc2_C",-24.5719137057639,2299490
5,2026-09-05 06:24:56,"testSB_C",-24.5596957807191,2300277
6,2026-09-05 06:24:56,"ntc1_C",-24.5372242861377,2293857
6,2026-09-05 06:24:56,"ntc2_C",-24.5382309894633,2297536
6,2026-09-05 06:24:56,"testSB_C",-24.5358233878604,2297439
7,2026-09-05 06:24:56,"ntc1_C",-24.4780254587934,2289736
7,2026-09-05 06:24:56,"ntc2_C",-24.4972332781406,2295202
7,2026-09-05 06:24:56,"testSB_C",-24.4554107876658,2290814
8,2026-09-05 06:24:56,"ntc1_C",-24.41491801958,2291795
8,2026-09-05 06:24:56,"ntc2_C",-24.4015657365932,2281725
8,2026-09-05 06:24:56,"testSB_C",-24.410978462772,2278730
9,2026-09-05 06:24:56,"ntc1_C",-24.3515336009517,2276188
9,2026-09-05 06:24:56,"ntc2_C",-24.3621556249668,2285748
9,2026-09-05 06:24:56,"testSB_C",-24.3180300358742,2277957
10,2026-09-05 06:24:56,"ntc1_C",-24.2883124885835,2275346
10,2026-09-05 06:24:56,"ntc2_C",-24.3071234696618,2272011
10,2026-09-05 06:24:56,"testSB_C",-24.2407289326709,2267969
11,2026-09-05 06:24:56,"ntc1_C",-24.2054103612036,2268344
11,2026-09-05 06:24:56,"ntc2_C",-24.2165413469018,2268869
11,2026-09-05 06:24:56,"testSB_C",-24.1820234120547,2262649
12,2026-09-05 06:24:56,"ntc1_C",-24.1826456469539,2264556
12,2026-09-05 06:24:56,"ntc2_C",-24.1563279369857,2260987
12,2026-09-05 06:24:56,"testSB_C",-24.1230221929067,2258137
13,2026-09-05 06:24:56,"ntc1_C",-24.1005195038789,2263660
13,2026-09-05 06:24:56,"ntc2_C",-24.08427574105,2251726
13,2026-09-05 06:24:56,"testSB_C",-24.0309120720859,2250147
14,2026-09-05 06:24:56,"ntc1_C",-23.9947070988309,2244241
14,2026-09-05 06:24:56,"ntc2_C",-24.0111714624859,2250830
14,2026-09-05 06:24:56,"testSB_C",-23.9628471586861,2246457
15,2026-09-05 06:24:56,"ntc1_C",-23.9055784600598,2234409
15,2026-09-05 06:24:56,"ntc2_C",-23.8953231136138,2241833
15,2026-09-05 06:24:56,"testSB_C",-23.8791741027613,2240598
16,2026-09-05 06:24:56,"ntc1_C",-23.8179729140826,2229685
16,2026-09-05 06:24:56,"ntc2_C",-23.7812156054052,2225464
16,2026-09-05 06:24:56,"testSB_C",-23.7856519422596,2225812
17,2026-09-05 06:24:56,"ntc1_C",-23.7584391408148,2224137
17,2026-09-05 06:24:56,"ntc2_C",-23.7144693554645,2218733
17,2026-09-05 06:24:56,"testSB_C",-23.6885870931236,2223236
18,2026-09-05 06:24:56,"ntc1_C",-23.6895732639179,2223733
18,2026-09-05 06:24:56,"ntc2_C",-23.6597818125913,2215119
18,2026-09-05 06:24:56,"testSB_C",-23.6513690552604,2214564
19,2026-09-05 06:24:56,"ntc1_C",-23.6350460801298,2219036
19,2026-09-05 06:24:56,"ntc2_C",-23.6352205924119,2216913
19,2026-09-05 06:24:56,"testSB_C",-23.6189254861187,2218567
20,2026-09-05 06:24:56,"ntc1_C",-23.5899277317642,2211698
20,2026-09-05 06:24:56,"ntc2_C",-23.5863084609028,2214818
20,2026-09-05 06:24:56,"testSB_C",-23.5423810835103,2204153
21,2026-09-05 06:24:56,"ntc1_C",-23.5311838166886,2201129
21,2026-09-05 06:24:56,"ntc2_C",-23.5286968575984,2206977
21,2026-09-05 06:24:56,"testSB_C",-23.4760536249582,2202790
22,2026-09-05 06:24:56,"ntc1_C",-23.4571056798858,2201491
22,2026-09-05 06:24:56,"ntc2_C",-23.4752429420773,2204752
22,2026-09-05 06:24:56,"testSB_C",-23.4227183622367,2194909
23,2026-09-05 06:24:56,"ntc1_C",-23.4001937765119,2200311
23,2026-09-05 06:24:56,"ntc2_C",-23.4078099853404,2196133
23,2026-09-05 06:24:56,"testSB_C",-23.3537943133571,2185719
24,2026-09-05 06:24:56,"ntc1_C",-23.3337061400575,2190843
24,2026-09-05 06:24:56,"ntc2_C",-23.3032032777089,2191112
24,2026-09-05 06:24:56,"testSB_C",-23.2599802971994,2179242
1,2026-09-05 09:24:56,"ntc1_C",-19.6733051453851,1885792
1,2026-09-05 09:24:56,"testSB_C",-19.5887615023645,1883109
2,2026-09-05 09:24:56,"ntc1_C",-19.6753374820223,1888738
2,2026-09-05 09:24:56,"ntc2_C",-19.7257831835242,1892029
2,2026-09-05 09:24:56,"testSB_C",-19.5416162402826,1881149
3,2026-09-05 09:24:56,"ntc1_C",-17.3724895098786,1722753
3,2026-09-05 09:24:56,"ntc2_C",-17.9252672150989,1760416
3,2026-09-05 09:24:56,"testSB_C",-18.2523404524485,1782951
4,2026-09-05 09:24:56,"ntc1_C",-17.5132555452207,1732022
4,2026-09-05 09:24:56,"ntc2_C",-17.4128817714598,1720823
4,2026-09-05 09:24:56,"testSB_C",-18.31301085603,1785178
5,2026-09-05 09:24:56,"ntc1_C",-18.3617946284195,1789359
5,2026-09-05 09:24:56,"ntc2_C",-17.8517814906389,1754607
5,2026-09-05 09:24:56,"testSB_C",-18.2485310293661,1784567
6,2026-09-05 09:24:56,"ntc1_C",-18.4805844042919,1798297
6,2026-09-05 09:24:56,"ntc2_C",-17.8115318813132,1752626
6,2026-09-05 09:24:56,"testSB_C",-18.4625812504725,1799728
7,2026-09-05 09:24:56,"ntc1_C",-18.1470742513409,1774654
7,2026-09-05 09:24:56,"ntc2_C",-17.2017053701314,1710645
7,2026-09-05 09:24:56,"testSB_C",-18.235276986957,1783703
8,2026-09-05 09:24:56,"ntc1_C",-18.3282640195814,1794155
8,2026-09-05 09:24:56,"ntc2_C",-18.3800273634075,1790851
8,2026-09-05 09:24:56,"testSB_C",-17.5684841114734,1729791
9,2026-09-05 09:24:56,"ntc1_C",-18.4297554423659,1793786
9,2026-09-05 09:24:56,"ntc2_C",-17.608257324214,1741368
9,2026-09-05 09:24:56,"testSB_C",-18.170733961611,1778636
10,2026-09-05 09:24:56,"ntc1_C",-18.191559058737,1780483
10,2026-09-05 09:24:56,"ntc2_C",-17.5055429387627,1727480
10,2026-09-05 09:24:56,"testSB_C",-18.386482361768,1791825
11,2026-09-05 09:24:56,"ntc1_C",-18.5555650535329,1807288
11,2026-09-05 09:24:56,"ntc2_C",-17.8495726372298,1755769
11,2026-09-05 09:24:56,"testSB_C",-18.1891854640627,1777669
12,2026-09-05 09:24:56,"ntc1_C",-17.3020569130441,1716304
12,2026-09-05 09:24:56,"ntc2_C",-17.8777319889843,1755943
12,2026-09-05 09:24:56,"testSB_C",-18.0827732288424,1770568
13,2026-09-05 09:24:56,"ntc1_C",-18.0106164106359,1771535
13,2026-09-05 09:24:56,"ntc2_C",-17.5821123258293,1732554
13,2026-09-05 09:24:56,"testSB_C",-18.2538077295691,1783167
14,2026-09-05 09:24:56,"ntc1_C",-18.081356928431,1768685
14,2026-09-05 09:24:56,"ntc2_C",-17.723667643934,1747316
14,2026-09-05 09:24:56,"testSB_C",-17.9700184143326,1764818
15,2026-09-05 09:24:56,"ntc1_C",-18.2555381623064,1779753
15,2026-09-05 09:24:56,"ntc2_C",-17.6922834554964,1745914
15,2026-09-05 09:24:56,"testSB_C",-17.6222652724074,1741225
16,2026-09-05 09:24:56,"ntc1_C",-18.2629998728994,1782600
16,2026-09-05 09:24:56,"ntc2_C",-18.304353834402,1784730
16,2026-09-05 09:24:56,"testSB_C",-18.1430507429246,1773035
17,2026-09-05 09:24:56,"ntc1_C",-18.2091175845353,1778524
17,2026-09-05 09:24:56,"ntc2_C",-18.1052445893395,1769980
17,2026-09-05 09:24:56,"testSB_C",-18.5473958942146,1807583
18,2026-09-05 09:24:56,"ntc1_C",-18.3065759539961,1790468
18,2026-09-05 09:24:56,"ntc2_C",-18.0451091616082,1766874
18,2026-09-05 09:24:56,"testSB_C",-18.1850613024843,1776644
19,2026-09-05 09:24:56,"ntc1_C",-18.2738666892376,1787980
19,2026-09-05 09:24:56,"ntc2_C",-18.0598409993841,1770766
19,2026-09-05 09:24:56,"testSB_C",-18.1136566580723,1777127
20,2026-09-05 09:24:56,"ntc1_C",-18.1653140890025,1777273
20,2026-09-05 09:24:56,"ntc2_C",-17.5284506873879,1734683
20,2026-09-05 09:24:56,"testSB_C",-17.8134260937844,1749449
21,2026-09-05 09:24:56,"ntc1_C",-18.1798512659291,1774263
21,2026-09-05 09:24:56,"ntc2_C",-17.3546405251248,1720404
21,2026-09-05 09:24:56,"testSB_C",-18.5431191990618,1805789
22,2026-09-05 09:24:56,"ntc1_C",-18.1480573965263,1777367
22,2026-09-05 09:24:56,"ntc2_C",-17.5721278008727,1737778
22,2026-09-05 09:24:56,"testSB_C",-18.3615115561109,1789831
23,2026-09-05 09:24:56,"ntc1_C",-18.0334032812105,1772387
23,2026-09-05 09:24:56,"ntc2_C",-17.649955041006,1740941
23,2026-09-05 09:24:56,"testSB_C",-18.2991104709909,1783429
24,2026-09-05 09:24:56,"ntc1_C",-18.16975936119,1779045
24,2026-09-05 09:24:56,"ntc2_C",-17.7962300933346,1754732
24,2026-09-05 09:24:56,"testSB_C",-18.0022875596593,1762857
1,2026-09-05 12:24:56,"ntc1_C",-12.0453743481669,1382326
1,2026-09-05 12:24:56,"testSB_C",-11.8931798831318,1376714
2,2026-09-05 12:24:56,"ntc1_C",-12.3876741940632,1403938
2,2026-09-05 12:24:56,"ntc2_C",-12.0805675220507,1386055
2,2026-09-05 12:24:56,"testSB_C",-11.895833240619,1378420
3,2026-09-05 12:24:56,"ntc1_C",-10.5339445582198,1303699
3,2026-09-05 12:24:56,"ntc2_C",-10.5761135792835,1304704
3,2026-09-05 12:24:56,"testSB_C",-11.5593125161643,1357533
4,2026-09-05 12:24:56,"ntc1_C",-10.5743684245829,1305256
4,2026-09-05 12:24:56,"ntc2_C",-10.3794780808997,1291849
4,2026-09-05 12:24:56,"testSB_C",-11.1629981213121,1334055
5,2026-09-05 12:24:56,"ntc1_C",-10.8398485302055,1316848
5,2026-09-05 12:24:56,"ntc2_C",-10.5876568722079,1304992
5,2026-09-05 12:24:56,"testSB_C",-11.0156423012479,1329056
6,2026-09-05 12:24:56,"ntc1_C",-10.8686498243752,1319027
6,2026-09-05 12:24:56,"ntc2_C",-10.5648391866215,1304368
6,2026-09-05 12:24:56,"testSB_C",-11.7865697175308,1371323
7,2026-09-05 12:24:56,"ntc1_C",-10.461130416275,1297285
7,2026-09-05 12:24:56,"ntc2_C",-10.2612173141402,1288928
7,2026-09-05 12:24:56,"testSB_C",-10.4818057682586,1300544
8,2026-09-05 12:24:56,"ntc1_C",-10.6265442132537,1310873
8,2026-09-05 12:24:56,"ntc2_C",-10.9276166367075,1321837
8,2026-09-05 12:24:56,"testSB_C",-10.2074999463166,1281295
9,2026-09-05 12:24:56,"ntc1_C",-10.6378217690652,1305899
9,2026-09-05 12:24:56,"ntc2_C",-10.2431116446906,1289569
9,2026-09-05 12:24:56,"testSB_C",-11.3725768721235,1348214
10,2026-09-05 12:24:56,"ntc1_C",-10.49366866722,1301198
10,2026-09-05 12:24:56,"ntc2_C",-10.2477807473957,1285001
10,2026-09-05 12:24:56,"testSB_C",-10.3083580601477,1289151
11,2026-09-05 12:24:56,"ntc1_C",-10.6982311534751,1312354
11,2026-09-05 12:24:56,"ntc2_C",-10.3539735913282,1293575
11,2026-09-05 12:24:56,"testSB_C",-10.5714291770828,1303306
12,2026-09-05 12:24:56,"ntc1_C",-10.3130554836899,1290859
12,2026-09-05 12:24:56,"ntc2_C",-10.3687232369912,1293070
12,2026-09-05 12:24:56,"testSB_C",-11.740773926456,1367374
13,2026-09-05 12:24:56,"ntc1_C",-10.5804922986144,1308809
13,2026-09-05 12:24:56,"ntc2_C",-10.1319573398995,1278626
13,2026-09-05 12:24:56,"testSB_C",-10.3434494654196,1291781
14,2026-09-05 12:24:56,"ntc1_C",-10.3389800030299,1290173
14,2026-09-05 12:24:56,"ntc2_C",-10.2369757987051,1287910
14,2026-09-05 12:24:56,"testSB_C",-10.4199104061912,1297438
15,2026-09-05 12:24:56,"ntc1_C",-10.4904965077391,1297133
15,2026-09-05 12:24:56,"ntc2_C",-10.2922431546507,1291221
15,2026-09-05 12:24:56,"testSB_C",-10.3531091461347,1294682
16,2026-09-05 12:24:56,"ntc1_C",-10.6340472716981,1306234
16,2026-09-05 12:24:56,"ntc2_C",-10.1716140158416,1281086
16,2026-09-05 12:24:56,"testSB_C",-10.4352184976086,1294894
17,2026-09-05 12:24:56,"ntc1_C",-10.2782814708301,1287300
17,2026-09-05 12:24:56,"ntc2_C",-10.3671241151355,1291351
17,2026-09-05 12:24:56,"testSB_C",-10.4659684064638,1300557
18,2026-09-05 12:24:56,"ntc1_C",-10.3565690050149,1295227
18,2026-09-05 12:24:56,"ntc2_C",-10.4665097728428,1297705
18,2026-09-05 12:24:56,"testSB_C",-10.5183707852958,1299763
19,2026-09-05 12:24:56,"ntc1_C",-10.4065094375862,1297566
19,2026-09-05 12:24:56,"ntc2_C",-10.4302336918623,1297490
19,2026-09-05 12:24:56,"testSB_C",-10.2281248430539,1288619
20,2026-09-05 12:24:56,"ntc1_C",-10.308121523354,1290155
20,2026-09-05 12:24:56,"ntc2_C",-10.1188792676709,1282350
20,2026-09-05 12:24:56,"testSB_C",-10.0729314166655,1275988
21,2026-09-05 12:24:56,"ntc1_C",-10.2065579757269,1282269
21,2026-09-05 12:24:56,"ntc2_C",-10.1028811979622,1280051
21,2026-09-05 12:24:56,"testSB_C",-10.293098819721,1290216
22,2026-09-05 12:24:56,"ntc1_C",-10.080507487599,1279288
22,2026-09-05 12:24:56,"ntc2_C",-9.59556481965808,1255491
22,2026-09-05 12:24:56,"testSB_C",-10.3723257847704,1292399
23,2026-09-05 12:24:56,"ntc1_C",-10.1964508263194,1287904
23,2026-09-05 12:24:56,"ntc2_C",-9.64354821089586,1256090
23,2026-09-05 12:24:56,"testSB_C",-10.1185369171989,1278275
24,2026-09-05 12:24:56,"ntc1_C",-9.97278192384647,1273724
24,2026-09-05 12:24:56,"ntc2_C",-10.0414072885564,1279191
24,2026-09-05 12:24:56,"testSB_C",-10.1278875217173,1278916
1,2026-09-05 15:24:56,"ntc1_C",-9.15163583456973,1228284
1,2026-09-05 15:24:56,"testSB_C",-9.2223532776656,1234550
2,2026-09-05 15:24:56,"ntc1_C",-9.43933243914523,1244723
2,2026-09-05 15:24:56,"ntc2_C",-8.8651932290698,1215580
2,2026-09-05 15:24:56,"testSB_C",-9.15392006345809,1232610
3,2026-09-05 15:24:56,"ntc1_C",-8.00779369039401,1176099
3,2026-09-05 15:24:56,"ntc2_C",-7.79697682510562,1164879
3,2026-09-05 15:24:56,"testSB_C",-7.74792586414895,1162125
4,2026-09-05 15:24:56,"ntc1_C",-8.00401968425348,1175343
4,2026-09-05 15:24:56,"ntc2_C",-8.03493102329293,1174062
4,2026-09-05 15:24:56,"testSB_C",-7.81279556349386,1163692
5,2026-09-05 15:24:56,"ntc1_C",-7.9500094168684,1170380
5,2026-09-05 15:24:56,"ntc2_C",-8.03857660253732,1176151
5,2026-09-05 15:24:56,"testSB_C",-7.68855843337184,1160416
6,2026-09-05 15:24:56,"ntc1_C",-8.0438897998049,1175551
6,2026-09-05 15:24:56,"ntc2_C",-8.0439683411222,1176906
6,2026-09-05 15:24:56,"testSB_C",-7.74147967982293,1162770
7,2026-09-05 15:24:56,"ntc1_C",-7.64227153002076,1156377
7,2026-09-05 15:24:56,"ntc2_C",-8.07037831996502,1178733
7,2026-09-05 15:24:56,"testSB_C",-7.70980485433199,1161560
8,2026-09-05 15:24:56,"ntc1_C",-7.80683151434823,1168451
8,2026-09-05 15:24:56,"ntc2_C",-7.62371107780234,1155200
8,2026-09-05 15:24:56,"testSB_C",-7.8573539325842,1164197
9,2026-09-05 15:24:56,"ntc1_C",-7.74725516771719,1160710
9,2026-09-05 15:24:56,"ntc2_C",-7.60453090967752,1157972
9,2026-09-05 15:24:56,"testSB_C",-7.78019380660282,1164402
10,2026-09-05 15:24:56,"ntc1_C",-7.71185175200708,1161688
10,2026-09-05 15:24:56,"ntc2_C",-7.87977101915476,1166715
10,2026-09-05 15:24:56,"testSB_C",-7.61189713445617,1154901
11,2026-09-05 15:24:56,"ntc1_C",-7.81139217174257,1166645
11,2026-09-05 15:24:56,"ntc2_C",-7.76197179127092,1163838
11,2026-09-05 15:24:56,"testSB_C",-7.81665668919203,1164839
12,2026-09-05 15:24:56,"ntc1_C",-8.04330947414917,1176765
12,2026-09-05 15:24:56,"ntc2_C",-7.82482274744291,1165681
12,2026-09-05 15:24:56,"testSB_C",-7.99587184559653,1173649
13,2026-09-05 15:24:56,"ntc1_C",-7.9572531460343,1176034
13,2026-09-05 15:24:56,"ntc2_C",-7.61441443878772,1153855
13,2026-09-05 15:24:56,"testSB_C",-7.68718900028404,1159162
14,2026-09-05 15:24:56,"ntc1_C",-7.57774838486029,1152831
14,2026-09-05 15:24:56,"ntc2_C",-7.70560358776856,1161643
14,2026-09-05 15:24:56,"testSB_C",-7.86052407640284,1168859
15,2026-09-05 15:24:56,"ntc1_C",-7.83870070615126,1164231
15,2026-09-05 15:24:56,"ntc2_C",-7.91531023680869,1171920
15,2026-09-05 15:24:56,"testSB_C",-8.09657929480824,1180842
16,2026-09-05 15:24:56,"ntc1_C",-8.01107382395026,1173691
16,2026-09-05 15:24:56,"ntc2_C",-7.54827226574099,1151086
16,2026-09-05 15:24:56,"testSB_C",-7.81094081713479,1163420
17,2026-09-05 15:24:56,"ntc1_C",-7.60867941006688,1154514
17,2026-09-05 15:24:56,"ntc2_C",-7.81942798441173,1163951
17,2026-09-05 15:24:56,"testSB_C",-7.75779551336501,1164582
18,2026-09-05 15:24:56,"ntc1_C",-7.64503536125989,1159702
18,2026-09-05 15:24:56,"ntc2_C",-8.1215521406279,1179434
18,2026-09-05 15:24:56,"testSB_C",-7.93370273565694,1169680
19,2026-09-05 15:24:56,"ntc1_C",-7.7658231512483,1165090
19,2026-09-05 15:24:56,"ntc2_C",-7.97519418565241,1173852
19,2026-09-05 15:24:56,"testSB_C",-7.83372239916577,1168719
20,2026-09-05 15:24:56,"ntc1_C",-7.69505971111653,1159710
20,2026-09-05 15:24:56,"ntc2_C",-8.02931274781889,1177577
20,2026-09-05 15:24:56,"testSB_C",-7.56985676606723,1152172
21,2026-09-05 15:24:56,"ntc1_C",-7.67280680627118,1156488
21,2026-09-05 15:24:56,"ntc2_C",-8.13073709357087,1181129
21,2026-09-05 15:24:56,"testSB_C",-7.87296885416595,1168943
22,2026-09-05 15:24:56,"ntc1_C",-7.65375979898857,1158757
22,2026-09-05 15:24:56,"ntc2_C",-7.62195592516235,1158473
22,2026-09-05 15:24:56,"testSB_C",-8.06053757109532,1176107
23,2026-09-05 15:24:56,"ntc1_C",-8.09371578046807,1182085
23,2026-09-05 15:24:56,"ntc2_C",-7.66590824683482,1158790
23,2026-09-05 15:24:56,"testSB_C",-7.88301051832752,1166987
24,2026-09-05 15:24:56,"ntc1_C",-7.54930532305127,1153862
24,2026-09-05 15:24:56,"ntc2_C",-7.96451780244001,1175316
24,2026-09-05 15:24:56,"testSB_C",-7.83619634409268,1164834
1,2026-09-05 18:24:56,"ntc1_C",-13.4337668543752,1462961
1,2026-09-05 18:24:56,"testSB_C",-13.6419322624355,1478566
2,2026-09-05 18:24:56,"ntc1_C",-13.2400852017788,1453657
2,2026-09-05 18:24:56,"ntc2_C",-12.7972644318734,1427211
2,2026-09-05 18:24:56,"testSB_C",-13.2775406851945,1458323
3,2026-09-05 18:24:56,"ntc1_C",-12.0747118546431,1388295
3,2026-09-05 18:24:56,"ntc2_C",-11.9307945000977,1378888
3,2026-09-05 18:24:56,"testSB_C",-11.5782420045194,1358582
4,2026-09-05 18:24:56,"ntc1_C",-12.0153164093132,1384331
4,2026-09-05 18:24:56,"ntc2_C",-11.9950587325825,1379895
4,2026-09-05 18:24:56,"testSB_C",-11.5438589946103,1354953
5,2026-09-05 18:24:56,"ntc1_C",-11.6382173564478,1360484
5,2026-09-05 18:24:56,"ntc2_C",-11.9104004305892,1377374
5,2026-09-05 18:24:56,"testSB_C",-11.5267513388476,1357073
6,2026-09-05 18:24:56,"ntc1_C",-11.6995082997256,1364501
6,2026-09-05 18:24:56,"ntc2_C",-11.9119975102325,1378107
6,2026-09-05 18:24:56,"testSB_C",-11.5969950744258,1360755
7,2026-09-05 18:24:56,"ntc1_C",-11.4619110744623,1351388
7,2026-09-05 18:24:56,"ntc2_C",-12.0838363489175,1388494
7,2026-09-05 18:24:56,"testSB_C",-11.5376023547333,1357801
8,2026-09-05 18:24:56,"ntc1_C",-11.5916561142948,1363548
8,2026-09-05 18:24:56,"ntc2_C",-11.3942112859804,1347254
8,2026-09-05 18:24:56,"testSB_C",-11.8368891928689,1369409
9,2026-09-05 18:24:56,"ntc1_C",-11.4353372701489,1349099
9,2026-09-05 18:24:56,"ntc2_C",-11.5715840112624,1361452
9,2026-09-05 18:24:56,"testSB_C",-11.5210877491032,1356414
10,2026-09-05 18:24:56,"ntc1_C",-11.4337523124751,1352079
10,2026-09-05 18:24:56,"ntc2_C",-11.8298026031234,1370713
10,2026-09-05 18:24:56,"testSB_C",-11.6969477045501,1364337
11,2026-09-05 18:24:56,"ntc1_C",-11.470989254105,1354390
11,2026-09-05 18:24:56,"ntc2_C",-11.6171179217102,1362006
11,2026-09-05 18:24:56,"testSB_C",-11.4247158790533,1349487
12,2026-09-05 18:24:56,"ntc1_C",-11.9451216436044,1379747
12,2026-09-05 18:24:56,"ntc2_C",-11.5540134567113,1357145
12,2026-09-05 18:24:56,"testSB_C",-11.6489610385024,1362259
13,2026-09-05 18:24:56,"ntc1_C",-11.5820491248832,1363408
13,2026-09-05 18:24:56,"ntc2_C",-11.4821009067048,1351079
13,2026-09-05 18:24:56,"testSB_C",-11.3965158410265,1348514
14,2026-09-05 18:24:56,"ntc1_C",-11.1509947127426,1333632
14,2026-09-05 18:24:56,"ntc2_C",-11.5972859344504,1361407
14,2026-09-05 18:24:56,"testSB_C",-11.4703717825185,1354265
15,2026-09-05 18:24:56,"ntc1_C",-11.4424095712926,1348498
15,2026-09-05 18:24:56,"ntc2_C",-11.5775401736558,1360772
15,2026-09-05 18:24:56,"testSB_C",-11.7553585965732,1370944
16,2026-09-05 18:24:56,"ntc1_C",-11.4275616064983,1349238
16,2026-09-05 18:24:56,"ntc2_C",-11.3563464393962,1344575
16,2026-09-05 18:24:56,"testSB_C",-11.3653894195049,1345020
17,2026-09-05 18:24:56,"ntc1_C",-11.2398517235461,1338828
17,2026-09-05 18:24:56,"ntc2_C",-11.3685366021467,1345208
17,2026-09-05 18:24:56,"testSB_C",-11.2836680486892,1344687
18,2026-09-05 18:24:56,"ntc1_C",-11.2247857948128,1341923
18,2026-09-05 18:24:56,"ntc2_C",-11.73183005069,1366426
18,2026-09-05 18:24:56,"testSB_C",-11.426924454109,1348884
19,2026-09-05 18:24:56,"ntc1_C",-11.3251326928559,1347139
19,2026-09-05 18:24:56,"ntc2_C",-11.5977296480519,1360822
19,2026-09-05 18:24:56,"testSB_C",-11.4579068633776,1354960
20,2026-09-05 18:24:56,"ntc1_C",-11.1186119396677,1333559
20,2026-09-05 18:24:56,"ntc2_C",-11.6896189738108,1367269
20,2026-09-05 18:24:56,"testSB_C",-11.0956511232232,1330380
21,2026-09-05 18:24:56,"ntc1_C",-11.1372368185499,1331875
21,2026-09-05 18:24:56,"ntc2_C",-11.7474130061332,1368915
21,2026-09-05 18:24:56,"testSB_C",-11.3661918032548,1347987
22,2026-09-05 18:24:56,"ntc1_C",-11.0517787432859,1331019
22,2026-09-05 18:24:56,"ntc2_C",-11.4338762928097,1353259
22,2026-09-05 18:24:56,"testSB_C",-11.3713353108648,1346190
23,2026-09-05 18:24:56,"ntc1_C",-11.5096551144932,1358795
23,2026-09-05 18:24:56,"ntc2_C",-11.4318240754898,1351187
23,2026-09-05 18:24:56,"testSB_C",-11.4348260815893,1348760
24,2026-09-05 18:24:56,"ntc1_C",-11.0733912537517,1332250
24,2026-09-05 18:24:56,"ntc2_C",-11.4277384300783,1353649
24,2026-09-05 18:24:56,"testSB_C",-11.1235539269391,1331946
1,2026-09-05 21:24:56,"ntc1_C",-20.579995232775,1956186
1,2026-09-05 21:24:56,"testSB_C",-20.4435503067983,1949299
2,2026-09-05 21:24:56,"ntc1_C",-20.3502668364686,1940982
2,2026-09-05 21:24:56,"ntc2_C",-20.29144614974,1935793
2,2026-09-05 21:24:56,"testSB_C",-20.256838410168,1936287
3,2026-09-05 21:24:56,"ntc1_C",-20.2598233003935,1936499
3,2026-09-05 21:24:56,"ntc2_C",-20.1870350740041,1929318
3,2026-09-05 21:24:56,"testSB_C",-20.1154812679655,1922625
4,2026-09-05 21:24:56,"ntc1_C",-20.1100232927355,1924227
4,2026-09-05 21:24:56,"ntc2_C",-20.0795655918679,1917231
4,2026-09-05 21:24:56,"testSB_C",-19.9980822136097,1911244
5,2026-09-05 21:24:56,"ntc1_C",-19.9888756876314,1911280
5,2026-09-05 21:24:56,"ntc2_C",-19.969883905951,1911818
5,2026-09-05 21:24:56,"testSB_C",-19.9268766525298,1910083
6,2026-09-05 21:24:56,"ntc1_C",-19.8997218906482,1904588
6,2026-09-05 21:24:56,"ntc2_C",-19.9059174539017,1907849
6,2026-09-05 21:24:56,"testSB_C",-19.8566808636066,1904219
7,2026-09-05 21:24:56,"ntc1_C",-19.8218701547478,1899281
7,2026-09-05 21:24:56,"ntc2_C",-19.8431906530998,1904078
7,2026-09-05 21:24:56,"testSB_C",-19.7725492278869,1898290
8,2026-09-05 21:24:56,"ntc1_C",-19.7334982559459,1899225
8,2026-09-05 21:24:56,"ntc2_C",-19.7074219005078,1889779
8,2026-09-05 21:24:56,"testSB_C",-19.7362310602445,1888709
9,2026-09-05 21:24:56,"ntc1_C",-19.6565403391726,1885155
9,2026-09-05 21:24:56,"ntc2_C",-19.6588802215798,1892351
9,2026-09-05 21:24:56,"testSB_C",-19.6309432451719,1887064
10,2026-09-05 21:24:56,"ntc1_C",-19.6150321647568,1886143
10,2026-09-05 21:24:56,"ntc2_C",-19.6112609307431,1881460
10,2026-09-05 21:24:56,"testSB_C",-19.5860526909557,1881075
11,2026-09-05 21:24:56,"ntc1_C",-19.5400047730652,1880781
11,2026-09-05 21:24:56,"ntc2_C",-19.5580226466834,1881654
11,2026-09-05 21:24:56,"testSB_C",-19.5203099130085,1876183
12,2026-09-05 21:24:56,"ntc1_C",-19.5455149826573,1879735
12,2026-09-05 21:24:56,"ntc2_C",-19.4985186364663,1875150
12,2026-09-05 21:24:56,"testSB_C",-19.4820060792508,1873886
13,2026-09-05 21:24:56,"ntc1_C",-19.4833810570026,1880458
13,2026-09-05 21:24:56,"ntc2_C",-19.454641074631,1869280
13,2026-09-05 21:24:56,"testSB_C",-19.4184480916859,1869343
14,2026-09-05 21:24:56,"ntc1_C",-19.3942110538254,1865333
14,2026-09-05 21:24:56,"ntc2_C",-19.3887814651906,1869303
14,2026-09-05 21:24:56,"testSB_C",-19.3631025380998,1867315
15,2026-09-05 21:24:56,"ntc1_C",-19.3274633656236,1858756
15,2026-09-05 21:24:56,"ntc2_C",-19.3183601335593,1864932
15,2026-09-05 21:24:56,"testSB_C",-19.299774717682,1863792
16,2026-09-05 21:24:56,"ntc1_C",-19.2535332127859,1855637
16,2026-09-05 21:24:56,"ntc2_C",-19.2275033144637,1852803
16,2026-09-05 21:24:56,"testSB_C",-19.2160616107751,1851898
17,2026-09-05 21:24:56,"ntc1_C",-19.2021697922671,1851586
17,2026-09-05 21:24:56,"ntc2_C",-19.1775647577393,1848604
17,2026-09-05 21:24:56,"testSB_C",-19.1413223650983,1851603
18,2026-09-05 21:24:56,"ntc1_C",-19.1426009754823,1852144
18,2026-09-05 21:24:56,"ntc2_C",-19.1223866433305,1845695
18,2026-09-05 21:24:56,"testSB_C",-19.1091875189828,1844492
19,2026-09-05 21:24:56,"ntc1_C",-19.0901787617618,1848134
19,2026-09-05 21:24:56,"ntc2_C",-19.0815239126105,1845668
19,2026-09-05 21:24:56,"testSB_C",-19.0594740697238,1846607
20,2026-09-05 21:24:56,"ntc1_C",-19.0428411108688,1841667
20,2026-09-05 21:24:56,"ntc2_C",-19.0578903643777,1845741
20,2026-09-05 21:24:56,"testSB_C",-19.0062853468606,1836192
21,2026-09-05 21:24:56,"ntc1_C",-18.9981494077346,1834090
21,2026-09-05 21:24:56,"ntc2_C",-19.0030248810651,1839408
21,2026-09-05 21:24:56,"testSB_C",-18.9550617646988,1836195
22,2026-09-05 21:24:56,"ntc1_C",-18.9545072807999,1836453
22,2026-09-05 21:24:56,"ntc2_C",-18.9576783231142,1838225
22,2026-09-05 21:24:56,"testSB_C",-18.9140105141761,1830386
23,2026-09-05 21:24:56,"ntc1_C",-18.9126958286977,1836703
23,2026-09-05 21:24:56,"ntc2_C",-18.9174685474939,1832816
23,2026-09-05 21:24:56,"testSB_C",-18.9100586405597,1828095
24,2026-09-05 21:24:56,"ntc1_C",-18.8824952109774,1831221
24,2026-09-05 21:24:56,"ntc2_C",-18.8671484098554,1832634
24,2026-09-05 21:24:56,"testSB_C",-18.8327161799109,1823245
1,2026-09-06 00:24:56,"ntc1_C",-20.136815157898,1921477
1,2026-09-06 00:24:56,"testSB_C",-19.9754493470077,1912787
2,2026-09-06 00:24:56,"ntc1_C",-19.8854080064911,1904856
2,2026-09-06 00:24:56,"ntc2_C",-19.8023100720781,1897895
2,2026-09-06 00:24:56,"testSB_C",-19.7772783157965,1899152
3,2026-09-06 00:24:56,"ntc1_C",-19.8043981417096,1901199
3,2026-09-06 00:24:56,"ntc2_C",-19.7303833497277,1894032
3,2026-09-06 00:24:56,"testSB_C",-19.6698766064759,1888311
4,2026-09-06 00:24:56,"ntc1_C",-19.6617072459092,1889666
4,2026-09-06 00:24:56,"ntc2_C",-19.6356181462604,1883126
4,2026-09-06 00:24:56,"testSB_C",-19.5479081748329,1876767
5,2026-09-06 00:24:56,"ntc1_C",-19.5247459283772,1875726
5,2026-09-06 00:24:56,"ntc2_C",-19.507632271778,1876414
5,2026-09-06 00:24:56,"testSB_C",-19.4510735623711,1873679
6,2026-09-06 00:24:56,"ntc1_C",-19.4158265825843,1867697
6,2026-09-06 00:24:56,"ntc2_C",-19.4273370916666,1871276
6,2026-09-06 00:24:56,"testSB_C",-19.3525915939184,1865793
7,2026-09-06 00:24:56,"ntc1_C",-19.3272500389484,1861640
7,2026-09-06 00:24:56,"ntc2_C",-19.3472741627216,1866252
7,2026-09-06 00:24:56,"testSB_C",-19.2808519463323,1860904
8,2026-09-06 00:24:56,"ntc1_C",-19.234534227659,1861270
8,2026-09-06 00:24:56,"ntc2_C",-19.2089229431267,1852037
8,2026-09-06 00:24:56,"testSB_C",-19.2428424421944,1851368
9,2026-09-06 00:24:56,"ntc1_C",-19.1808251932738,1849215
9,2026-09-06 00:24:56,"ntc2_C",-19.1883974826485,1856654
9,2026-09-06 00:24:56,"testSB_C",-19.1670817977376,1851961
10,2026-09-06 00:24:56,"ntc1_C",-19.1437735190308,1850524
10,2026-09-06 00:24:56,"ntc2_C",-19.1343578388933,1845488
10,2026-09-06 00:24:56,"testSB_C",-19.0984612521721,1844302
11,2026-09-06 00:24:56,"ntc1_C",-19.0509115957549,1843922
11,2026-09-06 00:24:56,"ntc2_C",-19.0688753196762,1844765
11,2026-09-06 00:24:56,"testSB_C",-19.0304440187611,1839343
12,2026-09-06 00:24:56,"ntc1_C",-19.043235687819,1841911
12,2026-09-06 00:24:56,"ntc2_C",-19.0037633294095,1837972
12,2026-09-06 00:24:56,"testSB_C",-18.9764018239291,1835911
13,2026-09-06 00:24:56,"ntc1_C",-18.9739140337025,1842081
13,2026-09-06 00:24:56,"ntc2_C",-18.9349223259493,1830339
13,2026-09-06 00:24:56,"testSB_C",-18.9022475352829,1830672
14,2026-09-06 00:24:56,"ntc1_C",-18.8897828434098,1827621
14,2026-09-06 00:24:56,"ntc2_C",-18.8785695639825,1831092
14,2026-09-06 00:24:56,"testSB_C",-18.8569597027937,1829440
15,2026-09-06 00:24:56,"ntc1_C",-18.8357673718006,1822113
15,2026-09-06 00:24:56,"ntc2_C",-18.8331056863944,1828632
15,2026-09-06 00:24:56,"testSB_C",-18.8219939167117,1828074
16,2026-09-06 00:24:56,"ntc1_C",-18.803431321368,1822104
16,2026-09-06 00:24:56,"ntc2_C",-18.7977706785077,1820814
16,2026-09-06 00:24:56,"testSB_C",-18.7877135348849,1820025
17,2026-09-06 00:24:56,"ntc1_C",-18.787283790494,1820722
17,2026-09-06 00:24:56,"ntc2_C",-18.776455726575,1818814
17,2026-09-06 00:24:56,"testSB_C",-18.7683038160935,1823839
18,2026-09-06 00:24:56,"ntc1_C",-18.7630904499916,1823901
18,2026-09-06 00:24:56,"ntc2_C",-18.7465538284023,1817825
18,2026-09-06 00:24:56,"testSB_C",-18.7473388053515,1817638
19,2026-09-06 00:24:56,"ntc1_C",-18.7410824738021,1822178
19,2026-09-06 00:24:56,"ntc2_C",-18.7329132080109,1819779
19,2026-09-06 00:24:56,"testSB_C",-18.7278549771401,1821958
20,2026-09-06 00:24:56,"ntc1_C",-18.7300607022134,1818465
20,2026-09-06 00:24:56,"ntc2_C",-18.7260545378689,1821086
20,2026-09-06 00:24:56,"testSB_C",-18.7156965434829,1814692
21,2026-09-06 00:24:56,"ntc1_C",-18.7266899050278,1814034
21,2026-09-06 00:24:56,"ntc2_C",-18.7201575611548,1818445
21,2026-09-06 00:24:56,"testSB_C",-18.7070589006677,1817832
22,2026-09-06 00:24:56,"ntc1_C",-18.7042240408527,1817919
22,2026-09-06 00:24:56,"ntc2_C",-18.7012463173805,1819228
22,2026-09-06 00:24:56,"testSB_C",-18.683282435805,1813345
23,2026-09-06 00:24:56,"ntc1_C",-18.6740693078878,1819033
23,2026-09-06 00:24:56,"ntc2_C",-18.6688068185656,1814436
23,2026-09-06 00:24:56,"testSB_C",-18.6751478124687,1810797
24,2026-09-06 00:24:56,"ntc1_C",-18.6490950837181,1813977
24,2026-09-06 00:24:56,"ntc2_C",-18.6391330501714,1815777
24,2026-09-06 00:24:56,"testSB_C",-18.6276561885641,1808153
1,2026-09-06 03:24:56,"ntc1_C",-19.3930347367999,1864517
1,2026-09-06 03:24:56,"testSB_C",-19.2824038935159,1859904
2,2026-09-06 03:24:56,"ntc1_C",-19.1940308752497,1852291
2,2026-09-06 03:24:56,"ntc2_C",-19.1807218017034,1850739
2,2026-09-06 03:24:56,"testSB_C",-19.1390031305508,1850763
3,2026-09-06 03:24:56,"ntc1_C",-19.0999828525086,1847787
3,2026-09-06 03:24:56,"ntc2_C",-19.0684718873085,1843960
3,2026-09-06 03:24:56,"testSB_C",-19.0429387751171,1841007
4,2026-09-06 03:24:56,"ntc1_C",-19.0281725035407,1841820
4,2026-09-06 03:24:56,"ntc2_C",-19.0211787747677,1836864
4,2026-09-06 03:24:56,"testSB_C",-19.0093234329446,1836288
5,2026-09-06 03:24:56,"ntc1_C",-18.9940811020379,1835838
5,2026-09-06 03:24:56,"ntc2_C",-18.9730272934369,1836238
5,2026-09-06 03:24:56,"testSB_C",-18.9603357309694,1836817
6,2026-09-06 03:24:56,"ntc1_C",-18.9457733057557,1832506
6,2026-09-06 03:24:56,"ntc2_C",-18.9327443060457,1834173
6,2026-09-06 03:24:56,"testSB_C",-18.923318646589,1833647
7,2026-09-06 03:24:56,"ntc1_C",-18.8914517190171,1829059
7,2026-09-06 03:24:56,"ntc2_C",-18.8864365792274,1831737
7,2026-09-06 03:24:56,"testSB_C",-18.8780451560476,1830795
8,2026-09-06 03:24:56,"ntc1_C",-18.8605989246978,1833295
8,2026-09-06 03:24:56,"ntc2_C",-18.8428660743737,1824776
8,2026-09-06 03:24:56,"testSB_C",-18.8333326503215,1820905
9,2026-09-06 03:24:56,"ntc1_C",-18.808760297319,1821557
9,2026-09-06 03:24:56,"ntc2_C",-18.8004310132156,1827696
9,2026-09-06 03:24:56,"testSB_C",-18.7989028552975,1824538
10,2026-09-06 03:24:56,"ntc1_C",-18.7847407435239,1823814
10,2026-09-06 03:24:56,"ntc2_C",-18.7755278475072,1818851
10,2026-09-06 03:24:56,"testSB_C",-18.7608494875276,1819239
11,2026-09-06 03:24:56,"ntc1_C",-18.7424962232627,1821031
11,2026-09-06 03:24:56,"ntc2_C",-18.7318133185555,1819744
11,2026-09-06 03:24:56,"testSB_C",-18.7126067338468,1815807
12,2026-09-06 03:24:56,"ntc1_C",-18.7100864334145,1817221
12,2026-09-06 03:24:56,"ntc2_C",-18.6814388686172,1814127
12,2026-09-06 03:24:56,"testSB_C",-18.6600419476312,1812521
13,2026-09-06 03:24:56,"ntc1_C",-18.6444444606501,1817658
13,2026-09-06 03:24:56,"ntc2_C",-18.6194754679607,1807079
13,2026-09-06 03:24:56,"testSB_C",-18.5980131415612,1808236
14,2026-09-06 03:24:56,"ntc1_C",-18.571757815427,1804217
14,2026-09-06 03:24:56,"ntc2_C",-18.5545880055994,1807213
14,2026-09-06 03:24:56,"testSB_C",-18.535290659372,1805748
15,2026-09-06 03:24:56,"ntc1_C",-18.4982337576246,1797356
15,2026-09-06 03:24:56,"ntc2_C",-18.4903925895596,1803399
15,2026-09-06 03:24:56,"testSB_C",-18.4750626553023,1802545
16,2026-09-06 03:24:56,"ntc1_C",-18.4364614410128,1795190
16,2026-09-06 03:24:56,"ntc2_C",-18.4220637513386,1793276
16,2026-09-06 03:24:56,"testSB_C",-18.4082605197615,1792225
17,2026-09-06 03:24:56,"ntc1_C",-18.4001395429179,1792362
17,2026-09-06 03:24:56,"ntc2_C",-18.392036418344,1790691
17,2026-09-06 03:24:56,"testSB_C",-18.3992983509974,1796762
18,2026-09-06 03:24:56,"ntc1_C",-18.3844685095502,1796131
18,2026-09-06 03:24:56,"ntc2_C",-18.3671065136094,1790092
18,2026-09-06 03:24:56,"testSB_C",-18.3618987038983,1789441
19,2026-09-06 03:24:56,"ntc1_C",-18.3538663806607,1793792
19,2026-09-06 03:24:56,"ntc2_C",-18.3385872849887,1790910
19,2026-09-06 03:24:56,"testSB_C",-18.3304102794083,1792827
20,2026-09-06 03:24:56,"ntc1_C",-18.3132132856356,1787974
20,2026-09-06 03:24:56,"ntc2_C",-18.2998587974934,1789878
20,2026-09-06 03:24:56,"testSB_C",-18.260893982999,1781521
21,2026-09-06 03:24:56,"ntc1_C",-18.2212554433379,1777245
21,2026-09-06 03:24:56,"ntc2_C",-18.2145731041791,1781540
21,2026-09-06 03:24:56,"testSB_C",-18.1269820231987,1775559
22,2026-09-06 03:24:56,"ntc1_C",-18.1143064027827,1774934
22,2026-09-06 03:24:56,"ntc2_C",-18.11103141781,1776209
22,2026-09-06 03:24:56,"testSB_C",-18.0440584902517,1766917
23,2026-09-06 03:24:56,"ntc1_C",-18.0367821802179,1772630
23,2026-09-06 03:24:56,"ntc2_C",-18.0263308587352,1767754
23,2026-09-06 03:24:56,"testSB_C",-17.978465363164,1760403
24,2026-09-06 03:24:56,"ntc1_C",-17.9176042548887,1760927
24,2026-09-06 03:24:56,"ntc2_C",-17.9086895245918,1762762
24,2026-09-06 03:24:56,"testSB_C",-17.8260264244456,1750287
1,2026-09-06 06:24:56,"ntc1_C",-17.7197214258113,1742145
1,2026-09-06 06:24:56,"testSB_C",-17.5568293621074,1734176
2,2026-09-06 06:24:56,"ntc1_C",-17.4474786269208,1725550
2,2026-09-06 06:24:56,"ntc2_C",-17.3919936470044,1721154
2,2026-09-06 06:24:56,"testSB_C",-17.3587101719245,1721892
3,2026-09-06 06:24:56,"ntc1_C",-17.3455838895651,1720871
3,2026-09-06 06:24:56,"ntc2_C",-17.2869024499721,1715348
3,2026-09-06 06:24:56,"testSB_C",-17.2511655786203,1711932
4,2026-09-06 06:24:56,"ntc1_C",-17.2359317327303,1712611
4,2026-09-06 06:24:56,"ntc2_C",-17.2144332716862,1707000
4,2026-09-06 06:24:56,"testSB_C",-17.1785224601758,1704798
5,2026-09-06 06:24:56,"ntc1_C",-17.1612101757209,1704173
5,2026-09-06 06:24:56,"ntc2_C",-17.1342797322595,1704200
5,2026-09-06 06:24:56,"testSB_C",-17.1087916775237,1703843
6,2026-09-06 06:24:56,"ntc1_C",-17.0822255199253,1699088
6,2026-09-06 06:24:56,"ntc2_C",-17.0726408552404,1700789
6,2026-09-06 06:24:56,"testSB_C",-17.0514325926693,1699520
7,2026-09-06 06:24:56,"ntc1_C",-17.0225458975,1695383
7,2026-09-06 06:24:56,"ntc2_C",-17.0259081747124,1698460
7,2026-09-06 06:24:56,"testSB_C",-16.9941221983112,1696020
8,2026-09-06 06:24:56,"ntc1_C",-16.9732012751039,1698083
8,2026-09-06 06:24:56,"ntc2_C",-16.9604824348474,1690511
8,2026-09-06 06:24:56,"testSB_C",-16.9643648113222,1687827
9,2026-09-06 06:24:56,"ntc1_C",-16.9302029500453,1687815
9,2026-09-06 06:24:56,"ntc2_C",-16.9259046177079,1693724
9,2026-09-06 06:24:56,"testSB_C",-16.9150400803142,1690159
10,2026-09-06 06:24:56,"ntc1_C",-16.9019419104926,1689641
10,2026-09-06 06:24:56,"ntc2_C",-16.897374936914,1685295
10,2026-09-06 06:24:56,"testSB_C",-16.8767619115914,1685220
11,2026-09-06 06:24:56,"ntc1_C",-16.8502059349349,1686396
11,2026-09-06 06:24:56,"ntc2_C",-16.8505233491417,1685919
11,2026-09-06 06:24:56,"testSB_C",-16.8355598068884,1682555
12,2026-09-06 06:24:56,"ntc1_C",-16.8464562889922,1684815
12,2026-09-06 06:24:56,"ntc2_C",-16.8156306673614,1681784
12,2026-09-06 06:24:56,"testSB_C",-16.8007565242175,1680691
13,2026-09-06 06:24:56,"ntc1_C",-16.7929697941619,1686046
13,2026-09-06 06:24:56,"ntc2_C",-16.7614504298094,1675691
13,2026-09-06 06:24:56,"testSB_C",-16.7339385276317,1676388
14,2026-09-06 06:24:56,"ntc1_C",-16.7181245852686,1673394
14,2026-09-06 06:24:56,"ntc2_C",-16.7077327239315,1676661
14,2026-09-06 06:24:56,"testSB_C",-16.6966660878067,1675841
15,2026-09-06 06:24:56,"ntc1_C",-16.6689779488269,1668676
15,2026-09-06 06:24:56,"ntc2_C",-16.6588371302523,1674081
15,2026-09-06 06:24:56,"testSB_C",-16.639149351132,1673012
16,2026-09-06 06:24:56,"ntc1_C",-16.5917510017044,1665548
16,2026-09-06 06:24:56,"ntc2_C",-16.5726096245999,1663416
16,2026-09-06 06:24:56,"testSB_C",-16.5607612961516,1662566
17,2026-09-06 06:24:56,"ntc1_C",-16.5497400515023,1662541
17,2026-09-06 06:24:56,"ntc2_C",-16.5366114310119,1660695
17,2026-09-06 06:24:56,"testSB_C",-16.5276816898744,1665232
18,2026-09-06 06:24:56,"ntc1_C",-16.5229740844008,1665370
18,2026-09-06 06:24:56,"ntc2_C",-16.5071763189899,1659900
18,2026-09-06 06:24:56,"testSB_C",-16.5037525389117,1659270
19,2026-09-06 06:24:56,"ntc1_C",-16.4904506926313,1662995
19,2026-09-06 06:24:56,"ntc2_C",-16.4783501877114,1660520
19,2026-09-06 06:24:56,"testSB_C",-16.4674519187332,1662109
20,2026-09-06 06:24:56,"ntc1_C",-16.4554495438647,1657927
20,2026-09-06 06:24:56,"ntc2_C",-16.4657321042868,1661311
20,2026-09-06 06:24:56,"testSB_C",-16.429521432311,1653724
21,2026-09-06 06:24:56,"ntc1_C",-16.4176753150103,1651700
21,2026-09-06 06:24:56,"ntc2_C",-16.4204555610015,1656272
21,2026-09-06 06:24:56,"testSB_C",-16.3829334498308,1654048
22,2026-09-06 06:24:56,"ntc1_C",-16.3864444015795,1654552
22,2026-09-06 06:24:56,"ntc2_C",-16.3849200942488,1655909
22,2026-09-06 06:24:56,"testSB_C",-16.3766804026049,1651105
23,2026-09-06 06:24:56,"ntc1_C",-16.3709691250885,1656622
23,2026-09-06 06:24:56,"ntc2_C",-16.3664397183156,1652408
23,2026-09-06 06:24:56,"testSB_C",-16.3628262185683,1648639
24,2026-09-06 06:24:56,"ntc1_C",-16.3323026648237,1651006
24,2026-09-06 06:24:56,"ntc2_C",-16.3245147924442,1652828
24,2026-09-06 06:24:56,"testSB_C",-16.3026655577432,1645176
1,2026-09-06 09:24:56,"ntc1_C",-11.8028691384092,1368703
1,2026-09-06 09:24:56,"testSB_C",-11.8764118204278,1375772
2,2026-09-06 09:24:56,"ntc1_C",-11.9887034121398,1381252
2,2026-09-06 09:24:56,"ntc2_C",-12.0183767956254,1382540
2,2026-09-06 09:24:56,"testSB_C",-11.8409349369248,1375337
3,2026-09-06 09:24:56,"ntc1_C",-10.0512228229371,1278276
3,2026-09-06 09:24:56,"ntc2_C",-10.6754134697781,1310003
3,2026-09-06 09:24:56,"testSB_C",-11.0427258453204,1329217
4,2026-09-06 09:24:56,"ntc1_C",-10.5074688832603,1301697
4,2026-09-06 09:24:56,"ntc2_C",-10.4636399120573,1296293
4,2026-09-06 09:24:56,"testSB_C",-11.1236965782616,1331917
5,2026-09-06 09:24:56,"ntc1_C",-11.1732480714417,1334897
5,2026-09-06 09:24:56,"ntc2_C",-10.814760207975,1317142
5,2026-09-06 09:24:56,"testSB_C",-11.034844126933,1330098
6,2026-09-06 09:24:56,"ntc1_C",-11.2312742937315,1338684
6,2026-09-06 09:24:56,"ntc2_C",-10.7759264123353,1315655
6,2026-09-06 09:24:56,"testSB_C",-11.2053149521126,1339178
7,2026-09-06 09:24:56,"ntc1_C",-11.0080786120154,1326578
7,2026-09-06 09:24:56,"ntc2_C",-10.3946264966882,1295966
7,2026-09-06 09:24:56,"testSB_C",-10.9410499022659,1325145
8,2026-09-06 09:24:56,"ntc1_C",-11.1356686685029,1338401
8,2026-09-06 09:24:56,"ntc2_C",-11.1195049221469,1332231
8,2026-09-06 09:24:56,"testSB_C",-10.4120749893054,1292037
9,2026-09-06 09:24:56,"ntc1_C",-11.1603015044248,1334041
9,2026-09-06 09:24:56,"ntc2_C",-10.813148061332,1319934
9,2026-09-06 09:24:56,"testSB_C",-11.1100495792475,1333840
10,2026-09-06 09:24:56,"ntc1_C",-11.073523327019,1332350
10,2026-09-06 09:24:56,"ntc2_C",-10.6206266272347,1304703
10,2026-09-06 09:24:56,"testSB_C",-11.1551748226839,1334492
11,2026-09-06 09:24:56,"ntc1_C",-11.2644278150547,1343023
11,2026-09-06 09:24:56,"ntc2_C",-10.8084142351015,1317787
11,2026-09-06 09:24:56,"testSB_C",-11.0656175369169,1329855
12,2026-09-06 09:24:56,"ntc1_C",-10.5145325052736,1301513
12,2026-09-06 09:24:56,"ntc2_C",-10.8202256795414,1317111
12,2026-09-06 09:24:56,"testSB_C",-11.070458899853,1330468
13,2026-09-06 09:24:56,"ntc1_C",-10.9541652868885,1328918
13,2026-09-06 09:24:56,"ntc2_C",-10.6692229008323,1306977
13,2026-09-06 09:24:56,"testSB_C",-10.9648563935946,1324962
14,2026-09-06 09:24:56,"ntc1_C",-10.9593457159427,1323244
14,2026-09-06 09:24:56,"ntc2_C",-10.6564997650949,1310141
14,2026-09-06 09:24:56,"testSB_C",-10.9084241016972,1323561
15,2026-09-06 09:24:56,"ntc1_C",-11.0273540536343,1325855
15,2026-09-06 09:24:56,"ntc2_C",-10.6476028673649,1310085
15,2026-09-06 09:24:56,"testSB_C",-10.5779724520877,1306618
16,2026-09-06 09:24:56,"ntc1_C",-11.0773145589226,1330084
16,2026-09-06 09:24:56,"ntc2_C",-10.9250913367791,1321106
16,2026-09-06 09:24:56,"testSB_C",-10.9791248141651,1323972
17,2026-09-06 09:24:56,"ntc1_C",-10.9174639140601,1321325
17,2026-09-06 09:24:56,"ntc2_C",-10.8867897064312,1319023
17,2026-09-06 09:24:56,"testSB_C",-11.1461765686399,1337163
18,2026-09-06 09:24:56,"ntc1_C",-10.9082190454967,1324704
18,2026-09-06 09:24:56,"ntc2_C",-10.7573486581132,1313187
18,2026-09-06 09:24:56,"testSB_C",-10.9599610101004,1323409
19,2026-09-06 09:24:56,"ntc1_C",-10.987990080441,1328728
19,2026-09-06 09:24:56,"ntc2_C",-10.89627563772,1322408
19,2026-09-06 09:24:56,"testSB_C",-10.8299963882658,1320669
20,2026-09-06 09:24:56,"ntc1_C",-10.9327950406391,1323480
20,2026-09-06 09:24:56,"ntc2_C",-10.5033795640477,1302634
20,2026-09-06 09:24:56,"testSB_C",-10.7495580050075,1311717
21,2026-09-06 09:24:56,"ntc1_C",-10.9580814417362,1322178
21,2026-09-06 09:24:56,"ntc2_C",-10.4805605138301,1299932
21,2026-09-06 09:24:56,"testSB_C",-11.1409102721478,1335647
22,2026-09-06 09:24:56,"ntc1_C",-10.9632334111166,1326217
22,2026-09-06 09:24:56,"ntc2_C",-10.4086373873625,1297823
22,2026-09-06 09:24:56,"testSB_C",-11.0907934847892,1330861
23,2026-09-06 09:24:56,"ntc1_C",-10.8387205022879,1322099
23,2026-09-06 09:24:56,"ntc2_C",-10.497957444963,1300654
23,2026-09-06 09:24:56,"testSB_C",-10.9820944536099,1324087
24,2026-09-06 09:24:56,"ntc1_C",-10.9328797517542,1324630
24,2026-09-06 09:24:56,"ntc2_C",-10.7306364790698,1315679
24,2026-09-06 09:24:56,"testSB_C",-10.9003376088225,1319868
1,2026-09-06 12:24:56,"ntc1_C",-6.31703950478806,1094278
1,2026-09-06 12:24:56,"testSB_C",-6.28409326580015,1095289
2,2026-09-06 12:24:56,"ntc1_C",-6.58507932093187,1108017
2,2026-09-06 12:24:56,"ntc2_C",-6.47916851636683,1102967
2,2026-09-06 12:24:56,"testSB_C",-6.04084229907653,1085929
3,2026-09-06 12:24:56,"ntc1_C",-4.92073816981048,1037326
3,2026-09-06 12:24:56,"ntc2_C",-4.85735281710635,1033576
3,2026-09-06 12:24:56,"testSB_C",-6.18671813755429,1090590
4,2026-09-06 12:24:56,"ntc1_C",-5.22775685648787,1049789
4,2026-09-06 12:24:56,"ntc2_C",-4.87148941619472,1032315
4,2026-09-06 12:24:56,"testSB_C",-5.7581902474551,1070362
5,2026-09-06 12:24:56,"ntc1_C",-5.40748005580235,1055306
5,2026-09-06 12:24:56,"ntc2_C",-5.11091443142834,1044099
5,2026-09-06 12:24:56,"testSB_C",-5.62375862204442,1066905
6,2026-09-06 12:24:56,"ntc1_C",-5.49140159021755,1059622
6,2026-09-06 12:24:56,"ntc2_C",-5.10863122146407,1044399
6,2026-09-06 12:24:56,"testSB_C",-6.45388838350948,1103397
7,2026-09-06 12:24:56,"ntc1_C",-5.1942363627229,1046740
7,2026-09-06 12:24:56,"ntc2_C",-4.93024963821108,1037342
7,2026-09-06 12:24:56,"testSB_C",-5.17865610564979,1047931
8,2026-09-06 12:24:56,"ntc1_C",-5.35723662511066,1057590
8,2026-09-06 12:24:56,"ntc2_C",-5.71483049984766,1068866
8,2026-09-06 12:24:56,"testSB_C",-4.83170912069602,1029394
9,2026-09-06 12:24:56,"ntc1_C",-5.42152365280208,1055936
9,2026-09-06 12:24:56,"ntc2_C",-5.02750973432944,1042692
9,2026-09-06 12:24:56,"testSB_C",-6.11117056698106,1087903
10,2026-09-06 12:24:56,"ntc1_C",-5.29181437633906,1052791
10,2026-09-06 12:24:56,"ntc2_C",-4.98783110238509,1037231
10,2026-09-06 12:24:56,"testSB_C",-5.31970170266891,1052061
11,2026-09-06 12:24:56,"ntc1_C",-5.49837032612606,1061890
11,2026-09-06 12:24:56,"ntc2_C",-5.05665924979957,1042573
11,2026-09-06 12:24:56,"testSB_C",-5.31210701480131,1052018
12,2026-09-06 12:24:56,"ntc1_C",-4.95345441172128,1037801
12,2026-09-06 12:24:56,"ntc2_C",-5.03709071096733,1040739
12,2026-09-06 12:24:56,"testSB_C",-6.39095341231621,1099408
13,2026-09-06 12:24:56,"ntc1_C",-5.24315568772289,1053086
13,2026-09-06 12:24:56,"ntc2_C",-4.84958661798765,1031108
13,2026-09-06 12:24:56,"testSB_C",-5.11025985500396,1043791
14,2026-09-06 12:24:56,"ntc1_C",-5.0788300060367,1041445
14,2026-09-06 12:24:56,"ntc2_C",-5.06964488237753,1043565
14,2026-09-06 12:24:56,"testSB_C",-5.16928755307333,1047645
15,2026-09-06 12:24:56,"ntc1_C",-5.25581123951622,1048147
15,2026-09-06 12:24:56,"ntc2_C",-4.98551200767935,1040230
15,2026-09-06 12:24:56,"testSB_C",-4.95807505925814,1039276
16,2026-09-06 12:24:56,"ntc1_C",-5.36331025370583,1053791
16,2026-09-06 12:24:56,"ntc2_C",-5.04222754654791,1039500
16,2026-09-06 12:24:56,"testSB_C",-5.19974691802906,1046119
17,2026-09-06 12:24:56,"ntc1_C",-5.060899155757,1040843
17,2026-09-06 12:24:56,"ntc2_C",-5.09234770186191,1041750
17,2026-09-06 12:24:56,"testSB_C",-5.30925547261802,1054158
18,2026-09-06 12:24:56,"ntc1_C",-5.04723839865676,1043447
18,2026-09-06 12:24:56,"ntc2_C",-5.18750751593615,1046802
18,2026-09-06 12:24:56,"testSB_C",-5.21578090043033,1047180
19,2026-09-06 12:24:56,"ntc1_C",-5.17867486899138,1048684
19,2026-09-06 12:24:56,"ntc2_C",-5.14955288579768,1046342
19,2026-09-06 12:24:56,"testSB_C",-5.04256541528054,1043241
20,2026-09-06 12:24:56,"ntc1_C",-5.11230777953307,1044005
20,2026-09-06 12:24:56,"ntc2_C",-4.84993650002536,1034669
20,2026-09-06 12:24:56,"testSB_C",-4.86982227786893,1032336
21,2026-09-06 12:24:56,"ntc1_C",-5.11202324369083,1042160
21,2026-09-06 12:24:56,"ntc2_C",-4.92444395426878,1036675
21,2026-09-06 12:24:56,"testSB_C",-5.35012172355653,1054881
22,2026-09-06 12:24:56,"ntc1_C",-5.15353660256528,1046694
22,2026-09-06 12:24:56,"ntc2_C",-4.62222427538461,1025502
22,2026-09-06 12:24:56,"testSB_C",-5.35605287672303,1053541
23,2026-09-06 12:24:56,"ntc1_C",-5.21042212035422,1051244
23,2026-09-06 12:24:56,"ntc2_C",-4.75487256344786,1029412
23,2026-09-06 12:24:56,"testSB_C",-5.18021002194371,1045556
24,2026-09-06 12:24:56,"ntc1_C",-5.01386440131756,1040772
24,2026-09-06 12:24:56,"ntc2_C",-4.97773759071794,1040840
24,2026-09-06 12:24:56,"testSB_C",-5.13793347999069,1043757
1,2026-09-06 15:24:56,"ntc1_C",-3.21119217051739,964634
1,2026-09-06 15:24:56,"testSB_C",-3.33679805004272,971811
2,2026-09-06 15:24:56,"ntc1_C",-3.43800489818682,975068
2,2026-09-06 15:24:56,"ntc2_C",-3.05854120091067,959965
2,2026-09-06 15:24:56,"testSB_C",-3.0962326709797,963726
3,2026-09-06 15:24:56,"ntc1_C",-2.08952607210631,924954
3,2026-09-06 15:24:56,"ntc2_C",-2.03042765735972,921736
3,2026-09-06 15:24:56,"testSB_C",-2.04083683442752,921901
4,2026-09-06 15:24:56,"ntc1_C",-2.23234507587381,929791
4,2026-09-06 15:24:56,"ntc2_C",-2.24832793635159,928268
4,2026-09-06 15:24:56,"testSB_C",-2.03180411749804,920354
5,2026-09-06 15:24:56,"ntc1_C",-2.19788656210733,926556
5,2026-09-06 15:24:56,"ntc2_C",-2.24575503498949,929689
5,2026-09-06 15:24:56,"testSB_C",-1.95809114949242,919640
6,2026-09-06 15:24:56,"ntc1_C",-2.28296219806435,930470
6,2026-09-06 15:24:56,"ntc2_C",-2.25643363976354,930401
6,2026-09-06 15:24:56,"testSB_C",-2.06305224398449,923450
7,2026-09-06 15:24:56,"ntc1_C",-1.97354758567536,918679
7,2026-09-06 15:24:56,"ntc2_C",-2.31351745080838,932978
7,2026-09-06 15:24:56,"testSB_C",-1.92438448763028,918539
8,2026-09-06 15:24:56,"ntc1_C",-2.06838036782767,925622
8,2026-09-06 15:24:56,"ntc2_C",-1.91731630273392,916426
8,2026-09-06 15:24:56,"testSB_C",-2.07466366689215,920651
9,2026-09-06 15:24:56,"ntc1_C",-2.04237686694006,920863
9,2026-09-06 15:24:56,"ntc2_C",-1.9232310198197,919457
9,2026-09-06 15:24:56,"testSB_C",-2.05835630464873,923037
10,2026-09-06 15:24:56,"ntc1_C",-2.02689626037574,922384
10,2026-09-06 15:24:56,"ntc2_C",-2.1360418959535,924083
10,2026-09-06 15:24:56,"testSB_C",-2.10681601601021,923631
11,2026-09-06 15:24:56,"ntc1_C",-2.08514220082009,924774
11,2026-09-06 15:24:56,"ntc2_C",-2.00723740285497,921453
11,2026-09-06 15:24:56,"testSB_C",-2.08044900418042,922950
12,2026-09-06 15:24:56,"ntc1_C",-2.22152167872071,929103
12,2026-09-06 15:24:56,"ntc2_C",-2.03300951559822,921528
12,2026-09-06 15:24:56,"testSB_C",-2.22184366507821,928389
13,2026-09-06 15:24:56,"ntc1_C",-2.20815889157569,931223
13,2026-09-06 15:24:56,"ntc2_C",-1.83121507462158,912450
13,2026-09-06 15:24:56,"testSB_C",-1.91596217693655,917091
14,2026-09-06 15:24:56,"ntc1_C",-1.78044174654923,911255
14,2026-09-06 15:24:56,"ntc2_C",-1.95425569202416,919877
14,2026-09-06 15:24:56,"testSB_C",-2.05901475889914,923618
15,2026-09-06 15:24:56,"ntc1_C",-2.04525773785764,920362
15,2026-09-06 15:24:56,"ntc2_C",-2.10842535773287,925778
15,2026-09-06 15:24:56,"testSB_C",-2.24826834610894,931203
16,2026-09-06 15:24:56,"ntc1_C",-2.18732989633111,926512
16,2026-09-06 15:24:56,"ntc2_C",-1.78764506341031,911093
16,2026-09-06 15:24:56,"testSB_C",-2.00823881191479,919194
17,2026-09-06 15:24:56,"ntc1_C",-1.83245708691487,913244
17,2026-09-06 15:24:56,"ntc2_C",-2.00293346578331,919221
17,2026-09-06 15:24:56,"testSB_C",-1.98209506908802,921207
18,2026-09-06 15:24:56,"ntc1_C",-1.83842946300189,916310
18,2026-09-06 15:24:56,"ntc2_C",-2.31226899248554,931752
18,2026-09-06 15:24:56,"testSB_C",-2.13939037760599,924408
19,2026-09-06 15:24:56,"ntc1_C",-1.98167003507729,921273
19,2026-09-06 15:24:56,"ntc2_C",-2.1500089464493,926572
19,2026-09-06 15:24:56,"testSB_C",-2.02825798221215,923292
20,2026-09-06 15:24:56,"ntc1_C",-1.9095676059523,916930
20,2026-09-06 15:24:56,"ntc2_C",-2.19535284035481,929144
20,2026-09-06 15:24:56,"testSB_C",-1.74372978386043,909580
21,2026-09-06 15:24:56,"ntc1_C",-1.89440698908362,914904
21,2026-09-06 15:24:56,"ntc2_C",-2.28653454523032,931589
21,2026-09-06 15:24:56,"testSB_C",-2.11375025148584,925205
22,2026-09-06 15:24:56,"ntc1_C",-1.9008952978761,917488
22,2026-09-06 15:24:56,"ntc2_C",-1.85187592499614,916757
22,2026-09-06 15:24:56,"testSB_C",-2.25191981855136,929021
23,2026-09-06 15:24:56,"ntc1_C",-2.29019815256748,933930
23,2026-09-06 15:24:56,"ntc2_C",-1.92173373569926,917837
23,2026-09-06 15:24:56,"testSB_C",-2.11754348138169,923639
24,2026-09-06 15:24:56,"ntc1_C",-1.81330322288994,914207
24,2026-09-06 15:24:56,"ntc2_C",-2.17414202640219,929085
24,2026-09-06 15:24:56,"testSB_C",-2.06286649999043,921527
1,2026-09-06 18:24:56,"ntc1_C",-4.9778540875368,1036291
1,2026-09-06 18:24:56,"testSB_C",-5.08371517527638,1043142
2,2026-09-06 18:24:56,"ntc1_C",-4.86575336448919,1033206
2,2026-09-06 18:24:56,"ntc2_C",-4.38333923410084,1012918
2,2026-09-06 18:24:56,"testSB_C",-4.86732049045463,1035405
3,2026-09-06 18:24:56,"ntc1_C",-4.08228175166471,1002637
3,2026-09-06 18:24:56,"ntc2_C",-3.80961033376911,990560
3,2026-09-06 18:24:56,"testSB_C",-3.50104575569037,977980
4,2026-09-06 18:24:56,"ntc1_C",-3.98492921449724,998153
4,2026-09-06 18:24:56,"ntc2_C",-3.96871736024724,995199
4,2026-09-06 18:24:56,"testSB_C",-3.44598394316716,974523
5,2026-09-06 18:24:56,"ntc1_C",-3.5497633666248,978666
5,2026-09-06 18:24:56,"ntc2_C",-3.84729051924592,991931
5,2026-09-06 18:24:56,"testSB_C",-3.46256280358324,977337
6,2026-09-06 18:24:56,"ntc1_C",-3.58917593874042,980950
6,2026-09-06 18:24:56,"ntc2_C",-3.84556556018697,992219
6,2026-09-06 18:24:56,"testSB_C",-3.43863194143773,976284
7,2026-09-06 18:24:56,"ntc1_C",-3.37074441867833,972101
7,2026-09-06 18:24:56,"ntc2_C",-4.01854654832027,999664
7,2026-09-06 18:24:56,"testSB_C",-3.39739210188912,974909
8,2026-09-06 18:24:56,"ntc1_C",-3.44534932232978,978652
8,2026-09-06 18:24:56,"ntc2_C",-3.27617011316352,968185
8,2026-09-06 18:24:56,"testSB_C",-3.756496067527,985472
9,2026-09-06 18:24:56,"ntc1_C",-3.30987810259757,969282
9,2026-09-06 18:24:56,"ntc2_C",-3.48403535415406,979397
9,2026-09-06 18:24:56,"testSB_C",-3.39579879259583,974355
10,2026-09-06 18:24:56,"ntc1_C",-3.35410059398379,973236
10,2026-09-06 18:24:56,"ntc2_C",-3.78030161778685,987652
10,2026-09-06 18:24:56,"testSB_C",-3.45228114179997,975301
11,2026-09-06 18:24:56,"ntc1_C",-3.3385856065957,972847
11,2026-09-06 18:24:56,"ntc2_C",-3.56847272156625,981514
11,2026-09-06 18:24:56,"testSB_C",-3.36767485802193,972259
12,2026-09-06 18:24:56,"ntc1_C",-3.90053917273963,994417
12,2026-09-06 18:24:56,"ntc2_C",-3.55078423629385,979868
12,2026-09-06 18:24:56,"testSB_C",-3.60172390882406,981697
13,2026-09-06 18:24:56,"ntc1_C",-3.55204376130251,983264
13,2026-09-06 18:24:56,"ntc2_C",-3.4426915615042,973915
13,2026-09-06 18:24:56,"testSB_C",-3.32293113732038,970798
14,2026-09-06 18:24:56,"ntc1_C",-3.12116044339143,961997
14,2026-09-06 18:24:56,"ntc2_C",-3.53130478936765,980457
14,2026-09-06 18:24:56,"testSB_C",-3.39930736969251,975074
15,2026-09-06 18:24:56,"ntc1_C",-3.37022287147215,971008
15,2026-09-06 18:24:56,"ntc2_C",-3.58039471092286,982596
15,2026-09-06 18:24:56,"testSB_C",-3.75479707225014,989758
16,2026-09-06 18:24:56,"ntc1_C",-3.38519394679827,972524
16,2026-09-06 18:24:56,"ntc2_C",-3.26282747603881,967112
16,2026-09-06 18:24:56,"testSB_C",-3.32172071634824,969367
17,2026-09-06 18:24:56,"ntc1_C",-3.1953112831356,964995
17,2026-09-06 18:24:56,"ntc2_C",-3.33898463617174,970256
17,2026-09-06 18:24:56,"testSB_C",-3.20788169209123,968031
18,2026-09-06 18:24:56,"ntc1_C",-3.18421415039847,967544
18,2026-09-06 18:24:56,"ntc2_C",-3.70605622847194,985783
18,2026-09-06 18:24:56,"testSB_C",-3.3964611161166,972656
19,2026-09-06 18:24:56,"ntc1_C",-3.25966104351744,970152
19,2026-09-06 18:24:56,"ntc2_C",-3.5373892640535,980088
19,2026-09-06 18:24:56,"testSB_C",-3.41026449350329,976395
20,2026-09-06 18:24:56,"ntc1_C",-3.095723864148,962001
20,2026-09-06 18:24:56,"ntc2_C",-3.7226786060404,988410
20,2026-09-06 18:24:56,"testSB_C",-3.09416740958198,960626
21,2026-09-06 18:24:56,"ntc1_C",-3.1025230677655,960670
21,2026-09-06 18:24:56,"ntc2_C",-3.76191933346814,988919
21,2026-09-06 18:24:56,"testSB_C",-3.26719520823832,969403
22,2026-09-06 18:24:56,"ntc1_C",-3.02056104347366,959975
22,2026-09-06 18:24:56,"ntc2_C",-3.41293630091468,976464
22,2026-09-06 18:24:56,"testSB_C",-3.34516524437862,971025
23,2026-09-06 18:24:56,"ntc1_C",-3.48732176541648,980281
23,2026-09-06 18:24:56,"ntc2_C",-3.40479286195324,974576
23,2026-09-06 18:24:56,"testSB_C",-3.38052723952677,972013
24,2026-09-06 18:24:56,"ntc1_C",-3.04683543663054,960971
24,2026-09-06 18:24:56,"ntc2_C",-3.46297546770518,978820
24,2026-09-06 18:24:56,"testSB_C",-3.14001564665136,962548
1,2026-09-06 21:24:56,"ntc1_C",-5.40749684752473,1054540
1,2026-09-06 21:24:56,"testSB_C",-5.33734405170571,1053942
2,2026-09-06 21:24:56,"ntc1_C",-5.32519558623068,1052671
2,2026-09-06 21:24:56,"ntc2_C",-5.29106306994549,1050947
2,2026-09-06 21:24:56,"testSB_C",-5.28629252943955,1053158
3,2026-09-06 21:24:56,"ntc1_C",-5.26335561491652,1051857
3,2026-09-06 21:24:56,"ntc2_C",-5.24156696566126,1049832
3,2026-09-06 21:24:56,"testSB_C",-5.2025722332902,1047841
4,2026-09-06 21:24:56,"ntc1_C",-5.20549222061408,1048840
4,2026-09-06 21:24:56,"ntc2_C",-5.18819838805075,1045674
4,2026-09-06 21:24:56,"testSB_C",-5.13443235564245,1043582
5,2026-09-06 21:24:56,"ntc1_C",-5.13162726360918,1043543
5,2026-09-06 21:24:56,"ntc2_C",-5.13875658299207,1045280
5,2026-09-06 21:24:56,"testSB_C",-5.11232013948751,1044967
6,2026-09-06 21:24:56,"ntc1_C",-5.08918155561963,1042458
6,2026-09-06 21:24:56,"ntc2_C",-5.12307726061272,1045012
6,2026-09-06 21:24:56,"testSB_C",-5.07397195550914,1043221
7,2026-09-06 21:24:56,"ntc1_C",-5.05967592824618,1041034
7,2026-09-06 21:24:56,"ntc2_C",-5.08079468976143,1043704
7,2026-09-06 21:24:56,"testSB_C",-5.03775168664862,1041953
8,2026-09-06 21:24:56,"ntc1_C",-5.02393474917886,1043367
8,2026-09-06 21:24:56,"ntc2_C",-5.03786822843188,1039872
8,2026-09-06 21:24:56,"testSB_C",-5.04146443478834,1038197
9,2026-09-06 21:24:56,"ntc1_C",-5.02109711599923,1038906
9,2026-09-06 21:24:56,"ntc2_C",-5.03499251753163,1043009
9,2026-09-06 21:24:56,"testSB_C",-5.01502669838698,1040497
10,2026-09-06 21:24:56,"ntc1_C",-5.01174252398954,1040887
10,2026-09-06 21:24:56,"ntc2_C",-5.02176396034463,1038661
10,2026-09-06 21:24:56,"testSB_C",-4.98559047211558,1037880
11,2026-09-06 21:24:56,"ntc1_C",-4.98134278258561,1039831
11,2026-09-06 21:24:56,"ntc2_C",-4.99210055186393,1039844
11,2026-09-06 21:24:56,"testSB_C",-4.95802694177058,1037003
12,2026-09-06 21:24:56,"ntc1_C",-4.9826123323848,1039030
12,2026-09-06 21:24:56,"ntc2_C",-4.96752136688934,1037804
12,2026-09-06 21:24:56,"testSB_C",-4.94712032628809,1036752
13,2026-09-06 21:24:56,"ntc1_C",-4.95652012814588,1040899
13,2026-09-06 21:24:56,"ntc2_C",-4.95981705992796,1035734
13,2026-09-06 21:24:56,"testSB_C",-4.94127054315942,1036652
14,2026-09-06 21:24:56,"ntc1_C",-4.93622905393818,1035434
14,2026-09-06 21:24:56,"ntc2_C",-4.95002740899531,1038510
14,2026-09-06 21:24:56,"testSB_C",-4.91485201769046,1036877
15,2026-09-06 21:24:56,"ntc1_C",-4.91752240555553,1033853
15,2026-09-06 21:24:56,"ntc2_C",-4.9105655249482,1037069
15,2026-09-06 21:24:56,"testSB_C",-4.90332535684803,1036968
16,2026-09-06 21:24:56,"ntc1_C",-4.86744563127201,1032779
16,2026-09-06 21:24:56,"ntc2_C",-4.89172567258379,1033165
16,2026-09-06 21:24:56,"testSB_C",-4.87793641330165,1032532
17,2026-09-06 21:24:56,"ntc1_C",-4.88327570236339,1033362
17,2026-09-06 21:24:56,"ntc2_C",-4.87267697626999,1032501
17,2026-09-06 21:24:56,"testSB_C",-4.86753940945727,1035416
18,2026-09-06 21:24:56,"ntc1_C",-4.87335171835133,1036108
18,2026-09-06 21:24:56,"ntc2_C",-4.8752659396763,1033623
18,2026-09-06 21:24:56,"testSB_C",-4.86268399217778,1032266
19,2026-09-06 21:24:56,"ntc1_C",-4.86317806057275,1035333
19,2026-09-06 21:24:56,"ntc2_C",-4.86898457410655,1034486
19,2026-09-06 21:24:56,"testSB_C",-4.86180178315948,1035610
20,2026-09-06 21:24:56,"ntc1_C",-4.84890548005893,1032894
20,2026-09-06 21:24:56,"ntc2_C",-4.85250664627353,1034777
20,2026-09-06 21:24:56,"testSB_C",-4.82399566174388,1030417
21,2026-09-06 21:24:56,"ntc1_C",-4.83169848388849,1030374
21,2026-09-06 21:24:56,"ntc2_C",-4.83466417526756,1032903
21,2026-09-06 21:24:56,"testSB_C",-4.80474000983162,1031770
22,2026-09-06 21:24:56,"ntc1_C",-4.80881139549405,1032145
22,2026-09-06 21:24:56,"ntc2_C",-4.82627803711915,1034026
22,2026-09-06 21:24:56,"testSB_C",-4.75931889670846,1028320
23,2026-09-06 21:24:56,"ntc1_C",-4.75567079924974,1032013
23,2026-09-06 21:24:56,"ntc2_C",-4.78761394324795,1030781
23,2026-09-06 21:24:56,"testSB_C",-4.75217486439573,1027556
24,2026-09-06 21:24:56,"ntc1_C",-4.73777079123312,1029168
24,2026-09-06 21:24:56,"ntc2_C",-4.73143296443101,1030484
24,2026-09-06 21:24:56,"testSB_C",-4.69546596492523,1025178
1,2026-09-07 00:24:56,"ntc1_C",-4.14373844784041,1001792
1,2026-09-07 00:24:56,"testSB_C",-4.10948410093005,1002714
2,2026-09-07 00:24:56,"ntc1_C",-4.10245426660725,1001689
2,2026-09-07 00:24:56,"ntc2_C",-4.09797090632355,1001260
2,2026-09-07 00:24:56,"testSB_C",-4.09367832010821,1003435
3,2026-09-07 00:24:56,"ntc1_C",-4.08124841721116,1002595
3,2026-09-07 00:24:56,"ntc2_C",-4.0762614314209,1001328
3,2026-09-07 00:24:56,"testSB_C",-4.0687745607413,1000735
4,2026-09-07 00:24:56,"ntc1_C",-4.06303405936563,1001319
4,2026-09-07 00:24:56,"ntc2_C",-4.06036896574142,998903
4,2026-09-07 00:24:56,"testSB_C",-4.05827852673576,999000
5,2026-09-07 00:24:56,"ntc1_C",-4.054737727217,998908
5,2026-09-07 00:24:56,"ntc2_C",-4.04633138800972,999965
5,2026-09-07 00:24:56,"testSB_C",-4.04522490264424,1000687
6,2026-09-07 00:24:56,"ntc1_C",-4.04789778710062,999349
6,2026-09-07 00:24:56,"ntc2_C",-4.04528469305853,1000286
6,2026-09-07 00:24:56,"testSB_C",-4.0462586053701,1000618
7,2026-09-07 00:24:56,"ntc1_C",-4.03243807476974,998524
7,2026-09-07 00:24:56,"ntc2_C",-4.03334299866304,1000264
7,2026-09-07 00:24:56,"testSB_C",-4.0302296537011,1000226
8,2026-09-07 00:24:56,"ntc1_C",-4.03029400581869,1002131
8,2026-09-07 00:24:56,"ntc2_C",-4.03359528204385,998354
8,2026-09-07 00:24:56,"testSB_C",-4.02578597582425,996286
9,2026-09-07 00:24:56,"ntc1_C",-4.0222627577553,997657
9,2026-09-07 00:24:56,"ntc2_C",-4.02196735538217,1000990
9,2026-09-07 00:24:56,"testSB_C",-4.02451044201138,999501
10,2026-09-07 00:24:56,"ntc1_C",-4.02161880495345,999911
10,2026-09-07 00:24:56,"ntc2_C",-4.01864682844979,997239
10,2026-09-07 00:24:56,"testSB_C",-4.01731351638455,997892
11,2026-09-07 00:24:56,"ntc1_C",-4.01472357211026,999856
11,2026-09-07 00:24:56,"ntc2_C",-4.01142372240423,999289
11,2026-09-07 00:24:56,"testSB_C",-4.0094183398104,997863
12,2026-09-07 00:24:56,"ntc1_C",-4.00693567095618,998714
12,2026-09-07 00:24:56,"ntc2_C",-4.00853107110515,998210
12,2026-09-07 00:24:56,"testSB_C",-4.00596838201005,997912
13,2026-09-07 00:24:56,"ntc1_C",-4.0100849806592,1001687
13,2026-09-07 00:24:56,"ntc2_C",-4.0041949548629,996335
13,2026-09-07 00:24:56,"testSB_C",-4.00949347240618,998188
14,2026-09-07 00:24:56,"ntc1_C",-4.01195072428538,997336
14,2026-09-07 00:24:56,"ntc2_C",-4.00775050215088,999567
14,2026-09-07 00:24:56,"testSB_C",-4.01119336104711,999552
15,2026-09-07 00:24:56,"ntc1_C",-4.00296542608254,996213
15,2026-09-07 00:24:56,"ntc2_C",-4.00178018021546,999523
15,2026-09-07 00:24:56,"testSB_C",-4.00061622912267,999671
16,2026-09-07 00:24:56,"ntc1_C",-3.99297169930344,996776
16,2026-09-07 00:24:56,"ntc2_C",-3.98937935466984,996014
16,2026-09-07 00:24:56,"testSB_C",-3.98201949082517,995662
17,2026-09-07 00:24:56,"ntc1_C",-3.98459829969187,996358
17,2026-09-07 00:24:56,"ntc2_C",-3.97650196794399,995642
17,2026-09-07 00:24:56,"testSB_C",-3.97173811112822,998460
18,2026-09-07 00:24:56,"ntc1_C",-3.97334788437763,998969
18,2026-09-07 00:24:56,"ntc2_C",-3.96906545603855,996340
18,2026-09-07 00:24:56,"testSB_C",-3.96815483842562,995461
19,2026-09-07 00:24:56,"ntc1_C",-3.96418311049683,998248
19,2026-09-07 00:24:56,"ntc2_C",-3.95837409099931,996957
19,2026-09-07 00:24:56,"testSB_C",-3.9602982861436,998408
20,2026-09-07 00:24:56,"ntc1_C",-3.96424452511343,996466
20,2026-09-07 00:24:56,"ntc2_C",-3.95982535206372,997960
20,2026-09-07 00:24:56,"testSB_C",-3.95437570464827,994695
21,2026-09-07 00:24:56,"ntc1_C",-3.96565096919795,994828
21,2026-09-07 00:24:56,"ntc2_C",-3.96285558370533,997007
21,2026-09-07 00:24:56,"testSB_C",-3.96786774198267,997323
22,2026-09-07 00:24:56,"ntc1_C",-3.97137156262835,997669
22,2026-09-07 00:24:56,"ntc2_C",-3.96095573957155,998377
22,2026-09-07 00:24:56,"testSB_C",-3.96112789905771,995561
23,2026-09-07 00:24:56,"ntc1_C",-3.9624796311802,999338
23,2026-09-07 00:24:56,"ntc2_C",-3.96328316297411,996882
23,2026-09-07 00:24:56,"testSB_C",-3.97203860798692,995572
24,2026-09-07 00:24:56,"ntc1_C",-3.96548745637318,997417
24,2026-09-07 00:24:56,"ntc2_C",-3.95757689595109,998637
24,2026-09-07 00:24:56,"testSB_C",-3.9556100729302,994875
1,2026-09-07 03:24:56,"ntc1_C",-4.34084263591564,1009835
1,2026-09-07 03:24:56,"testSB_C",-4.31130071271872,1010953
2,2026-09-07 03:24:56,"ntc1_C",-4.29436783533896,1009518
2,2026-09-07 03:24:56,"ntc2_C",-4.29135796630709,1009145
2,2026-09-07 03:24:56,"testSB_C",-4.27822829294593,1010967
3,2026-09-07 03:24:56,"ntc1_C",-4.27470392209239,1010490
3,2026-09-07 03:24:56,"ntc2_C",-4.26399241317421,1008982
3,2026-09-07 03:24:56,"testSB_C",-4.25833749924271,1008455
4,2026-09-07 03:24:56,"ntc1_C",-4.24735545633229,1008832
4,2026-09-07 03:24:56,"ntc2_C",-4.24545853617235,1006427
4,2026-09-07 03:24:56,"testSB_C",-4.24840326833038,1006730
5,2026-09-07 03:24:56,"ntc1_C",-4.24670571174829,1006717
5,2026-09-07 03:24:56,"ntc2_C",-4.23103749090916,1007481
5,2026-09-07 03:24:56,"testSB_C",-4.2308673356207,1008248
6,2026-09-07 03:24:56,"ntc1_C",-4.23486940603294,1006951
6,2026-09-07 03:24:56,"ntc2_C",-4.22587216705244,1007639
6,2026-09-07 03:24:56,"testSB_C",-4.22941097127125,1008076
7,2026-09-07 03:24:56,"ntc1_C",-4.21357809153903,1005887
7,2026-09-07 03:24:56,"ntc2_C",-4.21236116054899,1007553
7,2026-09-07 03:24:56,"testSB_C",-4.2159722008119,1007786
8,2026-09-07 03:24:56,"ntc1_C",-4.21892721452559,1009827
8,2026-09-07 03:24:56,"ntc2_C",-4.21789428559578,1005842
8,2026-09-07 03:24:56,"testSB_C",-4.21042444024459,1003772
9,2026-09-07 03:24:56,"ntc1_C",-4.2126989485995,1005388
9,2026-09-07 03:24:56,"ntc2_C",-4.20520374353958,1008458
9,2026-09-07 03:24:56,"testSB_C",-4.21990409697105,1007453
10,2026-09-07 03:24:56,"ntc1_C",-4.2162178957588,1007830
10,2026-09-07 03:24:56,"ntc2_C",-4.20644301623963,1004861
10,2026-09-07 03:24:56,"testSB_C",-4.21921578927629,1006096
11,2026-09-07 03:24:56,"ntc1_C",-4.22287100584651,1008327
11,2026-09-07 03:24:56,"ntc2_C",-4.20972778141839,1007355
11,2026-09-07 03:24:56,"testSB_C",-4.21482790988676,1006206
12,2026-09-07 03:24:56,"ntc1_C",-4.20586485018646,1006800
12,2026-09-07 03:24:56,"ntc2_C",-4.21135169581407,1006451
12,2026-09-07 03:24:56,"testSB_C",-4.21434336087003,1006379
13,2026-09-07 03:24:56,"ntc1_C",-4.21256263876154,1009945
13,2026-09-07 03:24:56,"ntc2_C",-4.19899343736876,1004238
13,2026-09-07 03:24:56,"testSB_C",-4.2045624079833,1006116
14,2026-09-07 03:24:56,"ntc1_C",-4.20609829920568,1005216
14,2026-09-07 03:24:56,"ntc2_C",-4.19937789434869,1007362
14,2026-09-07 03:24:56,"testSB_C",-4.20353682176943,1007378
15,2026-09-07 03:24:56,"ntc1_C",-4.19441913462151,1003973
15,2026-09-07 03:24:56,"ntc2_C",-4.19358441282583,1007328
15,2026-09-07 03:24:56,"testSB_C",-4.19240887877288,1007477
16,2026-09-07 03:24:56,"ntc1_C",-4.1889096340218,1004728
16,2026-09-07 03:24:56,"ntc2_C",-4.18307417335819,1003870
16,2026-09-07 03:24:56,"testSB_C",-4.17560147707565,1003511
17,2026-09-07 03:24:56,"ntc1_C",-4.17945758011678,1004263
17,2026-09-07 03:24:56,"ntc2_C",-4.17090704651991,1003520
17,2026-09-07 03:24:56,"testSB_C",-4.17020785847973,1006528
18,2026-09-07 03:24:56,"ntc1_C",-4.16894166626287,1006921
18,2026-09-07 03:24:56,"ntc2_C",-4.15733042124657,1003969
18,2026-09-07 03:24:56,"testSB_C",-4.15965857174598,1003224
19,2026-09-07 03:24:56,"ntc1_C",-4.15557576556654,1006026
19,2026-09-07 03:24:56,"ntc2_C",-4.1452321550226,1004541
19,2026-09-07 03:24:56,"testSB_C",-4.14558040661666,1005939
20,2026-09-07 03:24:56,"ntc1_C",-4.14661983444864,1003865
20,2026-09-07 03:24:56,"ntc2_C",-4.1374536226204,1005176
20,2026-09-07 03:24:56,"testSB_C",-4.13499362147684,1002007
21,2026-09-07 03:24:56,"ntc1_C",-4.14211601072708,1001966
21,2026-09-07 03:24:56,"ntc2_C",-4.13340824344255,1003926
21,2026-09-07 03:24:56,"testSB_C",-4.14026240356128,1004320
22,2026-09-07 03:24:56,"ntc1_C",-4.14668640150961,1004786
22,2026-09-07 03:24:56,"ntc2_C",-4.12891195236767,1005195
22,2026-09-07 03:24:56,"testSB_C",-4.13951876996822,1002787
23,2026-09-07 03:24:56,"ntc1_C",-4.14148708418014,1006617
23,2026-09-07 03:24:56,"ntc2_C",-4.13859364294899,1003993
23,2026-09-07 03:24:56,"testSB_C",-4.14737230429989,1002669
24,2026-09-07 03:24:56,"ntc1_C",-4.14214368914071,1004589
24,2026-09-07 03:24:56,"ntc2_C",-4.12950498801388,1005623
24,2026-09-07 03:24:56,"testSB_C",-4.1320245994437,1002015
1,2026-09-07 06:24:56,"ntc1_C",-6.41783702455973,1098776
1,2026-09-07 06:24:56,"testSB_C",-6.42403038798352,1101541
2,2026-09-07 06:24:56,"ntc1_C",-6.42280065510039,1100723
2,2026-09-07 06:24:56,"ntc2_C",-6.42344923847605,1100469
2,2026-09-07 06:24:56,"testSB_C",-6.43106577242202,1103288
3,2026-09-07 06:24:56,"ntc1_C",-6.43042650679769,1102953
3,2026-09-07 06:24:56,"ntc2_C",-6.42753154837891,1101697
3,2026-09-07 06:24:56,"testSB_C",-6.41891563403732,1100936
4,2026-09-07 06:24:56,"ntc1_C",-6.4249542944342,1102147
4,2026-09-07 06:24:56,"ntc2_C",-6.42033719803118,1099371
4,2026-09-07 06:24:56,"testSB_C",-6.43301062573533,1100135
5,2026-09-07 06:24:56,"ntc1_C",-6.42306532748358,1099807
5,2026-09-07 06:24:56,"ntc2_C",-6.42481482503882,1101365
5,2026-09-07 06:24:56,"testSB_C",-6.42477029851216,1102225
6,2026-09-07 06:24:56,"ntc1_C",-6.4295554214184,1100800
6,2026-09-07 06:24:56,"ntc2_C",-6.43758884610145,1102378
6,2026-09-07 06:24:56,"testSB_C",-6.43144127254357,1102390
7,2026-09-07 06:24:56,"ntc1_C",-6.4292408888457,1100645
7,2026-09-07 06:24:56,"ntc2_C",-6.4337307789375,1102722
7,2026-09-07 06:24:56,"testSB_C",-6.43397009496414,1102780
8,2026-09-07 06:24:56,"ntc1_C",-6.43105047199322,1104791
8,2026-09-07 06:24:56,"ntc2_C",-6.4311275885716,1100456
8,2026-09-07 06:24:56,"testSB_C",-6.42896719860153,1098425
9,2026-09-07 06:24:56,"ntc1_C",-6.42402225354556,1099850
9,2026-09-07 06:24:56,"ntc2_C",-6.42806075339513,1103797
9,2026-09-07 06:24:56,"testSB_C",-6.4328887197006,1102236
10,2026-09-07 06:24:56,"ntc1_C",-6.43654222916683,1102928
10,2026-09-07 06:24:56,"ntc2_C",-6.43064090009415,1099871
10,2026-09-07 06:24:56,"testSB_C",-6.42284319498316,1100322
11,2026-09-07 06:24:56,"ntc1_C",-6.4311540971753,1102919
11,2026-09-07 06:24:56,"ntc2_C",-6.43260313053679,1102532
11,2026-09-07 06:24:56,"testSB_C",-6.42767875930474,1100812
12,2026-09-07 06:24:56,"ntc1_C",-6.43166697127367,1102043
12,2026-09-07 06:24:56,"ntc2_C",-6.42913357160131,1101306
12,2026-09-07 06:24:56,"testSB_C",-6.4285995757968,1101093
13,2026-09-07 06:24:56,"ntc1_C",-6.43964694811143,1105571
13,2026-09-07 06:24:56,"ntc2_C",-6.42661898630655,1099375
13,2026-09-07 06:24:56,"testSB_C",-6.43077124594384,1101356
14,2026-09-07 06:24:56,"ntc1_C",-6.43094393495409,1100265
14,2026-09-07 06:24:56,"ntc2_C",-6.42620681984187,1102705
14,2026-09-07 06:24:56,"testSB_C",-6.4285383829066,1102665
15,2026-09-07 06:24:56,"ntc1_C",-6.42280887730391,1099045
15,2026-09-07 06:24:56,"ntc2_C",-6.42976373761434,1103129
15,2026-09-07 06:24:56,"testSB_C",-6.42218919266099,1103007
16,2026-09-07 06:24:56,"ntc1_C",-6.41343722272967,1099761
16,2026-09-07 06:24:56,"ntc2_C",-6.41568351423672,1099202
16,2026-09-07 06:24:56,"testSB_C",-6.41749705234611,1099229
17,2026-09-07 06:24:56,"ntc1_C",-6.41978230467146,1099960
17,2026-09-07 06:24:56,"ntc2_C",-6.41528287268517,1099291
17,2026-09-07 06:24:56,"testSB_C",-6.41388870333714,1102577
18,2026-09-07 06:24:56,"ntc1_C",-6.41871775713474,1103247
18,2026-09-07 06:24:56,"ntc2_C",-6.41260581485074,1100211
18,2026-09-07 06:24:56,"testSB_C",-6.41211241112632,1099387
19,2026-09-07 06:24:56,"ntc1_C",-6.40342232047863,1102221
19,2026-09-07 06:24:56,"ntc2_C",-6.4098742335338,1101357
19,2026-09-07 06:24:56,"testSB_C",-6.41080550023435,1102920
20,2026-09-07 06:24:56,"ntc1_C",-6.41697661886718,1100889
20,2026-09-07 06:24:56,"ntc2_C",-6.4080689074587,1102330
20,2026-09-07 06:24:56,"testSB_C",-6.39949172186238,1098559
21,2026-09-07 06:24:56,"ntc1_C",-6.40886867930197,1098527
21,2026-09-07 06:24:56,"ntc2_C",-6.40979662989565,1101190
21,2026-09-07 06:24:56,"testSB_C",-6.4015394222219,1100958
22,2026-09-07 06:24:56,"ntc1_C",-6.40986230820255,1101537
22,2026-09-07 06:24:56,"ntc2_C",-6.39934676792069,1102252
22,2026-09-07 06:24:56,"testSB_C",-6.39934346274327,1099185
23,2026-09-07 06:24:56,"ntc1_C",-6.3892053565072,1102837
23,2026-09-07 06:24:56,"ntc2_C",-6.4027419778003,1100707
23,2026-09-07 06:24:56,"testSB_C",-6.39780239831805,1098564
24,2026-09-07 06:24:56,"ntc1_C",-6.39085708341361,1100699
24,2026-09-07 06:24:56,"ntc2_C",-6.40591408593923,1103047
24,2026-09-07 06:24:56,"testSB_C",-6.39072505372712,1098274
1,2026-09-07 09:24:56,"ntc1_C",-10.5630749298705,1301130
1,2026-09-07 09:24:56,"testSB_C",-10.5248615841716,1301931
2,2026-09-07 09:24:56,"ntc1_C",-10.5577001094708,1302859
2,2026-09-07 09:24:56,"ntc2_C",-10.573817682231,1303359
2,2026-09-07 09:24:56,"testSB_C",-10.4864389477382,1301421
3,2026-09-07 09:24:56,"ntc1_C",-9.73867680939873,1262083
3,2026-09-07 09:24:56,"ntc2_C",-9.94413618219261,1271482
3,2026-09-07 09:24:56,"testSB_C",-10.053358694114,1276633
4,2026-09-07 09:24:56,"ntc1_C",-9.76497249291936,1262848
4,2026-09-07 09:24:56,"ntc2_C",-9.76658675039647,1259947
4,2026-09-07 09:24:56,"testSB_C",-10.09420070743,1277124
5,2026-09-07 09:24:56,"ntc1_C",-10.1078058131077,1278075
5,2026-09-07 09:24:56,"ntc2_C",-9.8906833353617,1268405
5,2026-09-07 09:24:56,"testSB_C",-10.0602479455167,1278235
6,2026-09-07 09:24:56,"ntc1_C",-10.0988497488601,1278255
6,2026-09-07 09:24:56,"ntc2_C",-9.8866908671468,1268763
6,2026-09-07 09:24:56,"testSB_C",-10.1020014882708,1280228
7,2026-09-07 09:24:56,"ntc1_C",-10.0150223002902,1273876
7,2026-09-07 09:24:56,"ntc2_C",-9.65800008074615,1257584
7,2026-09-07 09:24:56,"testSB_C",-10.0021531022543,1275341
8,2026-09-07 09:24:56,"ntc1_C",-10.0574237484335,1280775
8,2026-09-07 09:24:56,"ntc2_C",-10.0542080049366,1275549
8,2026-09-07 09:24:56,"testSB_C",-9.76948914119185,1258598
9,2026-09-07 09:24:56,"ntc1_C",-10.0073460875789,1272735
9,2026-09-07 09:24:56,"ntc2_C",-9.90746259481926,1272020
9,2026-09-07 09:24:56,"testSB_C",-9.98421436442658,1273925
10,2026-09-07 09:24:56,"ntc1_C",-10.0132409729845,1275944
10,2026-09-07 09:24:56,"ntc2_C",-9.76491504485836,1259931
10,2026-09-07 09:24:56,"testSB_C",-9.99770840384787,1272910
11,2026-09-07 09:24:56,"ntc1_C",-10.1293611752129,1282250
11,2026-09-07 09:24:56,"ntc2_C",-9.8864096301819,1269132
11,2026-09-07 09:24:56,"testSB_C",-9.9489554682059,1270624
12,2026-09-07 09:24:56,"ntc1_C",-9.67645564420894,1257771
12,2026-09-07 09:24:56,"ntc2_C",-9.84096602354828,1265529
12,2026-09-07 09:24:56,"testSB_C",-9.94656614734396,1270822
13,2026-09-07 09:24:56,"ntc1_C",-9.86682764334074,1271251
13,2026-09-07 09:24:56,"ntc2_C",-9.79088710850618,1260951
13,2026-09-07 09:24:56,"testSB_C",-9.88731315111897,1267959
14,2026-09-07 09:24:56,"ntc1_C",-9.85547884492826,1264977
14,2026-09-07 09:24:56,"ntc2_C",-9.74771918785018,1262464
14,2026-09-07 09:24:56,"testSB_C",-9.80861706641292,1265480
15,2026-09-07 09:24:56,"ntc1_C",-9.91424748836243,1267001
15,2026-09-07 09:24:56,"ntc2_C",-9.65705985112447,1258183
15,2026-09-07 09:24:56,"testSB_C",-9.6393368406396,1257518
16,2026-09-07 09:24:56,"ntc1_C",-9.86906703581099,1266083
16,2026-09-07 09:24:56,"ntc2_C",-9.84450722760005,1264095
16,2026-09-07 09:24:56,"testSB_C",-9.82406047676221,1262988
17,2026-09-07 09:24:56,"ntc1_C",-9.76712744083818,1260727
17,2026-09-07 09:24:56,"ntc2_C",-9.76009260143633,1259767
17,2026-09-07 09:24:56,"testSB_C",-9.92272934792913,1272048
18,2026-09-07 09:24:56,"ntc1_C",-9.77169095798689,1264696
18,2026-09-07 09:24:56,"ntc2_C",-9.65937761225695,1255697
18,2026-09-07 09:24:56,"testSB_C",-9.76559162062676,1260431
19,2026-09-07 09:24:56,"ntc1_C",-9.81219482898348,1266477
19,2026-09-07 09:24:56,"ntc2_C",-9.78158200457881,1263594
19,2026-09-07 09:24:56,"testSB_C",-9.76706869575264,1264599
20,2026-09-07 09:24:56,"ntc1_C",-9.71175926123124,1259130
20,2026-09-07 09:24:56,"ntc2_C",-9.59362670618776,1255155
20,2026-09-07 09:24:56,"testSB_C",-9.62211792855811,1252730
21,2026-09-07 09:24:56,"ntc1_C",-9.82132488537445,1262285
21,2026-09-07 09:24:56,"ntc2_C",-9.57385005699189,1252718
21,2026-09-07 09:24:56,"testSB_C",-9.90511687103896,1269948
22,2026-09-07 09:24:56,"ntc1_C",-9.74521649223703,1261905
22,2026-09-07 09:24:56,"ntc2_C",-9.51889422801469,1251572
22,2026-09-07 09:24:56,"testSB_C",-9.85196206576785,1265244
23,2026-09-07 09:24:56,"ntc1_C",-9.72340174109229,1263290
23,2026-09-07 09:24:56,"ntc2_C",-9.5864594805937,1253168
23,2026-09-07 09:24:56,"testSB_C",-9.85096538834443,1264407
24,2026-09-07 09:24:56,"ntc1_C",-9.77969458520545,1263727
24,2026-09-07 09:24:56,"ntc2_C",-9.64111446986419,1258470
24,2026-09-07 09:24:56,"testSB_C",-9.75378422717426,1259546
1,2026-09-07 12:24:56,"ntc1_C",-5.36812698816152,1052854
1,2026-09-07 12:24:56,"testSB_C",-5.04801371572376,1041631
2,2026-09-07 12:24:56,"ntc1_C",-5.38114057601109,1055067
2,2026-09-07 12:24:56,"ntc2_C",-5.24277103158698,1048887
2,2026-09-07 12:24:56,"testSB_C",-4.97903221592975,1040108
3,2026-09-07 12:24:56,"ntc1_C",-4.02486348811686,1000306
3,2026-09-07 12:24:56,"ntc2_C",-4.05051483188191,1000283
3,2026-09-07 12:24:56,"testSB_C",-4.59862544448254,1022469
4,2026-09-07 12:24:56,"ntc1_C",-4.47117968107403,1018034
4,2026-09-07 12:24:56,"ntc2_C",-3.7664473272734,987075
4,2026-09-07 12:24:56,"testSB_C",-4.56955978072199,1019929
5,2026-09-07 12:24:56,"ntc1_C",-4.17282152347752,1003704
5,2026-09-07 12:24:56,"ntc2_C",-4.1648503614594,1004781
5,2026-09-07 12:24:56,"testSB_C",-4.65737536591467,1025845
6,2026-09-07 12:24:56,"ntc1_C",-4.43850591923757,1015299
6,2026-09-07 12:24:56,"ntc2_C",-3.76537367138724,988999
6,2026-09-07 12:24:56,"testSB_C",-5.14031424341101,1046035
7,2026-09-07 12:24:56,"ntc1_C",-4.07756344089057,1000353
7,2026-09-07 12:24:56,"ntc2_C",-3.7508171743288,988872
7,2026-09-07 12:24:56,"testSB_C",-4.31804990288163,1011966
8,2026-09-07 12:24:56,"ntc1_C",-4.20942854742344,1009438
8,2026-09-07 12:24:56,"ntc2_C",-4.50505689583423,1017626
8,2026-09-07 12:24:56,"testSB_C",-3.89085156966365,990852
9,2026-09-07 12:24:56,"ntc1_C",-4.307016311388,1009240
9,2026-09-07 12:24:56,"ntc2_C",-3.87624402494811,995092
9,2026-09-07 12:24:56,"testSB_C",-4.89365284030066,1035381
10,2026-09-07 12:24:56,"ntc1_C",-4.10666823537923,1003364
10,2026-09-07 12:24:56,"ntc2_C",-3.77532871459914,987453
10,2026-09-07 12:24:56,"testSB_C",-3.98753751209,996688
11,2026-09-07 12:24:56,"ntc1_C",-4.34726295421137,1013425
11,2026-09-07 12:24:56,"ntc2_C",-4.01110277200587,999276
11,2026-09-07 12:24:56,"testSB_C",-4.06059862341255,999935
12,2026-09-07 12:24:56,"ntc1_C",-3.67232501214949,985265
12,2026-09-07 12:24:56,"ntc2_C",-3.90891135763616,994188
12,2026-09-07 12:24:56,"testSB_C",-5.04600633648613,1040923
13,2026-09-07 12:24:56,"ntc1_C",-4.1152663437851,1005968
13,2026-09-07 12:24:56,"ntc2_C",-3.68071369656502,983354
13,2026-09-07 12:24:56,"testSB_C",-4.03310116581156,999144
14,2026-09-07 12:24:56,"ntc1_C",-4.06979442517201,999677
14,2026-09-07 12:24:56,"ntc2_C",-4.10630189144189,1003568
14,2026-09-07 12:24:56,"testSB_C",-4.07174842752829,1002009
15,2026-09-07 12:24:56,"ntc1_C",-4.22612113705577,1005264
15,2026-09-07 12:24:56,"ntc2_C",-3.81450507244443,991963
15,2026-09-07 12:24:56,"testSB_C",-4.01716370553379,1000342
16,2026-09-07 12:24:56,"ntc1_C",-4.31077344748201,1009707
16,2026-09-07 12:24:56,"ntc2_C",-3.9063485960142,992666
16,2026-09-07 12:24:56,"testSB_C",-4.05881278669335,998768
17,2026-09-07 12:24:56,"ntc1_C",-3.91898992060351,993711
17,2026-09-07 12:24:56,"ntc2_C",-3.92222492507886,993454
17,2026-09-07 12:24:56,"testSB_C",-4.1775313420697,1006827
18,2026-09-07 12:24:56,"ntc1_C",-4.03890569102708,1001627
18,2026-09-07 12:24:56,"ntc2_C",-4.17578278530345,1004720
18,2026-09-07 12:24:56,"testSB_C",-4.2231346010812,1005811
19,2026-09-07 12:24:56,"ntc1_C",-4.2284238900362,1009003
19,2026-09-07 12:24:56,"ntc2_C",-4.24688644092566,1008692
19,2026-09-07 12:24:56,"testSB_C",-3.92040057673415,996794
20,2026-09-07 12:24:56,"ntc1_C",-4.0733108803206,1000884
20,2026-09-07 12:24:56,"ntc2_C",-3.80536570768896,991729
20,2026-09-07 12:24:56,"testSB_C",-3.71893783340147,985247
21,2026-09-07 12:24:56,"ntc1_C",-4.1081019661541,1000586
21,2026-09-07 12:24:56,"ntc2_C",-3.77167252424101,989310
21,2026-09-07 12:24:56,"testSB_C",-4.25360389528754,1008948
22,2026-09-07 12:24:56,"ntc1_C",-3.94351528847238,996543
22,2026-09-07 12:24:56,"ntc2_C",-3.72245515777234,988778
22,2026-09-07 12:24:56,"testSB_C",-4.40765148174978,1013751
23,2026-09-07 12:24:56,"ntc1_C",-4.22756999077967,1010137
23,2026-09-07 12:24:56,"ntc2_C",-3.7480181331843,988222
23,2026-09-07 12:24:56,"testSB_C",-4.21332052710767,1005352
24,2026-09-07 12:24:56,"ntc1_C",-4.12508235206775,1003894
24,2026-09-07 12:24:56,"ntc2_C",-4.10342441957033,1004560
24,2026-09-07 12:24:56,"testSB_C",-4.34366316083504,1010651
1,2026-09-07 15:24:56,"ntc1_C",-2.72575465707359,945864
1,2026-09-07 15:24:56,"testSB_C",-2.72685294817632,948120
2,2026-09-07 15:24:56,"ntc1_C",-2.63960896587037,944054
2,2026-09-07 15:24:56,"ntc2_C",-2.2399302896842,928697
2,2026-09-07 15:24:56,"testSB_C",-2.41247759900767,937456
3,2026-09-07 15:24:56,"ntc1_C",-1.5560974956478,905247
3,2026-09-07 15:24:56,"ntc2_C",-1.40874804292025,898884
3,2026-09-07 15:24:56,"testSB_C",-1.13409122606049,888783
4,2026-09-07 15:24:56,"ntc1_C",-1.27045750371269,894372
4,2026-09-07 15:24:56,"ntc2_C",-1.39497098304332,896834
4,2026-09-07 15:24:56,"testSB_C",-1.10696406797052,886644
5,2026-09-07 15:24:56,"ntc1_C",-1.38231340909886,896532
5,2026-09-07 15:24:56,"ntc2_C",-1.46732879931483,900927
5,2026-09-07 15:24:56,"testSB_C",-1.12087687984786,889090
6,2026-09-07 15:24:56,"ntc1_C",-1.28819025837174,893855
6,2026-09-07 15:24:56,"ntc2_C",-1.24702514398979,893241
6,2026-09-07 15:24:56,"testSB_C",-1.16180273885453,890466
7,2026-09-07 15:24:56,"ntc1_C",-1.02208733788444,884069
7,2026-09-07 15:24:56,"ntc2_C",-1.28187238961794,894906
7,2026-09-07 15:24:56,"testSB_C",-1.26145791859375,894295
8,2026-09-07 15:24:56,"ntc1_C",-1.19532714936224,893567
8,2026-09-07 15:24:56,"ntc2_C",-1.03245172213576,884290
8,2026-09-07 15:24:56,"testSB_C",-1.24453965669352,890320
9,2026-09-07 15:24:56,"ntc1_C",-1.07680729530227,885685
9,2026-09-07 15:24:56,"ntc2_C",-1.16106637166951,891598
9,2026-09-07 15:24:56,"testSB_C",-1.07269623916494,887037
10,2026-09-07 15:24:56,"ntc1_C",-1.08089029107668,887844
10,2026-09-07 15:24:56,"ntc2_C",-1.16936508185302,888726
10,2026-09-07 15:24:56,"testSB_C",-1.0987938025479,886805
11,2026-09-07 15:24:56,"ntc1_C",-1.12870511773065,889771
11,2026-09-07 15:24:56,"ntc2_C",-0.998751397175397,884716
11,2026-09-07 15:24:56,"testSB_C",-0.957728811094853,882085
12,2026-09-07 15:24:56,"ntc1_C",-1.11686173494843,888595
12,2026-09-07 15:24:56,"ntc2_C",-0.994114568020393,883703
12,2026-09-07 15:24:56,"testSB_C",-1.08953679780734,886914
13,2026-09-07 15:24:56,"ntc1_C",-1.08828360464628,890061
13,2026-09-07 15:24:56,"ntc2_C",-0.827098179687482,876220
13,2026-09-07 15:24:56,"testSB_C",-1.24407940418001,892551
14,2026-09-07 15:24:56,"ntc1_C",-0.759054702839478,874487
14,2026-09-07 15:24:56,"ntc2_C",-0.946710091111697,883238
14,2026-09-07 15:24:56,"testSB_C",-0.896656745659072,881298
15,2026-09-07 15:24:56,"ntc1_C",-1.01985434062374,883071
15,2026-09-07 15:24:56,"ntc2_C",-0.966469658038704,884075
15,2026-09-07 15:24:56,"testSB_C",-0.998252019189977,885374
16,2026-09-07 15:24:56,"ntc1_C",-0.94462971084431,881182
16,2026-09-07 15:24:56,"ntc2_C",-0.766943993480709,874333
16,2026-09-07 15:24:56,"testSB_C",-0.871052313148084,877955
17,2026-09-07 15:24:56,"ntc1_C",-0.747703835372533,874136
17,2026-09-07 15:24:56,"ntc2_C",-0.878970503136031,878467
17,2026-09-07 15:24:56,"testSB_C",-0.900800571421769,881872
18,2026-09-07 15:24:56,"ntc1_C",-0.819586822731878,879418
18,2026-09-07 15:24:56,"ntc2_C",-1.42735851645131,899064
18,2026-09-07 15:24:56,"testSB_C",-0.960342864536756,881431
19,2026-09-07 15:24:56,"ntc1_C",-0.832284621657266,879516
19,2026-09-07 15:24:56,"ntc2_C",-1.33928713471607,896724
19,2026-09-07 15:24:56,"testSB_C",-1.03714678686822,887078
20,2026-09-07 15:24:56,"ntc1_C",-0.737168728261793,874553
20,2026-09-07 15:24:56,"ntc2_C",-0.880054875667042,881088
20,2026-09-07 15:24:56,"testSB_C",-0.583960032460197,868014
21,2026-09-07 15:24:56,"ntc1_C",-0.765194788015322,874193
21,2026-09-07 15:24:56,"ntc2_C",-1.04190485360402,885933
21,2026-09-07 15:24:56,"testSB_C",-1.03940687236081,885936
22,2026-09-07 15:24:56,"ntc1_C",-0.730548191400942,875182
22,2026-09-07 15:24:56,"ntc2_C",-0.884576138682121,881694
22,2026-09-07 15:24:56,"testSB_C",-1.2329724481412,891586
23,2026-09-07 15:24:56,"ntc1_C",-1.10272899987035,890215
23,2026-09-07 15:24:56,"ntc2_C",-0.858701135731906,879306
23,2026-09-07 15:24:56,"testSB_C",-1.43953437632041,898718
24,2026-09-07 15:24:56,"ntc1_C",-0.766025433389302,876378
24,2026-09-07 15:24:56,"ntc2_C",-0.835091592667538,880208
24,2026-09-07 15:24:56,"testSB_C",-0.94065828789212,880735
1,2026-09-07 18:24:56,"ntc1_C",-5.14435643096056,1043324
1,2026-09-07 18:24:56,"testSB_C",-5.17197030120451,1046887
2,2026-09-07 18:24:56,"ntc1_C",-5.02026103235971,1039710
2,2026-09-07 18:24:56,"ntc2_C",-4.74119611435663,1027737
2,2026-09-07 18:24:56,"testSB_C",-4.90909269734584,1037161
3,2026-09-07 18:24:56,"ntc1_C",-4.30526234596653,1011743
3,2026-09-07 18:24:56,"ntc2_C",-4.15573915110969,1004561
3,2026-09-07 18:24:56,"testSB_C",-3.92116116005417,994766
4,2026-09-07 18:24:56,"ntc1_C",-4.09982626533235,1002814
4,2026-09-07 18:24:56,"ntc2_C",-4.07873580052041,999647
4,2026-09-07 18:24:56,"testSB_C",-3.9162550228171,993266
5,2026-09-07 18:24:56,"ntc1_C",-3.98136578012424,995940
5,2026-09-07 18:24:56,"ntc2_C",-4.13065489195867,1003389
5,2026-09-07 18:24:56,"testSB_C",-4.00669181731513,999125
6,2026-09-07 18:24:56,"ntc1_C",-4.04471227420248,999220
6,2026-09-07 18:24:56,"ntc2_C",-4.12013765185191,1003327
6,2026-09-07 18:24:56,"testSB_C",-4.07316431095001,1001710
7,2026-09-07 18:24:56,"ntc1_C",-3.95481605286892,995386
7,2026-09-07 18:24:56,"ntc2_C",-4.20966958068908,1007443
7,2026-09-07 18:24:56,"testSB_C",-4.13770044219604,1004593
8,2026-09-07 18:24:56,"ntc1_C",-4.11047987274986,1005395
8,2026-09-07 18:24:56,"ntc2_C",-4.04960103457375,999002
8,2026-09-07 18:24:56,"testSB_C",-4.1993659759874,1003322
9,2026-09-07 18:24:56,"ntc1_C",-4.09806879162812,1000727
9,2026-09-07 18:24:56,"ntc2_C",-4.14255059984725,1005898
9,2026-09-07 18:24:56,"testSB_C",-4.11218480787596,1003061
10,2026-09-07 18:24:56,"ntc1_C",-4.16035341069494,1005550
10,2026-09-07 18:24:56,"ntc2_C",-4.26546497649019,1007269
10,2026-09-07 18:24:56,"testSB_C",-4.1863308525904,1004755
11,2026-09-07 18:24:56,"ntc1_C",-4.22477913967953,1008405
11,2026-09-07 18:24:56,"ntc2_C",-4.1940047229333,1006713
11,2026-09-07 18:24:56,"testSB_C",-4.13794939389589,1003075
12,2026-09-07 18:24:56,"ntc1_C",-4.3103178791543,1011073
12,2026-09-07 18:24:56,"ntc2_C",-4.23129137888117,1007265
12,2026-09-07 18:24:56,"testSB_C",-4.24783896461588,1007747
13,2026-09-07 18:24:56,"ntc1_C",-4.24893702124973,1011436
13,2026-09-07 18:24:56,"ntc2_C",-4.22472998054349,1005287
13,2026-09-07 18:24:56,"testSB_C",-4.23287231800293,1007272
14,2026-09-07 18:24:56,"ntc1_C",-4.12520773425712,1001925
14,2026-09-07 18:24:56,"ntc2_C",-4.26021696372737,1009850
14,2026-09-07 18:24:56,"testSB_C",-4.20640058757306,1007495
15,2026-09-07 18:24:56,"ntc1_C",-4.28939835445436,1007846
15,2026-09-07 18:24:56,"ntc2_C",-4.25383966424067,1009793
15,2026-09-07 18:24:56,"testSB_C",-4.30271127120716,1011995
16,2026-09-07 18:24:56,"ntc1_C",-4.2459911651834,1007057
16,2026-09-07 18:24:56,"ntc2_C",-4.26369888589068,1007159
16,2026-09-07 18:24:56,"testSB_C",-4.24726556929153,1006433
17,2026-09-07 18:24:56,"ntc1_C",-4.21958603978379,1005899
17,2026-09-07 18:24:56,"ntc2_C",-4.27130916513835,1007614
17,2026-09-07 18:24:56,"testSB_C",-4.30758090361365,1012152
18,2026-09-07 18:24:56,"ntc1_C",-4.27969766392334,1011453
18,2026-09-07 18:24:56,"ntc2_C",-4.37267906605274,1012770
18,2026-09-07 18:24:56,"testSB_C",-4.31816545204947,1009697
19,2026-09-07 18:24:56,"ntc1_C",-4.31052247779286,1012369
19,2026-09-07 18:24:56,"ntc2_C",-4.38746905078466,1014462
19,2026-09-07 18:24:56,"testSB_C",-4.35909935168485,1014691
20,2026-09-07 18:24:56,"ntc1_C",-4.24348410308517,1007818
20,2026-09-07 18:24:56,"ntc2_C",-4.34071762047716,1013500
20,2026-09-07 18:24:56,"testSB_C",-4.22084196305599,1005502
21,2026-09-07 18:24:56,"ntc1_C",-4.27724589075535,1007468
21,2026-09-07 18:24:56,"ntc2_C",-4.42642741292917,1015930
21,2026-09-07 18:24:56,"testSB_C",-4.42202485907836,1015866
22,2026-09-07 18:24:56,"ntc1_C",-4.28772813929771,1010550
22,2026-09-07 18:24:56,"ntc2_C",-4.39257428842279,1015996
22,2026-09-07 18:24:56,"testSB_C",-4.39787366029992,1013349
23,2026-09-07 18:24:56,"ntc1_C",-4.40369999900298,1017379
23,2026-09-07 18:24:56,"ntc2_C",-4.41291136239073,1015226
23,2026-09-07 18:24:56,"testSB_C",-4.4518816985115,1015120
24,2026-09-07 18:24:56,"ntc1_C",-4.33887154294848,1012639
24,2026-09-07 18:24:56,"ntc2_C",-4.41604120229647,1017379
24,2026-09-07 18:24:56,"testSB_C",-4.33875874641791,1010450
1,2026-09-07 21:24:56,"ntc1_C",-10.9724227923396,1323062
1,2026-09-07 21:24:56,"testSB_C",-10.8878603882239,1321363
2,2026-09-07 21:24:56,"ntc1_C",-10.6959602489172,1310234
2,2026-09-07 21:24:56,"ntc2_C",-10.6397361875476,1306871
2,2026-09-07 21:24:56,"testSB_C",-10.5739016822217,1306071
3,2026-09-07 21:24:56,"ntc1_C",-10.7070803526207,1312941
3,2026-09-07 21:24:56,"ntc2_C",-10.6274725435895,1307442
3,2026-09-07 21:24:56,"testSB_C",-10.6821932032125,1309807
4,2026-09-07 21:24:56,"ntc1_C",-10.4333811011149,1297767
4,2026-09-07 21:24:56,"ntc2_C",-10.4031046300056,1293095
4,2026-09-07 21:24:56,"testSB_C",-10.3634492343983,1291231
5,2026-09-07 21:24:56,"ntc1_C",-10.3170361444882,1289038
5,2026-09-07 21:24:56,"ntc2_C",-10.2736605370443,1288379
5,2026-09-07 21:24:56,"testSB_C",-10.2571272355535,1288545
6,2026-09-07 21:24:56,"ntc1_C",-10.2558687788627,1286467
6,2026-09-07 21:24:56,"ntc2_C",-10.2666202607584,1288588
6,2026-09-07 21:24:56,"testSB_C",-10.2372614911156,1287312
7,2026-09-07 21:24:56,"ntc1_C",-10.2310485399983,1285158
7,2026-09-07 21:24:56,"ntc2_C",-10.245112441524,1288081
7,2026-09-07 21:24:56,"testSB_C",-10.2685090603348,1289275
8,2026-09-07 21:24:56,"ntc1_C",-10.2545814094735,1291122
8,2026-09-07 21:24:56,"ntc2_C",-10.2423153381358,1285378
8,2026-09-07 21:24:56,"testSB_C",-10.2420531404175,1283103
9,2026-09-07 21:24:56,"ntc1_C",-10.2085835002653,1283227
9,2026-09-07 21:24:56,"ntc2_C",-10.2022576728853,1287420
9,2026-09-07 21:24:56,"testSB_C",-10.1923790551319,1284795
10,2026-09-07 21:24:56,"ntc1_C",-10.2007088228661,1285739
10,2026-09-07 21:24:56,"ntc2_C",-10.1768885889097,1281289
10,2026-09-07 21:24:56,"testSB_C",-10.1984091766031,1283379
11,2026-09-07 21:24:56,"ntc1_C",-10.1511479030746,1283390
11,2026-09-07 21:24:56,"ntc2_C",-10.1581783107943,1283282
11,2026-09-07 21:24:56,"testSB_C",-10.1356257840727,1280337
12,2026-09-07 21:24:56,"ntc1_C",-10.1374530481488,1281645
12,2026-09-07 21:24:56,"ntc2_C",-10.1242747944573,1280239
12,2026-09-07 21:24:56,"testSB_C",-10.1295870159482,1280348
13,2026-09-07 21:24:56,"ntc1_C",-10.0961983180278,1283202
13,2026-09-07 21:24:56,"ntc2_C",-10.0766128218531,1275741
13,2026-09-07 21:24:56,"testSB_C",-10.0663888899986,1277258
14,2026-09-07 21:24:56,"ntc1_C",-10.0606978257293,1275610
14,2026-09-07 21:24:56,"ntc2_C",-10.048851384819,1278065
14,2026-09-07 21:24:56,"testSB_C",-10.0543668213996,1278231
15,2026-09-07 21:24:56,"ntc1_C",-10.0263129414402,1272805
15,2026-09-07 21:24:56,"ntc2_C",-10.031651496042,1277562
15,2026-09-07 21:24:56,"testSB_C",-10.0330650985911,1277883
16,2026-09-07 21:24:56,"ntc1_C",-10.017152301292,1273757
16,2026-09-07 21:24:56,"ntc2_C",-10.0016326814541,1272228
16,2026-09-07 21:24:56,"testSB_C",-9.99776988027827,1271975
17,2026-09-07 21:24:56,"ntc1_C",-9.98702373281782,1272090
17,2026-09-07 21:24:56,"ntc2_C",-9.96812255895327,1270502
17,2026-09-07 21:24:56,"testSB_C",-9.95007691312236,1273468
18,2026-09-07 21:24:56,"ntc1_C",-9.9550605838183,1274189
18,2026-09-07 21:24:56,"ntc2_C",-9.95629009288376,1270988
18,2026-09-07 21:24:56,"testSB_C",-9.96080885433491,1270514
19,2026-09-07 21:24:56,"ntc1_C",-9.95590617012442,1273925
19,2026-09-07 21:24:56,"ntc2_C",-9.95225391495336,1272425
19,2026-09-07 21:24:56,"testSB_C",-9.93957919554322,1273533
20,2026-09-07 21:24:56,"ntc1_C",-9.94433903168334,1271139
20,2026-09-07 21:24:56,"ntc2_C",-9.96463887775366,1274303
20,2026-09-07 21:24:56,"testSB_C",-9.94214573583082,1269196
21,2026-09-07 21:24:56,"ntc1_C",-9.94822622127418,1268833
21,2026-09-07 21:24:56,"ntc2_C",-9.95171750716412,1272180
21,2026-09-07 21:24:56,"testSB_C",-9.92398148074864,1270926
22,2026-09-07 21:24:56,"ntc1_C",-9.91352858568922,1270601
22,2026-09-07 21:24:56,"ntc2_C",-9.90381527157382,1271373
22,2026-09-07 21:24:56,"testSB_C",-9.86551721182877,1265944
23,2026-09-07 21:24:56,"ntc1_C",-9.8673638242069,1270730
23,2026-09-07 21:24:56,"ntc2_C",-9.85950579597301,1267206
23,2026-09-07 21:24:56,"testSB_C",-9.8420975759775,1263950
24,2026-09-07 21:24:56,"ntc1_C",-9.8233446725481,1265980
24,2026-09-07 21:24:56,"ntc2_C",-9.8262123440968,1268009
24,2026-09-07 21:24:56,"testSB_C",-9.81381270122642,1262634
1,2026-09-08 00:24:56,"ntc1_C",-11.0420626155768,1326830
1,2026-09-08 00:24:56,"testSB_C",-10.9641888058955,1325486
2,2026-09-08 00:24:56,"ntc1_C",-10.8119412468697,1316453
2,2026-09-08 00:24:56,"ntc2_C",-10.7958412902446,1315226
2,2026-09-08 00:24:56,"testSB_C",-10.7289801471537,1314357
3,2026-09-08 00:24:56,"ntc1_C",-10.8276699002761,1319417
3,2026-09-08 00:24:56,"ntc2_C",-10.80124601,1316749
3,2026-09-08 00:24:56,"testSB_C",-10.8831409167254,1320590
4,2026-09-08 00:24:56,"ntc1_C",-10.6946771555156,1311681
4,2026-09-08 00:24:56,"ntc2_C",-10.6925077642748,1308456
4,2026-09-08 00:24:56,"testSB_C",-10.7109771340076,1309672
5,2026-09-08 00:24:56,"ntc1_C",-10.6743899549307,1307982
5,2026-09-08 00:24:56,"ntc2_C",-10.5965753166821,1305467
5,2026-09-08 00:24:56,"testSB_C",-10.6011448689437,1306762
6,2026-09-08 00:24:56,"ntc1_C",-10.5999733600964,1304650
6,2026-09-08 00:24:56,"ntc2_C",-10.6212358660724,1307374
6,2026-09-08 00:24:56,"testSB_C",-10.5637580936754,1304575
7,2026-09-08 00:24:56,"ntc1_C",-10.5599711576831,1302530
7,2026-09-08 00:24:56,"ntc2_C",-10.5721618404538,1305392
7,2026-09-08 00:24:56,"testSB_C",-10.5866025148853,1306117
8,2026-09-08 00:24:56,"ntc1_C",-10.5482970737872,1306693
8,2026-09-08 00:24:56,"ntc2_C",-10.5566020223467,1301971
8,2026-09-08 00:24:56,"testSB_C",-10.563148890514,1300028
9,2026-09-08 00:24:56,"ntc1_C",-10.4646876945888,1296706
9,2026-09-08 00:24:56,"ntc2_C",-10.4711518269627,1301631
9,2026-09-08 00:24:56,"testSB_C",-10.4040477277715,1295944
10,2026-09-08 00:24:56,"ntc1_C",-10.4729579244101,1300099
10,2026-09-08 00:24:56,"ntc2_C",-10.3828412740741,1292103
10,2026-09-08 00:24:56,"testSB_C",-10.4929781842651,1298902
11,2026-09-08 00:24:56,"ntc1_C",-10.3748186328477,1295153
11,2026-09-08 00:24:56,"ntc2_C",-10.3912490891846,1295544
11,2026-09-08 00:24:56,"testSB_C",-10.3365781861075,1290877
12,2026-09-08 00:24:56,"ntc1_C",-10.3337831836375,1291951
12,2026-09-08 00:24:56,"ntc2_C",-10.3540469583688,1292296
12,2026-09-08 00:24:56,"testSB_C",-10.3624586046492,1292573
13,2026-09-08 00:24:56,"ntc1_C",-10.2460315359965,1291070
13,2026-09-08 00:24:56,"ntc2_C",-10.24560695482,1284571
13,2026-09-08 00:24:56,"testSB_C",-10.2307784463744,1285855
14,2026-09-08 00:24:56,"ntc1_C",-10.2220402418982,1284033
14,2026-09-08 00:24:56,"ntc2_C",-10.2054527199095,1286255
14,2026-09-08 00:24:56,"testSB_C",-10.2203012583384,1286914
15,2026-09-08 00:24:56,"ntc1_C",-10.2074085465568,1282241
15,2026-09-08 00:24:56,"ntc2_C",-10.2102217984425,1286906
15,2026-09-08 00:24:56,"testSB_C",-10.2094690984471,1287115
16,2026-09-08 00:24:56,"ntc1_C",-10.2152451242184,1284096
16,2026-09-08 00:24:56,"ntc2_C",-10.2097525402158,1283082
16,2026-09-08 00:24:56,"testSB_C",-10.2559175462846,1285450
17,2026-09-08 00:24:56,"ntc1_C",-10.2323072598398,1284887
17,2026-09-08 00:24:56,"ntc2_C",-10.1659451184809,1280796
17,2026-09-08 00:24:56,"testSB_C",-10.1261717901042,1282650
18,2026-09-08 00:24:56,"ntc1_C",-10.1368644665885,1283672
18,2026-09-08 00:24:56,"ntc2_C",-10.1215829237985,1279582
18,2026-09-08 00:24:56,"testSB_C",-10.1153528116648,1278554
19,2026-09-08 00:24:56,"ntc1_C",-10.1218061798364,1282578
19,2026-09-08 00:24:56,"ntc2_C",-10.1314656684617,1281765
19,2026-09-08 00:24:56,"testSB_C",-10.1036482308945,1282089
20,2026-09-08 00:24:56,"ntc1_C",-10.1044812492094,1279475
20,2026-09-08 00:24:56,"ntc2_C",-10.119242291463,1282369
20,2026-09-08 00:24:56,"testSB_C",-10.1015477152452,1277479
21,2026-09-08 00:24:56,"ntc1_C",-10.0966858692129,1276537
21,2026-09-08 00:24:56,"ntc2_C",-10.0956431374807,1279673
21,2026-09-08 00:24:56,"testSB_C",-10.0847753012337,1279293
22,2026-09-08 00:24:56,"ntc1_C",-10.1015504460503,1280387
22,2026-09-08 00:24:56,"ntc2_C",-10.0771717079141,1280394
22,2026-09-08 00:24:56,"testSB_C",-10.07484972236,1276804
23,2026-09-08 00:24:56,"ntc1_C",-10.0798627769295,1281793
23,2026-09-08 00:24:56,"ntc2_C",-10.0901906671247,1279190
23,2026-09-08 00:24:56,"testSB_C",-10.0690959536711,1275701
24,2026-09-08 00:24:56,"ntc1_C",-10.036011118256,1277015
24,2026-09-08 00:24:56,"ntc2_C",-10.0445875831607,1279357
24,2026-09-08 00:24:56,"testSB_C",-10.0155489813831,1273068
1,2026-09-08 03:24:56,"ntc1_C",-9.7985652283802,1261146
1,2026-09-08 03:24:56,"testSB_C",-9.70393944410011,1259042
2,2026-09-08 03:24:56,"ntc1_C",-9.57699334598027,1251735
2,2026-09-08 03:24:56,"ntc2_C",-9.52326453508977,1248656
2,2026-09-08 03:24:56,"testSB_C",-9.48073287007435,1249138
3,2026-09-08 03:24:56,"ntc1_C",-9.52535314565591,1251150
3,2026-09-08 03:24:56,"ntc2_C",-9.49833094784037,1248562
3,2026-09-08 03:24:56,"testSB_C",-9.52363719771569,1249347
4,2026-09-08 03:24:56,"ntc1_C",-9.45345929658515,1246900
4,2026-09-08 03:24:56,"ntc2_C",-9.45198088404891,1243882
4,2026-09-08 03:24:56,"testSB_C",-9.49306961960076,1246188
5,2026-09-08 03:24:56,"ntc1_C",-9.47719905075024,1245600
5,2026-09-08 03:24:56,"ntc2_C",-9.41242767973193,1243901
5,2026-09-08 03:24:56,"testSB_C",-9.4274771587485,1245660
6,2026-09-08 03:24:56,"ntc1_C",-9.41536717025372,1243122
6,2026-09-08 03:24:56,"ntc2_C",-9.43011474376954,1245346
6,2026-09-08 03:24:56,"testSB_C",-9.37241254302256,1242691
7,2026-09-08 03:24:56,"ntc1_C",-9.34367196891196,1239450
7,2026-09-08 03:24:56,"ntc2_C",-9.33544017507654,1241141
7,2026-09-08 03:24:56,"testSB_C",-9.32694355500371,1240697
8,2026-09-08 03:24:56,"ntc1_C",-9.30903397297993,1242256
8,2026-09-08 03:24:56,"ntc2_C",-9.33314320981481,1238571
8,2026-09-08 03:24:56,"testSB_C",-9.31463696276847,1235459
9,2026-09-08 03:24:56,"ntc1_C",-9.26795735569743,1234925
9,2026-09-08 03:24:56,"ntc2_C",-9.26874986993948,1239290
9,2026-09-08 03:24:56,"testSB_C",-9.24179024092746,1235909
10,2026-09-08 03:24:56,"ntc1_C",-9.29415078281471,1239067
10,2026-09-08 03:24:56,"ntc2_C",-9.23657875808908,1233067
10,2026-09-08 03:24:56,"testSB_C",-9.34349936236487,1239381
11,2026-09-08 03:24:56,"ntc1_C",-9.3334848930013,1241300
11,2026-09-08 03:24:56,"ntc2_C",-9.31486969637348,1239887
11,2026-09-08 03:24:56,"testSB_C",-9.30523951661291,1237698
12,2026-09-08 03:24:56,"ntc1_C",-9.28707857791818,1237957
12,2026-09-08 03:24:56,"ntc2_C",-9.29133703341131,1237477
12,2026-09-08 03:24:56,"testSB_C",-9.30614776450648,1238050
13,2026-09-08 03:24:56,"ntc1_C",-9.1857356751492,1236423
13,2026-09-08 03:24:56,"ntc2_C",-9.19577344313882,1230701
13,2026-09-08 03:24:56,"testSB_C",-9.18590008440839,1232191
14,2026-09-08 03:24:56,"ntc1_C",-9.17140884413396,1230177
14,2026-09-08 03:24:56,"ntc2_C",-9.13840970882916,1231484
14,2026-09-08 03:24:56,"testSB_C",-9.14466588940286,1231670
15,2026-09-08 03:24:56,"ntc1_C",-9.15070313155741,1228163
15,2026-09-08 03:24:56,"ntc2_C",-9.15797268478434,1232825
15,2026-09-08 03:24:56,"testSB_C",-9.14920515664807,1232625
16,2026-09-08 03:24:56,"ntc1_C",-9.16823864054243,1230395
16,2026-09-08 03:24:56,"ntc2_C",-9.1761095029874,1230082
16,2026-09-08 03:24:56,"testSB_C",-9.23827380804602,1233153
17,2026-09-08 03:24:56,"ntc1_C",-9.23919513125264,1233864
17,2026-09-08 03:24:56,"ntc2_C",-9.1648685275984,1229556
17,2026-09-08 03:24:56,"testSB_C",-9.15002176999576,1232581
18,2026-09-08 03:24:56,"ntc1_C",-9.16066892855372,1233577
18,2026-09-08 03:24:56,"ntc2_C",-9.13412034009286,1229101
18,2026-09-08 03:24:56,"testSB_C",-9.12759694768397,1228040
19,2026-09-08 03:24:56,"ntc1_C",-9.16627801095649,1233542
19,2026-09-08 03:24:56,"ntc2_C",-9.19416643925081,1233671
19,2026-09-08 03:24:56,"testSB_C",-9.13480305035262,1232394
20,2026-09-08 03:24:56,"ntc1_C",-9.12826484264906,1229505
20,2026-09-08 03:24:56,"ntc2_C",-9.15866312090532,1233077
20,2026-09-08 03:24:56,"testSB_C",-9.13796876774842,1228230
21,2026-09-08 03:24:56,"ntc1_C",-9.12254762286858,1226837
21,2026-09-08 03:24:56,"ntc2_C",-9.11627915262096,1229554
21,2026-09-08 03:24:56,"testSB_C",-9.14280140681683,1231058
22,2026-09-08 03:24:56,"ntc1_C",-9.18331551951673,1233308
22,2026-09-08 03:24:56,"ntc2_C",-9.12615639431226,1231691
22,2026-09-08 03:24:56,"testSB_C",-9.11236151848823,1227639
23,2026-09-08 03:24:56,"ntc1_C",-9.11779728179329,1232472
23,2026-09-08 03:24:56,"ntc2_C",-9.16097186937634,1231606
23,2026-09-08 03:24:56,"testSB_C",-9.09794622028681,1226190
24,2026-09-08 03:24:56,"ntc1_C",-9.0716074067447,1227741
24,2026-09-08 03:24:56,"ntc2_C",-9.09012887633423,1230503
24,2026-09-08 03:24:56,"testSB_C",-9.03908606387381,1223363
1,2026-09-08 06:24:56,"ntc1_C",-6.11972745129697,1085528
1,2026-09-08 06:24:56,"testSB_C",-6.08026686317436,1086248
2,2026-09-08 06:24:56,"ntc1_C",-6.06860256149383,1084974
2,2026-09-08 06:24:56,"ntc2_C",-6.06400718004033,1084494
2,2026-09-08 06:24:56,"testSB_C",-6.05407461341656,1086513
3,2026-09-08 06:24:56,"ntc1_C",-6.04689888602388,1085885
3,2026-09-08 06:24:56,"ntc2_C",-6.05267731956587,1085024
3,2026-09-08 06:24:56,"testSB_C",-6.07008398882311,1085431
4,2026-09-08 06:24:56,"ntc1_C",-6.0313918008801,1084644
4,2026-09-08 06:24:56,"ntc2_C",-6.03335104672118,1082206
4,2026-09-08 06:24:56,"testSB_C",-6.06316159482157,1083713
5,2026-09-08 06:24:56,"ntc1_C",-6.05841456006277,1083610
5,2026-09-08 06:24:56,"ntc2_C",-6.0235080986476,1083538
5,2026-09-08 06:24:56,"testSB_C",-6.04648776814645,1085397
6,2026-09-08 06:24:56,"ntc1_C",-6.04797868141947,1083856
6,2026-09-08 06:24:56,"ntc2_C",-6.04197278107318,1084779
6,2026-09-08 06:24:56,"testSB_C",-6.05167459515184,1085496
7,2026-09-08 06:24:56,"ntc1_C",-6.0262656212264,1082748
7,2026-09-08 06:24:56,"ntc2_C",-5.99388464765207,1083166
7,2026-09-08 06:24:56,"testSB_C",-6.02655506712631,1084661
8,2026-09-08 06:24:56,"ntc1_C",-6.02911835769862,1086874
8,2026-09-08 06:24:56,"ntc2_C",-6.03350664773569,1082803
8,2026-09-08 06:24:56,"testSB_C",-6.00119843898966,1079481
9,2026-09-08 06:24:56,"ntc1_C",-6.0246285734346,1082133
9,2026-09-08 06:24:56,"ntc2_C",-6.009014104409,1085136
9,2026-09-08 06:24:56,"testSB_C",-6.0107819534,1083470
10,2026-09-08 06:24:56,"ntc1_C",-6.03138613270113,1084907
10,2026-09-08 06:24:56,"ntc2_C",-5.99536448290911,1080572
10,2026-09-08 06:24:56,"testSB_C",-6.03965169371412,1083304
11,2026-09-08 06:24:56,"ntc1_C",-6.0488994799934,1085911
11,2026-09-08 06:24:56,"ntc2_C",-6.0184517314338,1084119
11,2026-09-08 06:24:56,"testSB_C",-6.02594994030562,1082977
12,2026-09-08 06:24:56,"ntc1_C",-6.00067150710908,1082899
12,2026-09-08 06:24:56,"ntc2_C",-6.01633596889445,1082975
12,2026-09-08 06:24:56,"testSB_C",-6.01959238348354,1082928
13,2026-09-08 06:24:56,"ntc1_C",-5.9930924879967,1085674
13,2026-09-08 06:24:56,"ntc2_C",-5.98478941936713,1079791
13,2026-09-08 06:24:56,"testSB_C",-5.9918446075904,1081867
14,2026-09-08 06:24:56,"ntc1_C",-5.98696780351344,1080582
14,2026-09-08 06:24:56,"ntc2_C",-5.96848110216854,1082373
14,2026-09-08 06:24:56,"testSB_C",-5.96802230315177,1082206
15,2026-09-08 06:24:56,"ntc1_C",-5.97212855515977,1079093
15,2026-09-08 06:24:56,"ntc2_C",-5.95196938985862,1081897
15,2026-09-08 06:24:56,"testSB_C",-5.95222753057584,1082122
16,2026-09-08 06:24:56,"ntc1_C",-5.96929599878445,1080071
16,2026-09-08 06:24:56,"ntc2_C",-5.96648635384776,1079296
16,2026-09-08 06:24:56,"testSB_C",-5.97091156934113,1079436
17,2026-09-08 06:24:56,"ntc1_C",-5.97720950347184,1080335
17,2026-09-08 06:24:56,"ntc2_C",-5.9630716548391,1079262
17,2026-09-08 06:24:56,"testSB_C",-5.96006507602112,1082413
18,2026-09-08 06:24:56,"ntc1_C",-5.95675270028278,1082719
18,2026-09-08 06:24:56,"ntc2_C",-5.92718162068826,1078720
18,2026-09-08 06:24:56,"testSB_C",-5.94832467044608,1078836
19,2026-09-08 06:24:56,"ntc1_C",-5.97000511066369,1082960
19,2026-09-08 06:24:56,"ntc2_C",-5.96400958971344,1081561
19,2026-09-08 06:24:56,"testSB_C",-5.95656243625365,1082726
20,2026-09-08 06:24:56,"ntc1_C",-5.96153857835702,1080677
20,2026-09-08 06:24:56,"ntc2_C",-5.94910266537744,1081938
20,2026-09-08 06:24:56,"testSB_C",-5.94844267562576,1078588
21,2026-09-08 06:24:56,"ntc1_C",-5.96328156064658,1078813
21,2026-09-08 06:24:56,"ntc2_C",-5.92088314429782,1079509
21,2026-09-08 06:24:56,"testSB_C",-5.9600162649466,1081361
22,2026-09-08 06:24:56,"ntc1_C",-5.96873672679033,1081950
22,2026-09-08 06:24:56,"ntc2_C",-5.9337752318645,1081588
22,2026-09-08 06:24:56,"testSB_C",-5.94043073562796,1078861
23,2026-09-08 06:24:56,"ntc1_C",-5.93732185351638,1082757
23,2026-09-08 06:24:56,"ntc2_C",-5.94610354392319,1080454
23,2026-09-08 06:24:56,"testSB_C",-5.95918164714203,1079156
24,2026-09-08 06:24:56,"ntc1_C",-5.94807350765194,1081050
24,2026-09-08 06:24:56,"ntc2_C",-5.92679017381249,1081761
24,2026-09-08 06:24:56,"testSB_C",-5.92933972865643,1077862
1,2026-09-08 09:24:56,"ntc1_C",-8.49940612183985,1196033
1,2026-09-08 09:24:56,"testSB_C",-8.59218773567812,1203231
2,2026-09-08 09:24:56,"ntc1_C",-8.62100024022737,1203855
2,2026-09-08 09:24:56,"ntc2_C",-8.55491272945562,1200295
2,2026-09-08 09:24:56,"testSB_C",-8.46397313531213,1198443
3,2026-09-08 09:24:56,"ntc1_C",-6.64971975663315,1112836
3,2026-09-08 09:24:56,"ntc2_C",-7.22899933705713,1138235
3,2026-09-08 09:24:56,"testSB_C",-7.43982659060168,1147636
4,2026-09-08 09:24:56,"ntc1_C",-6.80502391571918,1119326
4,2026-09-08 09:24:56,"ntc2_C",-6.6829308627502,1111178
4,2026-09-08 09:24:56,"testSB_C",-7.41055764420582,1144784
5,2026-09-08 09:24:56,"ntc1_C",-7.39212354503445,1144072
5,2026-09-08 09:24:56,"ntc2_C",-6.98935724223685,1126956
5,2026-09-08 09:24:56,"testSB_C",-7.16085990970919,1135744
6,2026-09-08 09:24:56,"ntc1_C",-7.39662848760594,1144974
6,2026-09-08 09:24:56,"ntc2_C",-6.85354436127864,1121199
6,2026-09-08 09:24:56,"testSB_C",-7.29244835961936,1141701
7,2026-09-08 09:24:56,"ntc1_C",-7.01339685022396,1127131
7,2026-09-08 09:24:56,"ntc2_C",-6.21873480944214,1093118
7,2026-09-08 09:24:56,"testSB_C",-7.16274883555502,1135972
8,2026-09-08 09:24:56,"ntc1_C",-7.20985742057388,1140378
8,2026-09-08 09:24:56,"ntc2_C",-7.08298204052295,1130040
8,2026-09-08 09:24:56,"testSB_C",-6.36090408003724,1095388
9,2026-09-08 09:24:56,"ntc1_C",-7.07952196131447,1129578
9,2026-09-08 09:24:56,"ntc2_C",-6.64792683149022,1113720
9,2026-09-08 09:24:56,"testSB_C",-7.03311582727054,1129499
10,2026-09-08 09:24:56,"ntc1_C",-6.95436833622421,1126410
10,2026-09-08 09:24:56,"ntc2_C",-6.37591057607716,1097425
10,2026-09-08 09:24:56,"testSB_C",-7.10576701876488,1131337
11,2026-09-08 09:24:56,"ntc1_C",-7.26244078658226,1140859
11,2026-09-08 09:24:56,"ntc2_C",-6.60160414921933,1110138
11,2026-09-08 09:24:56,"testSB_C",-6.89475376726153,1121929
12,2026-09-08 09:24:56,"ntc1_C",-6.16880346277696,1090326
12,2026-09-08 09:24:56,"ntc2_C",-6.60953282783947,1109417
12,2026-09-08 09:24:56,"testSB_C",-6.8714022492864,1121113
13,2026-09-08 09:24:56,"ntc1_C",-6.72641692249618,1118546
13,2026-09-08 09:24:56,"ntc2_C",-6.4238693924969,1099252
13,2026-09-08 09:24:56,"testSB_C",-6.7896486240885,1117559
14,2026-09-08 09:24:56,"ntc1_C",-6.79854084217419,1116841
14,2026-09-08 09:24:56,"ntc2_C",-6.5032788021295,1106167
14,2026-09-08 09:24:56,"testSB_C",-6.77897430057988,1118500
15,2026-09-08 09:24:56,"ntc1_C",-6.97023896440578,1123792
15,2026-09-08 09:24:56,"ntc2_C",-6.46845452564344,1104867
15,2026-09-08 09:24:56,"testSB_C",-6.40540471731305,1102254
16,2026-09-08 09:24:56,"ntc1_C",-7.03254500149859,1127826
16,2026-09-08 09:24:56,"ntc2_C",-6.91169041456362,1121622
16,2026-09-08 09:24:56,"testSB_C",-6.9813675474511,1124755
17,2026-09-08 09:24:56,"ntc1_C",-6.91975225830487,1122572
17,2026-09-08 09:24:56,"ntc2_C",-6.88505248228591,1120503
17,2026-09-08 09:24:56,"testSB_C",-7.1897139961988,1137947
18,2026-09-08 09:24:56,"ntc1_C",-6.96721795175011,1128141
18,2026-09-08 09:24:56,"ntc2_C",-6.83590238966553,1119311
18,2026-09-08 09:24:56,"testSB_C",-7.00479040645746,1126237
19,2026-09-08 09:24:56,"ntc1_C",-7.0946674251187,1133672
19,2026-09-08 09:24:56,"ntc2_C",-7.04350692788387,1130133
19,2026-09-08 09:24:56,"testSB_C",-6.98675388720466,1129083
20,2026-09-08 09:24:56,"ntc1_C",-7.05286908004803,1129762
20,2026-09-08 09:24:56,"ntc2_C",-6.63163560285199,1112406
20,2026-09-08 09:24:56,"testSB_C",-6.88678403933795,1120563
21,2026-09-08 09:24:56,"ntc1_C",-7.1436191590908,1131848
21,2026-09-08 09:24:56,"ntc2_C",-6.72881151739443,1115578
21,2026-09-08 09:24:56,"testSB_C",-7.45004581563364,1148973
22,2026-09-08 09:24:56,"ntc1_C",-7.19899882808141,1137492
22,2026-09-08 09:24:56,"ntc2_C",-6.78261201795016,1119568
22,2026-09-08 09:24:56,"testSB_C",-7.37013150877362,1143488
23,2026-09-08 09:24:56,"ntc1_C",-7.1733907190374,1138597
23,2026-09-08 09:24:56,"ntc2_C",-6.90383472068532,1123382
23,2026-09-08 09:24:56,"testSB_C",-7.33914487802411,1141438
24,2026-09-08 09:24:56,"ntc1_C",-7.29961819158973,1142185
24,2026-09-08 09:24:56,"ntc2_C",-7.11767558977039,1135467
24,2026-09-08 09:24:56,"testSB_C",-7.29011404975085,1139215
1,2026-09-08 12:24:56,"ntc1_C",-7.10742068167599,1130063
1,2026-09-08 12:24:56,"testSB_C",-7.06063683821077,1130450
2,2026-09-08 12:24:56,"ntc1_C",-7.36815744387354,1143919
2,2026-09-08 12:24:56,"ntc2_C",-7.24695021471337,1137988
2,2026-09-08 12:24:56,"testSB_C",-6.85296906220452,1122378
3,2026-09-08 12:24:56,"ntc1_C",-6.42697114159773,1102798
3,2026-09-08 12:24:56,"ntc2_C",-6.24291998394904,1093453
3,2026-09-08 12:24:56,"testSB_C",-7.29852467342857,1141053
4,2026-09-08 12:24:56,"ntc1_C",-6.35050899005256,1098814
4,2026-09-08 12:24:56,"ntc2_C",-6.39650845887383,1098306
4,2026-09-08 12:24:56,"testSB_C",-6.91982696405626,1122142
5,2026-09-08 12:24:56,"ntc1_C",-6.50750356813467,1103593
5,2026-09-08 12:24:56,"ntc2_C",-6.22148215248319,1092295
5,2026-09-08 12:24:56,"testSB_C",-6.73453626341524,1116205
6,2026-09-08 12:24:56,"ntc1_C",-6.64273943833507,1110385
6,2026-09-08 12:24:56,"ntc2_C",-6.33306831323154,1097700
6,2026-09-08 12:24:56,"testSB_C",-7.41833526411642,1147568
7,2026-09-08 12:24:56,"ntc1_C",-6.26133118707207,1093151
7,2026-09-08 12:24:56,"ntc2_C",-6.0861417251374,1087238
7,2026-09-08 12:24:56,"testSB_C",-6.46070872530549,1103980
8,2026-09-08 12:24:56,"ntc1_C",-6.46152907231448,1106162
8,2026-09-08 12:24:56,"ntc2_C",-6.91033984221502,1122126
8,2026-09-08 12:24:56,"testSB_C",-6.1931125112028,1087938
9,2026-09-08 12:24:56,"ntc1_C",-6.53206632759873,1104694
9,2026-09-08 12:24:56,"ntc2_C",-6.11757502779074,1089939
9,2026-09-08 12:24:56,"testSB_C",-7.07519293779035,1131436
10,2026-09-08 12:24:56,"ntc1_C",-6.40515576701904,1101521
10,2026-09-08 12:24:56,"ntc2_C",-6.12975575175881,1086493
10,2026-09-08 12:24:56,"testSB_C",-6.65340506071806,1110694
11,2026-09-08 12:24:56,"ntc1_C",-6.78083671414066,1118718
11,2026-09-08 12:24:56,"ntc2_C",-6.39799345724833,1100981
11,2026-09-08 12:24:56,"testSB_C",-6.48316423236685,1103299
12,2026-09-08 12:24:56,"ntc1_C",-6.1130191668388,1087856
12,2026-09-08 12:24:56,"ntc2_C",-6.2762962308077,1094482
12,2026-09-08 12:24:56,"testSB_C",-7.41415361525429,1146163
13,2026-09-08 12:24:56,"ntc1_C",-6.25117699760585,1097128
13,2026-09-08 12:24:56,"ntc2_C",-5.94942254638954,1078239
13,2026-09-08 12:24:56,"testSB_C",-6.20701262198452,1091376
14,2026-09-08 12:24:56,"ntc1_C",-6.1345896776383,1087086
14,2026-09-08 12:24:56,"ntc2_C",-6.17377761478531,1091444
14,2026-09-08 12:24:56,"testSB_C",-6.20619881453842,1092738
15,2026-09-08 12:24:56,"ntc1_C",-6.32426178316354,1094650
15,2026-09-08 12:24:56,"ntc2_C",-6.06512520831217,1086887
15,2026-09-08 12:24:56,"testSB_C",-6.01711118242093,1084981
16,2026-09-08 12:24:56,"ntc1_C",-6.45771237284441,1101744
16,2026-09-08 12:24:56,"ntc2_C",-6.2234650842305,1090638
16,2026-09-08 12:24:56,"testSB_C",-6.46343272643054,1101286
17,2026-09-08 12:24:56,"ntc1_C",-6.31020343936729,1095067
17,2026-09-08 12:24:56,"ntc2_C",-6.19955907294576,1089689
17,2026-09-08 12:24:56,"testSB_C",-6.40298437400395,1102088
18,2026-09-08 12:24:56,"ntc1_C",-6.22339227857691,1094519
18,2026-09-08 12:24:56,"ntc2_C",-6.31875825992722,1096022
18,2026-09-08 12:24:56,"testSB_C",-6.27639966240815,1093332
19,2026-09-08 12:24:56,"ntc1_C",-6.33558077780435,1099183
19,2026-09-08 12:24:56,"ntc2_C",-6.33867600618817,1098171
19,2026-09-08 12:24:56,"testSB_C",-6.23018045293793,1094844
20,2026-09-08 12:24:56,"ntc1_C",-6.22783112672033,1092448
20,2026-09-08 12:24:56,"ntc2_C",-6.19678787829992,1092894
20,2026-09-08 12:24:56,"testSB_C",-6.04235362775916,1082715
21,2026-09-08 12:24:56,"ntc1_C",-6.23486999320085,1090785
21,2026-09-08 12:24:56,"ntc2_C",-6.11579020531582,1088099
21,2026-09-08 12:24:56,"testSB_C",-6.49186580417165,1105012
22,2026-09-08 12:24:56,"ntc1_C",-6.3248046350605,1097732
22,2026-09-08 12:24:56,"ntc2_C",-5.9204616201734,1081003
22,2026-09-08 12:24:56,"testSB_C",-6.47737759243921,1102680
23,2026-09-08 12:24:56,"ntc1_C",-6.3827396315881,1102547
23,2026-09-08 12:24:56,"ntc2_C",-6.05901806973759,1085426
23,2026-09-08 12:24:56,"testSB_C",-6.35750452819445,1096766
24,2026-09-08 12:24:56,"ntc1_C",-6.1948729085114,1091957
24,2026-09-08 12:24:56,"ntc2_C",-6.18798307203167,1093312
24,2026-09-08 12:24:56,"testSB_C",-6.29314459344135,1093924
1,2026-09-08 15:24:56,"ntc1_C",-7.39974610578986,1143601
1,2026-09-08 15:24:56,"testSB_C",-7.56350056379057,1153836
2,2026-09-08 15:24:56,"ntc1_C",-7.52960199756501,1151468
2,2026-09-08 15:24:56,"ntc2_C",-7.2004967627222,1135837
2,2026-09-08 15:24:56,"testSB_C",-7.22862413900293,1139661
3,2026-09-08 15:24:56,"ntc1_C",-6.67737933075966,1114089
3,2026-09-08 15:24:56,"ntc2_C",-6.58379344596005,1108725
3,2026-09-08 15:24:56,"testSB_C",-6.82101713913823,1119092
4,2026-09-08 15:24:56,"ntc1_C",-6.67832792031783,1113569
4,2026-09-08 15:24:56,"ntc2_C",-6.71562206047258,1112657
4,2026-09-08 15:24:56,"testSB_C",-6.49024206039292,1102699
5,2026-09-08 15:24:56,"ntc1_C",-6.64073350175886,1109594
5,2026-09-08 15:24:56,"ntc2_C",-6.71350638893284,1114376
5,2026-09-08 15:24:56,"testSB_C",-6.39881883770869,1101062
6,2026-09-08 15:24:56,"ntc1_C",-6.76562425813228,1115949
6,2026-09-08 15:24:56,"ntc2_C",-6.75743212144334,1116821
6,2026-09-08 15:24:56,"testSB_C",-6.57272672947965,1108744
7,2026-09-08 15:24:56,"ntc1_C",-6.45294063613437,1101707
7,2026-09-08 15:24:56,"ntc2_C",-6.86360396615282,1122186
7,2026-09-08 15:24:56,"testSB_C",-6.47898517041932,1104801
8,2026-09-08 15:24:56,"ntc1_C",-6.54321345738612,1109845
8,2026-09-08 15:24:56,"ntc2_C",-6.46260273909235,1101866
8,2026-09-08 15:24:56,"testSB_C",-6.62420945200296,1107185
9,2026-09-08 15:24:56,"ntc1_C",-6.56806891237227,1106313
9,2026-09-08 15:24:56,"ntc2_C",-6.45431263020259,1104977
9,2026-09-08 15:24:56,"testSB_C",-6.57003327777284,1108405
10,2026-09-08 15:24:56,"ntc1_C",-6.52616889199624,1106956
10,2026-09-08 15:24:56,"ntc2_C",-6.71331715513628,1112594
10,2026-09-08 15:24:56,"testSB_C",-6.71826794645267,1113630
11,2026-09-08 15:24:56,"ntc1_C",-6.67674840262333,1113991
11,2026-09-08 15:24:56,"ntc2_C",-6.60702807827823,1110383
11,2026-09-08 15:24:56,"testSB_C",-6.61997591020219,1109456
12,2026-09-08 15:24:56,"ntc1_C",-6.82165959971837,1119666
12,2026-09-08 15:24:56,"ntc2_C",-6.62386446703346,1110064
12,2026-09-08 15:24:56,"testSB_C",-6.79057714755157,1117431
13,2026-09-08 15:24:56,"ntc1_C",-6.70667994820855,1117648
13,2026-09-08 15:24:56,"ntc2_C",-6.43044106619851,1099546
13,2026-09-08 15:24:56,"testSB_C",-6.51457679259818,1105118
14,2026-09-08 15:24:56,"ntc1_C",-6.32590167156781,1095575
14,2026-09-08 15:24:56,"ntc2_C",-6.53501926222526,1107596
14,2026-09-08 15:24:56,"testSB_C",-6.61770606136355,1111184
15,2026-09-08 15:24:56,"ntc1_C",-6.59826486273442,1106915
15,2026-09-08 15:24:56,"ntc2_C",-6.69598761157249,1115145
15,2026-09-08 15:24:56,"testSB_C",-6.78645517696668,1119480
16,2026-09-08 15:24:56,"ntc1_C",-6.72798432516896,1113929
16,2026-09-08 15:24:56,"ntc2_C",-6.42368518079041,1099560
16,2026-09-08 15:24:56,"testSB_C",-6.58686617943476,1106833
17,2026-09-08 15:24:56,"ntc1_C",-6.41019492202463,1099531
17,2026-09-08 15:24:56,"ntc2_C",-6.5600843239796,1105785
17,2026-09-08 15:24:56,"testSB_C",-6.52026228127005,1107359
18,2026-09-08 15:24:56,"ntc1_C",-6.41809368555511,1103219
18,2026-09-08 15:24:56,"ntc2_C",-6.83662729805343,1119344
18,2026-09-08 15:24:56,"testSB_C",-6.6520124088625,1110175
19,2026-09-08 15:24:56,"ntc1_C",-6.54484877735268,1108582
19,2026-09-08 15:24:56,"ntc2_C",-6.71312930542962,1115034
19,2026-09-08 15:24:56,"testSB_C",-6.60561620209728,1111699
20,2026-09-08 15:24:56,"ntc1_C",-6.40282191479531,1100255
20,2026-09-08 15:24:56,"ntc2_C",-6.79654524372103,1119899
20,2026-09-08 15:24:56,"testSB_C",-6.2763914615997,1093071
21,2026-09-08 15:24:56,"ntc1_C",-6.41404089708476,1098758
21,2026-09-08 15:24:56,"ntc2_C",-6.8549457931494,1121320
21,2026-09-08 15:24:56,"testSB_C",-6.63708712019599,1111562
22,2026-09-08 15:24:56,"ntc1_C",-6.40280991707965,1101221
22,2026-09-08 15:24:56,"ntc2_C",-6.45748830535592,1104861
22,2026-09-08 15:24:56,"testSB_C",-6.76607492068661,1115710
23,2026-09-08 15:24:56,"ntc1_C",-6.81580170641763,1122145
23,2026-09-08 15:24:56,"ntc2_C",-6.53820452861197,1106790
23,2026-09-08 15:24:56,"testSB_C",-6.66814986096938,1110705
24,2026-09-08 15:24:56,"ntc1_C",-6.349516510108,1098849
24,2026-09-08 15:24:56,"ntc2_C",-6.72562064461448,1117490
24,2026-09-08 15:24:56,"testSB_C",-6.54520603806981,1105197
1,2026-09-08 18:24:56,"ntc1_C",-11.833798535116,1370433
1,2026-09-08 18:24:56,"testSB_C",-11.9775047108344,1381461
2,2026-09-08 18:24:56,"ntc1_C",-11.7145718996167,1365877
2,2026-09-08 18:24:56,"ntc2_C",-11.320843791728,1343721
2,2026-09-08 18:24:56,"testSB_C",-11.7147900869121,1368279
3,2026-09-08 18:24:56,"ntc1_C",-11.0617212692063,1332078
3,2026-09-08 18:24:56,"ntc2_C",-10.8466923580345,1319194
3,2026-09-08 18:24:56,"testSB_C",-10.5687173971415,1303757
4,2026-09-08 18:24:56,"ntc1_C",-10.9902630148835,1327602
4,2026-09-08 18:24:56,"ntc2_C",-10.9986220088916,1324904
4,2026-09-08 18:24:56,"testSB_C",-10.4737234899313,1297054
5,2026-09-08 18:24:56,"ntc1_C",-10.5977748070459,1303897
5,2026-09-08 18:24:56,"ntc2_C",-10.8848178155871,1320913
5,2026-09-08 18:24:56,"testSB_C",-10.4993554947112,1301345
6,2026-09-08 18:24:56,"ntc1_C",-10.6308467734853,1306294
6,2026-09-08 18:24:56,"ntc2_C",-10.8787390425596,1321188
6,2026-09-08 18:24:56,"testSB_C",-10.5074832188154,1301583
7,2026-09-08 18:24:56,"ntc1_C",-10.4394240146872,1296136
7,2026-09-08 18:24:56,"ntc2_C",-11.0962090905057,1333620
7,2026-09-08 18:24:56,"testSB_C",-10.4426710448595,1298469
8,2026-09-08 18:24:56,"ntc1_C",-10.4811185628138,1303115
8,2026-09-08 18:24:56,"ntc2_C",-10.3356636373294,1290284
8,2026-09-08 18:24:56,"testSB_C",-10.7970970557409,1312501
9,2026-09-08 18:24:56,"ntc1_C",-10.3804158469477,1292255
9,2026-09-08 18:24:56,"ntc2_C",-10.5596760723921,1306344
9,2026-09-08 18:24:56,"testSB_C",-10.4651596379305,1299181
10,2026-09-08 18:24:56,"ntc1_C",-10.4064664938153,1296577
10,2026-09-08 18:24:56,"ntc2_C",-10.84632502339,1316777
10,2026-09-08 18:24:56,"testSB_C",-10.561782537048,1302555
11,2026-09-08 18:24:56,"ntc1_C",-10.3861346549477,1295751
11,2026-09-08 18:24:56,"ntc2_C",-10.6138409199697,1307365
11,2026-09-08 18:24:56,"testSB_C",-10.4117074155571,1294840
12,2026-09-08 18:24:56,"ntc1_C",-10.9572169197275,1325234
12,2026-09-08 18:24:56,"ntc2_C",-10.5957186296373,1305101
12,2026-09-08 18:24:56,"testSB_C",-10.6522190520826,1307949
13,2026-09-08 18:24:56,"ntc1_C",-10.5950938702396,1309589
13,2026-09-08 18:24:56,"ntc2_C",-10.5126880805739,1298652
13,2026-09-08 18:24:56,"testSB_C",-10.4002709831603,1294780
14,2026-09-08 18:24:56,"ntc1_C",-10.1720455046226,1281417
14,2026-09-08 18:24:56,"ntc2_C",-10.5986752080536,1307054
14,2026-09-08 18:24:56,"testSB_C",-10.462223618786,1299680
15,2026-09-08 18:24:56,"ntc1_C",-10.4232360502177,1293579
15,2026-09-08 18:24:56,"ntc2_C",-10.6375396310988,1309547
15,2026-09-08 18:24:56,"testSB_C",-10.7818354737668,1317535
16,2026-09-08 18:24:56,"ntc1_C",-10.4156903222652,1294644
16,2026-09-08 18:24:56,"ntc2_C",-10.3212443159641,1288935
16,2026-09-08 18:24:56,"testSB_C",-10.3444993995045,1290107
17,2026-09-08 18:24:56,"ntc1_C",-10.223514046908,1284426
17,2026-09-08 18:24:56,"ntc2_C",-10.3636312861911,1291167
17,2026-09-08 18:24:56,"testSB_C",-10.2281898915067,1288000
18,2026-09-08 18:24:56,"ntc1_C",-10.209983726405,1287506
18,2026-09-08 18:24:56,"ntc2_C",-10.7105629099436,1310684
18,2026-09-08 18:24:56,"testSB_C",-10.4213871072088,1294627
19,2026-09-08 18:24:56,"ntc1_C",-10.3060249127691,1292256
19,2026-09-08 18:24:56,"ntc2_C",-10.5762154392621,1305244
19,2026-09-08 18:24:56,"testSB_C",-10.461889463708,1300973
20,2026-09-08 18:24:56,"ntc1_C",-10.1226646992265,1280425
20,2026-09-08 18:24:56,"ntc2_C",-10.7666548531715,1316709
20,2026-09-08 18:24:56,"testSB_C",-10.1313372735611,1279033
21,2026-09-08 18:24:56,"ntc1_C",-10.1592543152766,1279798
21,2026-09-08 18:24:56,"ntc2_C",-10.8115332295117,1317610
21,2026-09-08 18:24:56,"testSB_C",-10.3268972678101,1291997
22,2026-09-08 18:24:56,"ntc1_C",-10.0715026488095,1278818
22,2026-09-08 18:24:56,"ntc2_C",-10.500001065285,1302669
22,2026-09-08 18:24:56,"testSB_C",-10.3967322711108,1293687
23,2026-09-08 18:24:56,"ntc1_C",-10.5499324992427,1306612
23,2026-09-08 18:24:56,"ntc2_C",-10.507092728515,1301139
23,2026-09-08 18:24:56,"testSB_C",-10.45347387246,1295851
24,2026-09-08 18:24:56,"ntc1_C",-10.1185314434389,1281323
24,2026-09-08 18:24:56,"ntc2_C",-10.5343873964138,1305184
24,2026-09-08 18:24:56,"testSB_C",-10.1943576062523,1282389
1,2026-09-08 21:24:56,"ntc1_C",-19.6435559667156,1883523
1,2026-09-08 21:24:56,"testSB_C",-19.4507127562417,1872619
2,2026-09-08 21:24:56,"ntc1_C",-19.3607606657756,1864841
2,2026-09-08 21:24:56,"ntc2_C",-19.3113443175712,1860556
2,2026-09-08 21:24:56,"testSB_C",-19.2573031232207,1859643
3,2026-09-08 21:24:56,"ntc1_C",-19.2514463302403,1859151
3,2026-09-08 21:24:56,"ntc2_C",-19.2102895317574,1854582
3,2026-09-08 21:24:56,"testSB_C",-19.1608433567127,1849817
4,2026-09-08 21:24:56,"ntc1_C",-19.0894309293001,1846396
4,2026-09-08 21:24:56,"ntc2_C",-19.040469904628,1838300
4,2026-09-08 21:24:56,"testSB_C",-19.0030312517781,1835820
5,2026-09-08 21:24:56,"ntc1_C",-18.9534074624494,1832814
5,2026-09-08 21:24:56,"ntc2_C",-18.9103727233718,1831583
5,2026-09-08 21:24:56,"testSB_C",-18.9003580003339,1832359
6,2026-09-08 21:24:56,"ntc1_C",-18.8511627268345,1825499
6,2026-09-08 21:24:56,"ntc2_C",-18.853456176082,1828290
6,2026-09-08 21:24:56,"testSB_C",-18.8044432233359,1824838
7,2026-09-08 21:24:56,"ntc1_C",-18.7322518891351,1817292
7,2026-09-08 21:24:56,"ntc2_C",-18.7305651833425,1820200
7,2026-09-08 21:24:56,"testSB_C",-18.6852969594197,1816551
8,2026-09-08 21:24:56,"ntc1_C",-18.6326908073925,1816440
8,2026-09-08 21:24:56,"ntc2_C",-18.6141884602408,1807939
8,2026-09-08 21:24:56,"testSB_C",-18.6050108976107,1804127
9,2026-09-08 21:24:56,"ntc1_C",-18.540666597365,1801871
9,2026-09-08 21:24:56,"ntc2_C",-18.5312812214549,1807858
9,2026-09-08 21:24:56,"testSB_C",-18.4781496101591,1800961
10,2026-09-08 21:24:56,"ntc1_C",-18.4778408974354,1801272
10,2026-09-08 21:24:56,"ntc2_C",-18.451393899822,1795103
10,2026-09-08 21:24:56,"testSB_C",-18.4354178100653,1795386
11,2026-09-08 21:24:56,"ntc1_C",-18.3939553428576,1795486
11,2026-09-08 21:24:56,"ntc2_C",-18.3986682756185,1795330
11,2026-09-08 21:24:56,"testSB_C",-18.3663410836151,1790491
12,2026-09-08 21:24:56,"ntc1_C",-18.3389188712207,1790083
12,2026-09-08 21:24:56,"ntc2_C",-18.314477537024,1787337
12,2026-09-08 21:24:56,"testSB_C",-18.2824929877574,1784977
13,2026-09-08 21:24:56,"ntc1_C",-18.2519664685505,1788965
13,2026-09-08 21:24:56,"ntc2_C",-18.2388710198631,1779388
13,2026-09-08 21:24:56,"testSB_C",-18.2056074518586,1779683
14,2026-09-08 21:24:56,"ntc1_C",-18.1759438680428,1775486
14,2026-09-08 21:24:56,"ntc2_C",-18.1440097289995,1777376
14,2026-09-08 21:24:56,"testSB_C",-18.1095045059753,1774835
15,2026-09-08 21:24:56,"ntc1_C",-18.0740513254693,1766697
15,2026-09-08 21:24:56,"ntc2_C",-18.0678827929633,1772746
15,2026-09-08 21:24:56,"testSB_C",-18.0419858609725,1771152
16,2026-09-08 21:24:56,"ntc1_C",-18.0086218715384,1764289
16,2026-09-08 21:24:56,"ntc2_C",-17.9881145515544,1761962
16,2026-09-08 21:24:56,"testSB_C",-18.0037348334428,1763033
17,2026-09-08 21:24:56,"ntc1_C",-17.9898175658107,1762763
17,2026-09-08 21:24:56,"ntc2_C",-17.9335166530095,1757688
17,2026-09-08 21:24:56,"testSB_C",-17.9050889658636,1761096
18,2026-09-08 21:24:56,"ntc1_C",-17.9094474970322,1761859
18,2026-09-08 21:24:56,"ntc2_C",-17.8825802657312,1755264
18,2026-09-08 21:24:56,"testSB_C",-17.8321285130021,1751364
19,2026-09-08 21:24:56,"ntc1_C",-17.8415745210603,1756883
19,2026-09-08 21:24:56,"ntc2_C",-17.8176178134283,1753437
19,2026-09-08 21:24:56,"testSB_C",-17.7909199243001,1753993
20,2026-09-08 21:24:56,"ntc1_C",-17.7736774166827,1749231
20,2026-09-08 21:24:56,"ntc2_C",-17.7561548823772,1750804
20,2026-09-08 21:24:56,"testSB_C",-17.7346195042308,1743858
21,2026-09-08 21:24:56,"ntc1_C",-17.7255833046895,1741858
21,2026-09-08 21:24:56,"ntc2_C",-17.7149700418665,1745773
21,2026-09-08 21:24:56,"testSB_C",-17.6821225401436,1743776
22,2026-09-08 21:24:56,"ntc1_C",-17.6798810078551,1743900
22,2026-09-08 21:24:56,"ntc2_C",-17.6540857353046,1743571
22,2026-09-08 21:24:56,"testSB_C",-17.5989809413623,1735262
23,2026-09-08 21:24:56,"ntc1_C",-17.5986109499539,1741382
23,2026-09-08 21:24:56,"ntc2_C",-17.6108277211339,1738176
23,2026-09-08 21:24:56,"testSB_C",-17.5742362775888,1731778
24,2026-09-08 21:24:56,"ntc1_C",-17.5613023950689,1735626
24,2026-09-08 21:24:56,"ntc2_C",-17.5133823946076,1734690
24,2026-09-08 21:24:56,"testSB_C",-17.4757325059249,1725560
1,2026-09-09 00:24:56,"ntc1_C",-19.5099457566169,1873364
1,2026-09-09 00:24:56,"testSB_C",-19.3173590536734,1862538
2,2026-09-09 00:24:56,"ntc1_C",-19.2386537123518,1855642
2,2026-09-09 00:24:56,"ntc2_C",-19.15055825276,1848479
2,2026-09-09 00:24:56,"testSB_C",-19.1380417542011,1850691
3,2026-09-09 00:24:56,"ntc1_C",-19.0858367452111,1846729
3,2026-09-09 00:24:56,"ntc2_C",-19.0428086719265,1842044
3,2026-09-09 00:24:56,"testSB_C",-18.9957619750602,1837493
4,2026-09-09 00:24:56,"ntc1_C",-18.9121299303816,1833181
4,2026-09-09 00:24:56,"ntc2_C",-18.869862250599,1825637
4,2026-09-09 00:24:56,"testSB_C",-18.8471658440869,1824263
5,2026-09-09 00:24:56,"ntc1_C",-18.8069067712667,1821961
5,2026-09-09 00:24:56,"ntc2_C",-18.7740866857936,1821496
5,2026-09-09 00:24:56,"testSB_C",-18.7702966172103,1822727
6,2026-09-09 00:24:56,"ntc1_C",-18.7314196703709,1816667
6,2026-09-09 00:24:56,"ntc2_C",-18.7269435322457,1818940
6,2026-09-09 00:24:56,"testSB_C",-18.6948181046741,1816750
7,2026-09-09 00:24:56,"ntc1_C",-18.6522512669121,1811406
7,2026-09-09 00:24:56,"ntc2_C",-18.6549352983804,1814627
7,2026-09-09 00:24:56,"testSB_C",-18.629959043874,1812481
8,2026-09-09 00:24:56,"ntc1_C",-18.594813069478,1813653
8,2026-09-09 00:24:56,"ntc2_C",-18.5874779672127,1805982
8,2026-09-09 00:24:56,"testSB_C",-18.5582368607152,1800708
9,2026-09-09 00:24:56,"ntc1_C",-18.5524637512003,1802733
9,2026-09-09 00:24:56,"ntc2_C",-18.507267640215,1806098
9,2026-09-09 00:24:56,"testSB_C",-18.4831865814795,1801329
10,2026-09-09 00:24:56,"ntc1_C",-18.4638680528866,1800252
10,2026-09-09 00:24:56,"ntc2_C",-18.4707109999619,1796510
10,2026-09-09 00:24:56,"testSB_C",-18.4700606128407,1797911
11,2026-09-09 00:24:56,"ntc1_C",-18.4378600494063,1798685
11,2026-09-09 00:24:56,"ntc2_C",-18.4451284485679,1798716
11,2026-09-09 00:24:56,"testSB_C",-18.3893670486735,1792164
12,2026-09-09 00:24:56,"ntc1_C",-18.405107184041,1794894
12,2026-09-09 00:24:56,"ntc2_C",-18.3537221775049,1790184
12,2026-09-09 00:24:56,"testSB_C",-18.3305120152849,1788458
13,2026-09-09 00:24:56,"ntc1_C",-18.31891792087,1793829
13,2026-09-09 00:24:56,"ntc2_C",-18.3381926132704,1786575
13,2026-09-09 00:24:56,"testSB_C",-18.3144285951073,1787558
14,2026-09-09 00:24:56,"ntc1_C",-18.283101815833,1783221
14,2026-09-09 00:24:56,"ntc2_C",-18.2697984956491,1786467
14,2026-09-09 00:24:56,"testSB_C",-18.2416391672571,1784374
15,2026-09-09 00:24:56,"ntc1_C",-18.2271260133037,1777703
15,2026-09-09 00:24:56,"ntc2_C",-18.221512924932,1783834
15,2026-09-09 00:24:56,"testSB_C",-18.1984458163047,1782433
16,2026-09-09 00:24:56,"ntc1_C",-18.1837640673287,1776877
16,2026-09-09 00:24:56,"ntc2_C",-18.1813489196566,1775841
16,2026-09-09 00:24:56,"testSB_C",-18.1562579978763,1773986
17,2026-09-09 00:24:56,"ntc1_C",-18.1672409171638,1775504
17,2026-09-09 00:24:56,"ntc2_C",-18.0995071153205,1769568
17,2026-09-09 00:24:56,"testSB_C",-18.10499813161,1775441
18,2026-09-09 00:24:56,"ntc1_C",-18.0923126379616,1774978
18,2026-09-09 00:24:56,"ntc2_C",-18.067483440135,1768478
18,2026-09-09 00:24:56,"testSB_C",-18.0685605765749,1768261
19,2026-09-09 00:24:56,"ntc1_C",-18.0623568887085,1772700
19,2026-09-09 00:24:56,"ntc2_C",-18.042054666298,1769488
19,2026-09-09 00:24:56,"testSB_C",-18.0288088344267,1771017
20,2026-09-09 00:24:56,"ntc1_C",-18.0101781341412,1766114
20,2026-09-09 00:24:56,"ntc2_C",-17.9953115589373,1767890
20,2026-09-09 00:24:56,"testSB_C",-17.9707392770339,1760661
21,2026-09-09 00:24:56,"ntc1_C",-17.9849516781785,1760290
21,2026-09-09 00:24:56,"ntc2_C",-17.9445799139704,1762125
21,2026-09-09 00:24:56,"testSB_C",-17.941966940138,1762274
22,2026-09-09 00:24:56,"ntc1_C",-17.908868498546,1760193
22,2026-09-09 00:24:56,"ntc2_C",-17.9065340057508,1761531
22,2026-09-09 00:24:56,"testSB_C",-17.9040608302927,1756901
23,2026-09-09 00:24:56,"ntc1_C",-17.8761372282124,1761112
23,2026-09-09 00:24:56,"ntc2_C",-17.8805628671115,1757323
23,2026-09-09 00:24:56,"testSB_C",-17.8512205345471,1751344
24,2026-09-09 00:24:56,"ntc1_C",-17.8434020212428,1755629
24,2026-09-09 00:24:56,"ntc2_C",-17.8160265814223,1756143
24,2026-09-09 00:24:56,"testSB_C",-17.7627725624793,1745797
1,2026-09-09 03:24:56,"ntc1_C",-18.9593970756518,1832045
1,2026-09-09 03:24:56,"testSB_C",-18.8624295569718,1828531
2,2026-09-09 03:24:56,"ntc1_C",-18.7602593499526,1820013
2,2026-09-09 03:24:56,"ntc2_C",-18.7097946807094,1815751
2,2026-09-09 03:24:56,"testSB_C",-18.6767169462416,1816445
3,2026-09-09 03:24:56,"ntc1_C",-18.7007628604704,1818148
3,2026-09-09 03:24:56,"ntc2_C",-18.6136219522626,1810279
3,2026-09-09 03:24:56,"testSB_C",-18.5813104908665,1806894
4,2026-09-09 03:24:56,"ntc1_C",-18.5493229242375,1806418
4,2026-09-09 03:24:56,"ntc2_C",-18.5174340734873,1799740
4,2026-09-09 03:24:56,"testSB_C",-18.5084579547368,1799386
5,2026-09-09 03:24:56,"ntc1_C",-18.4719871590222,1797378
5,2026-09-09 03:24:56,"ntc2_C",-18.4549877264834,1798084
5,2026-09-09 03:24:56,"testSB_C",-18.4461777665045,1798932
6,2026-09-09 03:24:56,"ntc1_C",-18.4298919956068,1794606
6,2026-09-09 03:24:56,"ntc2_C",-18.3999802852168,1794985
6,2026-09-09 03:24:56,"testSB_C",-18.4068538945418,1795666
7,2026-09-09 03:24:56,"ntc1_C",-18.3529888714976,1789548
7,2026-09-09 03:24:56,"ntc2_C",-18.3680654788826,1793635
7,2026-09-09 03:24:56,"testSB_C",-18.3200734518798,1789849
8,2026-09-09 03:24:56,"ntc1_C",-18.3086620045578,1792729
8,2026-09-09 03:24:56,"ntc2_C",-18.2715371119498,1782986
8,2026-09-09 03:24:56,"testSB_C",-18.3004228691128,1781973
9,2026-09-09 03:24:56,"ntc1_C",-18.2474711155523,1780573
9,2026-09-09 03:24:56,"ntc2_C",-18.2435314538525,1786875
9,2026-09-09 03:24:56,"testSB_C",-18.2446811828305,1783982
10,2026-09-09 03:24:56,"ntc1_C",-18.2142030491662,1782119
10,2026-09-09 03:24:56,"ntc2_C",-18.2370088463789,1779558
10,2026-09-09 03:24:56,"testSB_C",-18.2107169063283,1779090
11,2026-09-09 03:24:56,"ntc1_C",-18.1665898280429,1779006
11,2026-09-09 03:24:56,"ntc2_C",-18.1919112343545,1780335
11,2026-09-09 03:24:56,"testSB_C",-18.1686032135915,1776185
12,2026-09-09 03:24:56,"ntc1_C",-18.1759279192367,1778288
12,2026-09-09 03:24:56,"ntc2_C",-18.1639236464738,1776455
12,2026-09-09 03:24:56,"testSB_C",-18.1392458430584,1774631
13,2026-09-09 03:24:56,"ntc1_C",-18.1629857331972,1782520
13,2026-09-09 03:24:56,"ntc2_C",-18.1356219214524,1771946
13,2026-09-09 03:24:56,"testSB_C",-18.150851357412,1775733
14,2026-09-09 03:24:56,"ntc1_C",-18.0942141514309,1769608
14,2026-09-09 03:24:56,"ntc2_C",-18.0938755386521,1773765
14,2026-09-09 03:24:56,"testSB_C",-18.0965998431603,1773906
15,2026-09-09 03:24:56,"ntc1_C",-18.0662523351933,1766138
15,2026-09-09 03:24:56,"ntc2_C",-18.0777198448256,1773454
15,2026-09-09 03:24:56,"testSB_C",-18.099265045724,1775274
16,2026-09-09 03:24:56,"ntc1_C",-18.0938090427845,1770401
16,2026-09-09 03:24:56,"ntc2_C",-18.059316819753,1767064
16,2026-09-09 03:24:56,"testSB_C",-18.0600001828086,1767066
17,2026-09-09 03:24:56,"ntc1_C",-18.0425828207061,1766543
17,2026-09-09 03:24:56,"ntc2_C",-18.0346910689338,1764920
17,2026-09-09 03:24:56,"testSB_C",-18.0322650441258,1770209
18,2026-09-09 03:24:56,"ntc1_C",-18.0327960024567,1770698
18,2026-09-09 03:24:56,"ntc2_C",-18.0460720449437,1766943
18,2026-09-09 03:24:56,"testSB_C",-18.0236295066844,1765038
19,2026-09-09 03:24:56,"ntc1_C",-18.0185934822197,1769554
19,2026-09-09 03:24:56,"ntc2_C",-18.0260392741526,1768338
19,2026-09-09 03:24:56,"testSB_C",-18.0115413274032,1769776
20,2026-09-09 03:24:56,"ntc1_C",-18.0130504725937,1766320
20,2026-09-09 03:24:56,"ntc2_C",-17.9862816938369,1767242
20,2026-09-09 03:24:56,"testSB_C",-17.9939210704125,1762319
21,2026-09-09 03:24:56,"ntc1_C",-17.9947505718544,1760990
21,2026-09-09 03:24:56,"ntc2_C",-18.0143543556539,1767123
21,2026-09-09 03:24:56,"testSB_C",-17.9595016396083,1763529
22,2026-09-09 03:24:56,"ntc1_C",-17.9750222191417,1764927
22,2026-09-09 03:24:56,"ntc2_C",-17.9797667363632,1766774
22,2026-09-09 03:24:56,"testSB_C",-17.969835273756,1761600
23,2026-09-09 03:24:56,"ntc1_C",-17.9892562665039,1769215
23,2026-09-09 03:24:56,"ntc2_C",-17.9770511421773,1764221
23,2026-09-09 03:24:56,"testSB_C",-17.9875153913864,1761049
24,2026-09-09 03:24:56,"ntc1_C",-17.9733185148473,1764915
24,2026-09-09 03:24:56,"ntc2_C",-17.9551126870525,1766087
24,2026-09-09 03:24:56,"testSB_C",-17.9496196531028,1759092
1,2026-09-09 06:24:56,"ntc1_C",-20.1255594149874,1920603
1,2026-09-09 06:24:56,"testSB_C",-20.0542061463304,1918885
2,2026-09-09 06:24:56,"ntc1_C",-19.9596226499349,1910581
2,2026-09-09 06:24:56,"ntc2_C",-19.969772322191,1910791
2,2026-09-09 06:24:56,"testSB_C",-19.8932668355468,1908072
3,2026-09-09 06:24:56,"ntc1_C",-19.8655030462758,1905900
3,2026-09-09 06:24:56,"ntc2_C",-19.8450093527391,1902832
3,2026-09-09 06:24:56,"testSB_C",-19.8186760700841,1899705
4,2026-09-09 06:24:56,"ntc1_C",-19.8233302659187,1902058
4,2026-09-09 06:24:56,"ntc2_C",-19.7581520979775,1892482
4,2026-09-09 06:24:56,"testSB_C",-19.7815351902322,1894586
5,2026-09-09 06:24:56,"ntc1_C",-19.7530029882549,1893133
5,2026-09-09 06:24:56,"ntc2_C",-19.733347503852,1893624
5,2026-09-09 06:24:56,"testSB_C",-19.7356754437128,1895375
6,2026-09-09 06:24:56,"ntc1_C",-19.7235811925577,1891081
6,2026-09-09 06:24:56,"ntc2_C",-19.6815086351176,1890617
6,2026-09-09 06:24:56,"testSB_C",-19.7294779372297,1894453
7,2026-09-09 06:24:56,"ntc1_C",-19.6632021954122,1887129
7,2026-09-09 06:24:56,"ntc2_C",-19.6684467694351,1890668
7,2026-09-09 06:24:56,"testSB_C",-19.6719761640085,1890586
8,2026-09-09 06:24:56,"ntc1_C",-19.628079553141,1891146
8,2026-09-09 06:24:56,"ntc2_C",-19.6576701127312,1885980
8,2026-09-09 06:24:56,"testSB_C",-19.6649391261666,1883270
9,2026-09-09 06:24:56,"ntc1_C",-19.6083031163287,1881481
9,2026-09-09 06:24:56,"ntc2_C",-19.6178051489958,1889209
9,2026-09-09 06:24:56,"testSB_C",-19.631165916453,1887081
10,2026-09-09 06:24:56,"ntc1_C",-19.6157664646055,1886199
10,2026-09-09 06:24:56,"ntc2_C",-19.6520488766139,1884567
10,2026-09-09 06:24:56,"testSB_C",-19.6093736738547,1882851
11,2026-09-09 06:24:56,"ntc1_C",-19.6020877596999,1885509
11,2026-09-09 06:24:56,"ntc2_C",-19.6240459346722,1886686
11,2026-09-09 06:24:56,"testSB_C",-19.5999162809875,1882235
12,2026-09-09 06:24:56,"ntc1_C",-19.6220466430603,1885562
12,2026-09-09 06:24:56,"ntc2_C",-19.5987028032931,1882764
12,2026-09-09 06:24:56,"testSB_C",-19.5919226187443,1882239
13,2026-09-09 06:24:56,"ntc1_C",-19.609855391728,1890101
13,2026-09-09 06:24:56,"ntc2_C",-19.5899800340407,1879548
13,2026-09-09 06:24:56,"testSB_C",-19.5943681757344,1882697
14,2026-09-09 06:24:56,"ntc1_C",-19.5645652999321,1878234
14,2026-09-09 06:24:56,"ntc2_C",-19.5824744229735,1884005
14,2026-09-09 06:24:56,"testSB_C",-19.5717070551216,1883139
15,2026-09-09 06:24:56,"ntc1_C",-19.5507387143597,1875624
15,2026-09-09 06:24:56,"ntc2_C",-19.5478107080097,1882332
15,2026-09-09 06:24:56,"testSB_C",-19.6039074759499,1886870
16,2026-09-09 06:24:56,"ntc1_C",-19.5778104005284,1880156
16,2026-09-09 06:24:56,"ntc2_C",-19.5308820759921,1875705
16,2026-09-09 06:24:56,"testSB_C",-19.5481206470076,1876968
17,2026-09-09 06:24:56,"ntc1_C",-19.5392241467483,1877023
17,2026-09-09 06:24:56,"ntc2_C",-19.5276556012547,1874981
17,2026-09-09 06:24:56,"testSB_C",-19.5415034487068,1881832
18,2026-09-09 06:24:56,"ntc1_C",-19.5344229680649,1881736
18,2026-09-09 06:24:56,"ntc2_C",-19.5408503197217,1877201
18,2026-09-09 06:24:56,"testSB_C",-19.5787560348593,1879899
19,2026-09-09 06:24:56,"ntc1_C",-19.5219614675162,1880721
19,2026-09-09 06:24:56,"ntc2_C",-19.5378081841693,1880079
19,2026-09-09 06:24:56,"testSB_C",-19.5113264350801,1880700
20,2026-09-09 06:24:56,"ntc1_C",-19.5178801867619,1877441
20,2026-09-09 06:24:56,"ntc2_C",-19.5181366515049,1880459
20,2026-09-09 06:24:56,"testSB_C",-19.5061480949133,1873740
21,2026-09-09 06:24:56,"ntc1_C",-19.5148798551789,1872848
21,2026-09-09 06:24:56,"ntc2_C",-19.5569139236607,1881119
21,2026-09-09 06:24:56,"testSB_C",-19.5052458126547,1877560
22,2026-09-09 06:24:56,"ntc1_C",-19.4877397409235,1876537
22,2026-09-09 06:24:56,"ntc2_C",-19.4967591028479,1878774
22,2026-09-09 06:24:56,"testSB_C",-19.4971678464595,1874134
23,2026-09-09 06:24:56,"ntc1_C",-19.5193116905439,1882355
23,2026-09-09 06:24:56,"ntc2_C",-19.4954063734116,1876217
23,2026-09-09 06:24:56,"testSB_C",-19.4979698489106,1872072
24,2026-09-09 06:24:56,"ntc1_C",-19.497279116666,1877387
24,2026-09-09 06:24:56,"ntc2_C",-19.4876841053162,1879262
24,2026-09-09 06:24:56,"testSB_C",-19.4921629951036,1872591
1,2026-09-09 09:24:56,"ntc1_C",-21.9654630753101,2068477
1,2026-09-09 09:24:56,"testSB_C",-22.0097465126179,2076218
2,2026-09-09 09:24:56,"ntc1_C",-21.9865513270859,2073269
2,2026-09-09 09:24:56,"ntc2_C",-22.0484192423571,2077800
2,2026-09-09 09:24:56,"testSB_C",-22.0169588343159,2078445
3,2026-09-09 09:24:56,"ntc1_C",-20.1969052117684,1931586
3,2026-09-09 09:24:56,"ntc2_C",-21.1239934583679,2003646
3,2026-09-09 09:24:56,"testSB_C",-20.6486139279722,1964445
4,2026-09-09 09:24:56,"ntc1_C",-20.6334527167826,1965326
4,2026-09-09 09:24:56,"ntc2_C",-20.2612816434435,1931357
4,2026-09-09 09:24:56,"testSB_C",-20.9687074536424,1987605
5,2026-09-09 09:24:56,"ntc1_C",-20.8423148416399,1978307
5,2026-09-09 09:24:56,"ntc2_C",-20.6182118986844,1962528
5,2026-09-09 09:24:56,"testSB_C",-20.6017668119596,1962856
6,2026-09-09 09:24:56,"ntc1_C",-20.9696469035894,1988588
6,2026-09-09 09:24:56,"ntc2_C",-20.4286491316409,1948560
6,2026-09-09 09:24:56,"testSB_C",-21.1633100556203,2007293
7,2026-09-09 09:24:56,"ntc1_C",-20.5634836578391,1957057
7,2026-09-09 09:24:56,"ntc2_C",-20.1910799712973,1931041
7,2026-09-09 09:24:56,"testSB_C",-20.6826169937786,1969350
8,2026-09-09 09:24:56,"ntc1_C",-20.7691101263758,1980324
8,2026-09-09 09:24:56,"ntc2_C",-20.9644016064518,1988167
8,2026-09-09 09:24:56,"testSB_C",-20.183803045245,1923193
9,2026-09-09 09:24:56,"ntc1_C",-20.8454318719306,1977856
9,2026-09-09 09:24:56,"ntc2_C",-20.239760534875,1937312
9,2026-09-09 09:24:56,"testSB_C",-20.8791984374571,1984645
10,2026-09-09 09:24:56,"ntc1_C",-20.5890871870419,1961811
10,2026-09-09 09:24:56,"ntc2_C",-20.6163157873952,1959434
10,2026-09-09 09:24:56,"testSB_C",-20.4139391776902,1945094
11,2026-09-09 09:24:56,"ntc1_C",-20.9474848002177,1990742
11,2026-09-09 09:24:56,"ntc2_C",-20.2574163303964,1935604
11,2026-09-09 09:24:56,"testSB_C",-20.573683835605,1957761
12,2026-09-09 09:24:56,"ntc1_C",-20.2459246437353,1933699
12,2026-09-09 09:24:56,"ntc2_C",-20.4969946488557,1952341
12,2026-09-09 09:24:56,"testSB_C",-20.9346665256506,1987134
13,2026-09-09 09:24:56,"ntc1_C",-20.2603931179133,1940438
13,2026-09-09 09:24:56,"ntc2_C",-20.3467291593976,1937944
13,2026-09-09 09:24:56,"testSB_C",-20.524192975514,1954778
14,2026-09-09 09:24:56,"ntc1_C",-20.5963091886464,1958175
14,2026-09-09 09:24:56,"ntc2_C",-20.6917761065384,1970314
14,2026-09-09 09:24:56,"testSB_C",-20.930583998607,1989330
15,2026-09-09 09:24:56,"ntc1_C",-21.083895221207,1995384
15,2026-09-09 09:24:56,"ntc2_C",-20.6911832282507,1971330
15,2026-09-09 09:24:56,"testSB_C",-20.4261661162615,1950613
16,2026-09-09 09:24:56,"ntc1_C",-20.8125069428628,1976321
16,2026-09-09 09:24:56,"ntc2_C",-20.7006290470352,1966519
16,2026-09-09 09:24:56,"testSB_C",-20.7402028046224,1969616
17,2026-09-09 09:24:56,"ntc1_C",-20.6669798259129,1964538
17,2026-09-09 09:24:56,"ntc2_C",-20.9425329304546,1985221
17,2026-09-09 09:24:56,"testSB_C",-21.1078323464296,2004652
18,2026-09-09 09:24:56,"ntc1_C",-20.83012435089,1982780
18,2026-09-09 09:24:56,"ntc2_C",-20.7521620376588,1971269
18,2026-09-09 09:24:56,"testSB_C",-20.858327775557,1979645
19,2026-09-09 09:24:56,"ntc1_C",-20.0162298601516,1918687
19,2026-09-09 09:24:56,"ntc2_C",-20.4691867991875,1952198
19,2026-09-09 09:24:56,"testSB_C",-20.5904144633568,1964524
20,2026-09-09 09:24:56,"ntc1_C",-20.3929113239886,1945053
20,2026-09-09 09:24:56,"ntc2_C",-20.3839626554736,1947440
20,2026-09-09 09:24:56,"testSB_C",-20.2188592175465,1928527
21,2026-09-09 09:24:56,"ntc1_C",-20.8756052204811,1978623
21,2026-09-09 09:24:56,"ntc2_C",-20.3107920025925,1939320
21,2026-09-09 09:24:56,"testSB_C",-20.8223280768663,1980162
22,2026-09-09 09:24:56,"ntc1_C",-20.5928520848795,1962240
22,2026-09-09 09:24:56,"ntc2_C",-20.5503722304099,1960462
22,2026-09-09 09:24:56,"testSB_C",-20.6142076776661,1960690
23,2026-09-09 09:24:56,"ntc1_C",-20.7036893007173,1974573
23,2026-09-09 09:24:56,"ntc2_C",-20.1370088518251,1925531
23,2026-09-09 09:24:56,"testSB_C",-20.9796297220342,1987333
24,2026-09-09 09:24:56,"ntc1_C",-20.3915964503548,1946501
24,2026-09-09 09:24:56,"ntc2_C",-20.2332057715254,1936757
24,2026-09-09 09:24:56,"testSB_C",-20.9033671898542,1982436
1,2026-09-09 12:24:56,"ntc1_C",-14.7082448299008,1541068
1,2026-09-09 12:24:56,"testSB_C",-16.0602879583047,1631760
2,2026-09-09 12:24:56,"ntc1_C",-14.9299061780772,1557421
2,2026-09-09 12:24:56,"ntc2_C",-16.3706169789963,1651104
2,2026-09-09 12:24:56,"testSB_C",-15.6510884450148,1606399
3,2026-09-09 12:24:56,"ntc1_C",-14.550033353666,1535790
3,2026-09-09 12:24:56,"ntc2_C",-14.695083183667,1543542
3,2026-09-09 12:24:56,"testSB_C",-15.7329187905975,1609401
4,2026-09-09 12:24:56,"ntc1_C",-14.7831214747245,1549838
4,2026-09-09 12:24:56,"ntc2_C",-14.5893214179993,1533957
4,2026-09-09 12:24:56,"testSB_C",-15.6681398734686,1603175
5,2026-09-09 12:24:56,"ntc1_C",-14.9751121417888,1558996
5,2026-09-09 12:24:56,"ntc2_C",-14.3436855981752,1521137
5,2026-09-09 12:24:56,"testSB_C",-15.3819188402624,1588197
6,2026-09-09 12:24:56,"ntc1_C",-15.0806460853391,1566204
6,2026-09-09 12:24:56,"ntc2_C",-14.7401993535074,1546686
6,2026-09-09 12:24:56,"testSB_C",-16.1304286486803,1637032
7,2026-09-09 12:24:56,"ntc1_C",-14.5776793300221,1534664
7,2026-09-09 12:24:56,"ntc2_C",-14.2996001768478,1519917
7,2026-09-09 12:24:56,"testSB_C",-14.9099417901926,1558053
8,2026-09-09 12:24:56,"ntc1_C",-14.9815247149966,1565817
8,2026-09-09 12:24:56,"ntc2_C",-15.4300713558913,1588402
8,2026-09-09 12:24:56,"testSB_C",-14.5543285934969,1530011
9,2026-09-09 12:24:56,"ntc1_C",-15.0152285838099,1561233
9,2026-09-09 12:24:56,"ntc2_C",-14.2748205457397,1520302
9,2026-09-09 12:24:56,"testSB_C",-15.7684874007977,1613083
10,2026-09-09 12:24:56,"ntc1_C",-14.7878062352273,1550311
10,2026-09-09 12:24:56,"ntc2_C",-14.3865049815917,1521450
10,2026-09-09 12:24:56,"testSB_C",-14.8261556820759,1550180
11,2026-09-09 12:24:56,"ntc1_C",-15.0274126956747,1565805
11,2026-09-09 12:24:56,"ntc2_C",-14.5448053910289,1534816
11,2026-09-09 12:24:56,"testSB_C",-14.7252642292138,1544005
12,2026-09-09 12:24:56,"ntc1_C",-14.3664082463869,1522981
12,2026-09-09 12:24:56,"ntc2_C",-14.4494176624247,1527300
12,2026-09-09 12:24:56,"testSB_C",-16.0044859733435,1627097
13,2026-09-09 12:24:56,"ntc1_C",-14.4948424751837,1535433
13,2026-09-09 12:24:56,"ntc2_C",-14.0750764116498,1501929
13,2026-09-09 12:24:56,"testSB_C",-14.5699921599481,1534955
14,2026-09-09 12:24:56,"ntc1_C",-14.474462128735,1527276
14,2026-09-09 12:24:56,"ntc2_C",-14.7177072822301,1546182
14,2026-09-09 12:24:56,"testSB_C",-14.6730381944026,1543287
15,2026-09-09 12:24:56,"ntc1_C",-14.6180457483118,1534985
15,2026-09-09 12:24:56,"ntc2_C",-14.4611674529273,1530712
15,2026-09-09 12:24:56,"testSB_C",-14.3702673335419,1525317
16,2026-09-09 12:24:56,"ntc1_C",-14.8132348403474,1549147
16,2026-09-09 12:24:56,"ntc2_C",-14.5426799630898,1531349
16,2026-09-09 12:24:56,"testSB_C",-14.6841666791968,1540163
17,2026-09-09 12:24:56,"ntc1_C",-14.5606161680593,1533131
17,2026-09-09 12:24:56,"ntc2_C",-14.5895874636116,1534103
17,2026-09-09 12:24:56,"testSB_C",-14.917811252492,1559574
18,2026-09-09 12:24:56,"ntc1_C",-14.304565242651,1521533
18,2026-09-09 12:24:56,"ntc2_C",-14.7741945072876,1546861
18,2026-09-09 12:24:56,"testSB_C",-14.6201955362138,1536679
19,2026-09-09 12:24:56,"ntc1_C",-14.6635684896862,1543735
19,2026-09-09 12:24:56,"ntc2_C",-14.7076900317967,1544960
19,2026-09-09 12:24:56,"testSB_C",-14.4763860087572,1532596
20,2026-09-09 12:24:56,"ntc1_C",-14.5542436534556,1534327
20,2026-09-09 12:24:56,"ntc2_C",-14.5266713415471,1535108
20,2026-09-09 12:24:56,"testSB_C",-14.3539464102304,1519605
21,2026-09-09 12:24:56,"ntc1_C",-14.5660590435904,1531757
21,2026-09-09 12:24:56,"ntc2_C",-14.3329792820845,1521235
21,2026-09-09 12:24:56,"testSB_C",-14.8725585225682,1555345
22,2026-09-09 12:24:56,"ntc1_C",-14.6204369297377,1539688
22,2026-09-09 12:24:56,"ntc2_C",-14.0017671941742,1502713
22,2026-09-09 12:24:56,"testSB_C",-14.8853951354928,1553772
23,2026-09-09 12:24:56,"ntc1_C",-14.6232485294165,1542812
23,2026-09-09 12:24:56,"ntc2_C",-13.8729984771077,1492741
23,2026-09-09 12:24:56,"testSB_C",-14.6927217928068,1540321
24,2026-09-09 12:24:56,"ntc1_C",-14.5713524054024,1536692
24,2026-09-09 12:24:56,"ntc2_C",-14.4979143974518,1534302
24,2026-09-09 12:24:56,"testSB_C",-14.6863141525034,1540340
1,2026-09-09 15:24:56,"ntc1_C",-14.2339588469241,1511533
1,2026-09-09 15:24:56,"testSB_C",-14.4825643338417,1530147
2,2026-09-09 15:24:56,"ntc1_C",-14.4988386492244,1530279
2,2026-09-09 15:24:56,"ntc2_C",-14.0941723361992,1504791
2,2026-09-09 15:24:56,"testSB_C",-14.3250407107378,1521942
3,2026-09-09 15:24:56,"ntc1_C",-13.2536983473705,1456710
3,2026-09-09 15:24:56,"ntc2_C",-13.328132786906,1459823
3,2026-09-09 15:24:56,"testSB_C",-13.1296841174839,1447365
4,2026-09-09 15:24:56,"ntc1_C",-13.3137804372494,1459676
4,2026-09-09 15:24:56,"ntc2_C",-13.3194674550518,1456528
4,2026-09-09 15:24:56,"testSB_C",-13.1917136520726,1449206
5,2026-09-09 15:24:56,"ntc1_C",-13.2849687925833,1455106
5,2026-09-09 15:24:56,"ntc2_C",-13.380935237514,1462560
5,2026-09-09 15:24:56,"testSB_C",-13.1319105214046,1448956
6,2026-09-09 15:24:56,"ntc1_C",-13.4480215874657,1465375
6,2026-09-09 15:24:56,"ntc2_C",-13.4535735526337,1467606
6,2026-09-09 15:24:56,"testSB_C",-13.2631532173519,1456486
7,2026-09-09 15:24:56,"ntc1_C",-13.1425227315848,1447370
7,2026-09-09 15:24:56,"ntc2_C",-13.4563656898271,1468511
7,2026-09-09 15:24:56,"testSB_C",-13.3372632899126,1461268
8,2026-09-09 15:24:56,"ntc1_C",-13.3371434529307,1464242
8,2026-09-09 15:24:56,"ntc2_C",-13.1335111173864,1446381
8,2026-09-09 15:24:56,"testSB_C",-13.3727056001051,1458004
9,2026-09-09 15:24:56,"ntc1_C",-13.19607808822,1449604
9,2026-09-09 15:24:56,"ntc2_C",-13.0966843530596,1448930
9,2026-09-09 15:24:56,"testSB_C",-13.2093006629707,1453202
10,2026-09-09 15:24:56,"ntc1_C",-13.1268460475059,1448787
10,2026-09-09 15:24:56,"ntc2_C",-13.2636628386189,1453327
10,2026-09-09 15:24:56,"testSB_C",-13.3273132760181,1458230
11,2026-09-09 15:24:56,"ntc1_C",-13.2608382047828,1456995
11,2026-09-09 15:24:56,"ntc2_C",-13.1129836145311,1447744
11,2026-09-09 15:24:56,"testSB_C",-13.1268887233442,1446560
12,2026-09-09 15:24:56,"ntc1_C",-13.2240167438657,1453654
12,2026-09-09 15:24:56,"ntc2_C",-13.0798968734928,1444331
12,2026-09-09 15:24:56,"testSB_C",-13.2668567393434,1455254
13,2026-09-09 15:24:56,"ntc1_C",-13.1637044618371,1454302
13,2026-09-09 15:24:56,"ntc2_C",-12.8832858067561,1430623
13,2026-09-09 15:24:56,"testSB_C",-13.0415262645544,1442168
14,2026-09-09 15:24:56,"ntc1_C",-12.8769053591959,1430937
14,2026-09-09 15:24:56,"ntc2_C",-13.0529753455589,1444711
14,2026-09-09 15:24:56,"testSB_C",-13.1497130175983,1450327
15,2026-09-09 15:24:56,"ntc1_C",-13.1539441203992,1446026
15,2026-09-09 15:24:56,"ntc2_C",-13.121313631105,1449282
15,2026-09-09 15:24:56,"testSB_C",-13.2134632606327,1455008
16,2026-09-09 15:24:56,"ntc1_C",-13.2325725560587,1452406
16,2026-09-09 15:24:56,"ntc2_C",-12.938015893759,1434276
16,2026-09-09 15:24:56,"testSB_C",-13.0464494254089,1440589
17,2026-09-09 15:24:56,"ntc1_C",-12.882766165374,1431693
17,2026-09-09 15:24:56,"ntc2_C",-13.0440854516523,1440395
17,2026-09-09 15:24:56,"testSB_C",-13.0686209988656,1446291
18,2026-09-09 15:24:56,"ntc1_C",-12.971079218015,1441010
18,2026-09-09 15:24:56,"ntc2_C",-13.3361337263204,1458810
18,2026-09-09 15:24:56,"testSB_C",-13.1488125922727,1447129
19,2026-09-09 15:24:56,"ntc1_C",-13.0716824989214,1446677
19,2026-09-09 15:24:56,"ntc2_C",-13.2495773539434,1455742
19,2026-09-09 15:24:56,"testSB_C",-13.1427536349102,1451432
20,2026-09-09 15:24:56,"ntc1_C",-12.9382399677216,1436408
20,2026-09-09 15:24:56,"ntc2_C",-13.1612343778809,1451925
20,2026-09-09 15:24:56,"testSB_C",-12.7947301484708,1425932
21,2026-09-09 15:24:56,"ntc1_C",-12.9807084982103,1435885
21,2026-09-09 15:24:56,"ntc2_C",-13.3010544194631,1458527
21,2026-09-09 15:24:56,"testSB_C",-13.2640175880221,1456566
22,2026-09-09 15:24:56,"ntc1_C",-12.9379991249975,1437549
22,2026-09-09 15:24:56,"ntc2_C",-12.9698817661511,1440781
22,2026-09-09 15:24:56,"testSB_C",-13.3217795573606,1457755
23,2026-09-09 15:24:56,"ntc1_C",-13.3318019069571,1463668
23,2026-09-09 15:24:56,"ntc2_C",-13.0146329099928,1441363
23,2026-09-09 15:24:56,"testSB_C",-13.2391936529168,1451738
24,2026-09-09 15:24:56,"ntc1_C",-12.9347510400433,1437429
24,2026-09-09 15:24:56,"ntc2_C",-13.2340313321401,1457208
24,2026-09-09 15:24:56,"testSB_C",-13.110202707144,1444433
1,2026-09-09 18:24:56,"ntc1_C",-19.2698259010801,1855236
1,2026-09-09 18:24:56,"testSB_C",-19.3547839546993,1865362
2,2026-09-09 18:24:56,"ntc1_C",-19.1286170810562,1847389
2,2026-09-09 18:24:56,"ntc2_C",-18.870691580014,1827634
2,2026-09-09 18:24:56,"testSB_C",-19.0923089016173,1847269
3,2026-09-09 18:24:56,"ntc1_C",-18.5274427829677,1805421
3,2026-09-09 18:24:56,"ntc2_C",-18.4315230897416,1796959
3,2026-09-09 18:24:56,"testSB_C",-18.227743900916,1781173
4,2026-09-09 18:24:56,"ntc1_C",-18.4600130538543,1799887
4,2026-09-09 18:24:56,"ntc2_C",-18.4532589665388,1795062
4,2026-09-09 18:24:56,"testSB_C",-18.1818192434974,1775701
5,2026-09-09 18:24:56,"ntc1_C",-18.2433855628575,1780780
5,2026-09-09 18:24:56,"ntc2_C",-18.3927211202956,1793549
5,2026-09-09 18:24:56,"testSB_C",-18.1536933959643,1777713
6,2026-09-09 18:24:56,"ntc1_C",-18.2571035573016,1782079
6,2026-09-09 18:24:56,"ntc2_C",-18.3871895778374,1794054
6,2026-09-09 18:24:56,"testSB_C",-18.190218831938,1779958
7,2026-09-09 18:24:56,"ntc1_C",-18.1048708082819,1771616
7,2026-09-09 18:24:56,"ntc2_C",-18.4631468834866,1800567
7,2026-09-09 18:24:56,"testSB_C",-18.1341271987714,1776398
8,2026-09-09 18:24:56,"ntc1_C",-18.1660679724204,1782388
8,2026-09-09 18:24:56,"ntc2_C",-18.0645560479449,1768072
8,2026-09-09 18:24:56,"testSB_C",-18.3029397617417,1782155
9,2026-09-09 18:24:56,"ntc1_C",-18.0882420177006,1769107
9,2026-09-09 18:24:56,"ntc2_C",-18.1646440927221,1781163
9,2026-09-09 18:24:56,"testSB_C",-18.1423217174272,1776586
10,2026-09-09 18:24:56,"ntc1_C",-18.0943222711336,1773474
10,2026-09-09 18:24:56,"ntc2_C",-18.3173575486582,1785369
10,2026-09-09 18:24:56,"testSB_C",-18.2213643924588,1779859
11,2026-09-09 18:24:56,"ntc1_C",-18.128232450831,1776240
11,2026-09-09 18:24:56,"ntc2_C",-18.1880762776784,1780058
11,2026-09-09 18:24:56,"testSB_C",-18.0944741286979,1770850
12,2026-09-09 18:24:56,"ntc1_C",-18.3725913224015,1792529
12,2026-09-09 18:24:56,"ntc2_C",-18.169487099426,1776856
12,2026-09-09 18:24:56,"testSB_C",-18.2259175023788,1780884
13,2026-09-09 18:24:56,"ntc1_C",-18.1794104561785,1783708
13,2026-09-09 18:24:56,"ntc2_C",-18.12805835233,1771402
13,2026-09-09 18:24:56,"testSB_C",-18.0975365589107,1771895
14,2026-09-09 18:24:56,"ntc1_C",-17.972098112303,1760860
14,2026-09-09 18:24:56,"ntc2_C",-18.182817449588,1780176
14,2026-09-09 18:24:56,"testSB_C",-18.1307574698189,1776366
15,2026-09-09 18:24:56,"ntc1_C",-18.1217009427345,1770116
15,2026-09-09 18:24:56,"ntc2_C",-18.1761202506961,1780551
15,2026-09-09 18:24:56,"testSB_C",-18.2535311926273,1786421
16,2026-09-09 18:24:56,"ntc1_C",-18.105786846677,1771262
16,2026-09-09 18:24:56,"ntc2_C",-18.0745310187258,1768156
16,2026-09-09 18:24:56,"testSB_C",-18.0745035306624,1768107
17,2026-09-09 18:24:56,"ntc1_C",-18.0077670657638,1764048
17,2026-09-09 18:24:56,"ntc2_C",-18.0840290791339,1768457
17,2026-09-09 18:24:56,"testSB_C",-18.0449997671068,1771124
18,2026-09-09 18:24:56,"ntc1_C",-17.9996966854663,1768322
18,2026-09-09 18:24:56,"ntc2_C",-18.2574825834175,1782155
18,2026-09-09 18:24:56,"testSB_C",-18.1045132163663,1770844
19,2026-09-09 18:24:56,"ntc1_C",-18.0534043604595,1772056
19,2026-09-09 18:24:56,"ntc2_C",-18.1979428000011,1780719
19,2026-09-09 18:24:56,"testSB_C",-18.1154034564135,1777253
20,2026-09-09 18:24:56,"ntc1_C",-17.9313569679591,1760470
20,2026-09-09 18:24:56,"ntc2_C",-18.2263636271037,1784548
20,2026-09-09 18:24:56,"testSB_C",-17.918370779168,1756921
21,2026-09-09 18:24:56,"ntc1_C",-17.9635491558104,1758762
21,2026-09-09 18:24:56,"ntc2_C",-18.2659709164672,1785259
21,2026-09-09 18:24:56,"testSB_C",-18.0885700481141,1772793
22,2026-09-09 18:24:56,"ntc1_C",-17.911233055061,1760362
22,2026-09-09 18:24:56,"ntc2_C",-18.104688730852,1775752
22,2026-09-09 18:24:56,"testSB_C",-18.089169255177,1770156
23,2026-09-09 18:24:56,"ntc1_C",-18.1520534599144,1780939
23,2026-09-09 18:24:56,"ntc2_C",-18.1063614030035,1773506
23,2026-09-09 18:24:56,"testSB_C",-18.131483841731,1771356
24,2026-09-09 18:24:56,"ntc1_C",-17.92315593005,1761324
24,2026-09-09 18:24:56,"ntc2_C",-18.1191506123138,1777884
24,2026-09-09 18:24:56,"testSB_C",-17.945992592065,1758833
1,2026-09-09 21:24:56,"ntc1_C",-20.9086336577689,1982300
1,2026-09-09 21:24:56,"testSB_C",-20.8392236715141,1980667
2,2026-09-09 21:24:56,"ntc1_C",-20.7822367797044,1975124
2,2026-09-09 21:24:56,"ntc2_C",-20.7450720838155,1971570
2,2026-09-09 21:24:56,"testSB_C",-20.7591397260982,1975909
3,2026-09-09 21:24:56,"ntc1_C",-20.7754741668007,1977205
3,2026-09-09 21:24:56,"ntc2_C",-20.7421859847252,1973042
3,2026-09-09 21:24:56,"testSB_C",-20.7094550817259,1969271
4,2026-09-09 21:24:56,"ntc1_C",-20.7091515662675,1971337
4,2026-09-09 21:24:56,"ntc2_C",-20.7068476539369,1966406
4,2026-09-09 21:24:56,"testSB_C",-20.6903566013722,1965421
5,2026-09-09 21:24:56,"ntc1_C",-20.6889879389077,1966106
5,2026-09-09 21:24:56,"ntc2_C",-20.6788818854747,1967337
5,2026-09-09 21:24:56,"testSB_C",-20.6752332836143,1968682
6,2026-09-09 21:24:56,"ntc1_C",-20.6646007827604,1964294
6,2026-09-09 21:24:56,"ntc2_C",-20.6733179378205,1967892
6,2026-09-09 21:24:56,"testSB_C",-20.6580143092017,1966832
7,2026-09-09 21:24:56,"ntc1_C",-20.6355254942155,1962756
7,2026-09-09 21:24:56,"ntc2_C",-20.6621571161231,1968120
7,2026-09-09 21:24:56,"testSB_C",-20.6519044500938,1966912
8,2026-09-09 21:24:56,"ntc1_C",-20.6397819087364,1970023
8,2026-09-09 21:24:56,"ntc2_C",-20.6448470274852,1962712
8,2026-09-09 21:24:56,"testSB_C",-20.6642624637853,1960865
9,2026-09-09 21:24:56,"ntc1_C",-20.6392509431775,1961481
9,2026-09-09 21:24:56,"ntc2_C",-20.648169862648,1969518
9,2026-09-09 21:24:56,"testSB_C",-20.6432476740524,1965847
10,2026-09-09 21:24:56,"ntc1_C",-20.6364436497862,1965561
10,2026-09-09 21:24:56,"ntc2_C",-20.647905761072,1961933
10,2026-09-09 21:24:56,"testSB_C",-20.6243234855183,1961684
11,2026-09-09 21:24:56,"ntc1_C",-20.6039082108409,1963360
11,2026-09-09 21:24:56,"ntc2_C",-20.618564864571,1964025
11,2026-09-09 21:24:56,"testSB_C",-20.6002044409771,1959857
12,2026-09-09 21:24:56,"ntc1_C",-20.6223241469492,1963294
12,2026-09-09 21:24:56,"ntc2_C",-20.5959668701639,1960152
12,2026-09-09 21:24:56,"testSB_C",-20.5809872037536,1958988
13,2026-09-09 21:24:56,"ntc1_C",-20.583019492113,1965864
13,2026-09-09 21:24:56,"ntc2_C",-20.5714373653866,1955608
13,2026-09-09 21:24:56,"testSB_C",-20.5616370570158,1957734
14,2026-09-09 21:24:56,"ntc1_C",-20.5696881364165,1956073
14,2026-09-09 21:24:56,"ntc2_C",-20.5673438844122,1960452
14,2026-09-09 21:24:56,"testSB_C",-20.5725965111621,1960826
15,2026-09-09 21:24:56,"ntc1_C",-20.5678705492401,1954301
15,2026-09-09 21:24:56,"ntc2_C",-20.5748940430967,1962102
15,2026-09-09 21:24:56,"testSB_C",-20.5762550340311,1962463
16,2026-09-09 21:24:56,"ntc1_C",-20.5585361849848,1956173
16,2026-09-09 21:24:56,"ntc2_C",-20.5572763503614,1955173
16,2026-09-09 21:24:56,"testSB_C",-20.5566679234066,1955079
17,2026-09-09 21:24:56,"ntc1_C",-20.5611849760778,1956169
17,2026-09-09 21:24:56,"ntc2_C",-20.5526589148952,1954255
17,2026-09-09 21:24:56,"testSB_C",-20.5380727283212,1959136
18,2026-09-09 21:24:56,"ntc1_C",-20.5570923689768,1961076
18,2026-09-09 21:24:56,"ntc2_C",-20.5474444470372,1955068
18,2026-09-09 21:24:56,"testSB_C",-20.5423048065144,1954561
19,2026-09-09 21:24:56,"ntc1_C",-20.5398328034647,1959688
19,2026-09-09 21:24:56,"ntc2_C",-20.5434971176644,1958062
19,2026-09-09 21:24:56,"testSB_C",-20.5348638736612,1960125
20,2026-09-09 21:24:56,"ntc1_C",-20.5373237736177,1956428
20,2026-09-09 21:24:56,"ntc2_C",-20.5508347738615,1960603
20,2026-09-09 21:24:56,"testSB_C",-20.5355585889226,1953350
21,2026-09-09 21:24:56,"ntc1_C",-20.5435869007072,1952311
21,2026-09-09 21:24:56,"ntc2_C",-20.5585868842122,1958815
21,2026-09-09 21:24:56,"testSB_C",-20.5233051286307,1956419
22,2026-09-09 21:24:56,"ntc1_C",-20.5334011796846,1957538
22,2026-09-09 21:24:56,"ntc2_C",-20.5465278251997,1960158
22,2026-09-09 21:24:56,"testSB_C",-20.5220116268883,1953407
23,2026-09-09 21:24:56,"ntc1_C",-20.5361265454625,1961275
23,2026-09-09 21:24:56,"ntc2_C",-20.5427008044127,1957336
23,2026-09-09 21:24:56,"testSB_C",-20.5332020034068,1951928
24,2026-09-09 21:24:56,"ntc1_C",-20.5170207730823,1956382
24,2026-09-09 21:24:56,"ntc2_C",-20.5116424149472,1958649
24,2026-09-09 21:24:56,"testSB_C",-20.5059721048974,1950910
1,2026-09-10 00:24:56,"ntc1_C",-23.2497147046526,2177807
1,2026-09-10 00:24:56,"testSB_C",-23.139330047224,2172411
2,2026-09-10 00:24:56,"ntc1_C",-23.0686187746203,2165243
2,2026-09-10 00:24:56,"ntc2_C",-23.0349621265446,2161670
2,2026-09-10 00:24:56,"testSB_C",-23.0028429358128,2162198
3,2026-09-10 00:24:56,"ntc1_C",-22.9541951572237,2158064
3,2026-09-10 00:24:56,"ntc2_C",-22.9247859031385,2153967
3,2026-09-10 00:24:56,"testSB_C",-22.884863945739,2149187
4,2026-09-10 00:24:56,"ntc1_C",-22.8639726050921,2149724
4,2026-09-10 00:24:56,"ntc2_C",-22.8555003832554,2143826
4,2026-09-10 00:24:56,"testSB_C",-22.8375974218665,2142633
5,2026-09-10 00:24:56,"ntc1_C",-22.8229645225221,2142322
5,2026-09-10 00:24:56,"ntc2_C",-22.8002469782848,2142485
5,2026-09-10 00:24:56,"testSB_C",-22.8076933867522,2144904
6,2026-09-10 00:24:56,"ntc1_C",-22.7905587335135,2139457
6,2026-09-10 00:24:56,"ntc2_C",-22.782611496754,2142043
6,2026-09-10 00:24:56,"testSB_C",-22.7905599555588,2142859
7,2026-09-10 00:24:56,"ntc1_C",-22.7565182903479,2137568
7,2026-09-10 00:24:56,"ntc2_C",-22.7652433842102,2141819
7,2026-09-10 00:24:56,"testSB_C",-22.7698126479051,2141721
8,2026-09-10 00:24:56,"ntc1_C",-22.7440764051314,2143920
8,2026-09-10 00:24:56,"ntc2_C",-22.7308958280973,2134454
8,2026-09-10 00:24:56,"testSB_C",-22.7385796911854,2131471
9,2026-09-10 00:24:56,"ntc1_C",-22.6958464802945,2130559
9,2026-09-10 00:24:56,"ntc2_C",-22.7037749918298,2139251
9,2026-09-10 00:24:56,"testSB_C",-22.6817121040682,2133808
10,2026-09-10 00:24:56,"ntc1_C",-22.6663177484345,2132656
10,2026-09-10 00:24:56,"ntc2_C",-22.6755628085985,2128631
10,2026-09-10 00:24:56,"testSB_C",-22.636229776437,2127074
11,2026-09-10 00:24:56,"ntc1_C",-22.6081352212844,2128125
11,2026-09-10 00:24:56,"ntc2_C",-22.6198469018348,2128635
11,2026-09-10 00:24:56,"testSB_C",-22.5890074182702,2123079
12,2026-09-10 00:24:56,"ntc1_C",-22.6124521328556,2126854
12,2026-09-10 00:24:56,"ntc2_C",-22.5871107384079,2123562
12,2026-09-10 00:24:56,"testSB_C",-22.5715983168548,2122329
13,2026-09-10 00:24:56,"ntc1_C",-22.5693802529183,2129318
13,2026-09-10 00:24:56,"ntc2_C",-22.5608894613077,2118623
13,2026-09-10 00:24:56,"testSB_C",-22.5713577207236,2122590
14,2026-09-10 00:24:56,"ntc1_C",-22.5685261257701,2119842
14,2026-09-10 00:24:56,"ntc2_C",-22.5606016327123,2124050
14,2026-09-10 00:24:56,"testSB_C",-22.5506644862922,2123166
15,2026-09-10 00:24:56,"ntc1_C",-22.5273030755263,2114574
15,2026-09-10 00:24:56,"ntc2_C",-22.5212671908681,2121937
15,2026-09-10 00:24:56,"testSB_C",-22.5140636892928,2121555
16,2026-09-10 00:24:56,"ntc1_C",-22.4860421084554,2113955
16,2026-09-10 00:24:56,"ntc2_C",-22.485740782849,2112998
16,2026-09-10 00:24:56,"testSB_C",-22.480843882884,2112537
17,2026-09-10 00:24:56,"ntc1_C",-22.4799438826304,2113199
17,2026-09-10 00:24:56,"ntc2_C",-22.4588298570805,2110015
17,2026-09-10 00:24:56,"testSB_C",-22.4507314855132,2115818
18,2026-09-10 00:24:56,"ntc1_C",-22.4680515040077,2117709
18,2026-09-10 00:24:56,"ntc2_C",-22.4517575331624,2110644
18,2026-09-10 00:24:56,"testSB_C",-22.4543436927032,2110933
19,2026-09-10 00:24:56,"ntc1_C",-22.4493031672475,2116188
19,2026-09-10 00:24:56,"ntc2_C",-22.4568643909422,2114779
19,2026-09-10 00:24:56,"testSB_C",-22.4328866438777,2115704
20,2026-09-10 00:24:56,"ntc1_C",-22.4201363273234,2110479
20,2026-09-10 00:24:56,"ntc2_C",-22.4299171845601,2114619
20,2026-09-10 00:24:56,"testSB_C",-22.3928966517099,2104988
21,2026-09-10 00:24:56,"ntc1_C",-22.3904856784163,2102890
21,2026-09-10 00:24:56,"ntc2_C",-22.4030506752172,2109728
21,2026-09-10 00:24:56,"testSB_C",-22.3172367798517,2102904
22,2026-09-10 00:24:56,"ntc1_C",-22.323640757341,2103794
22,2026-09-10 00:24:56,"ntc2_C",-22.3336392607813,2106272
22,2026-09-10 00:24:56,"testSB_C",-22.2813632495552,2096799
23,2026-09-10 00:24:56,"ntc1_C",-22.2914822927821,2104784
23,2026-09-10 00:24:56,"ntc2_C",-22.2936014734871,2100267
23,2026-09-10 00:24:56,"testSB_C",-22.2597978946787,2092166
24,2026-09-10 00:24:56,"ntc1_C",-22.2239887131828,2095559
24,2026-09-10 00:24:56,"ntc2_C",-22.2044221185608,2096754
24,2026-09-10 00:24:56,"testSB_C",-22.1829701685935,2087180
1,2026-09-10 03:24:56,"ntc1_C",-19.2732853989123,1855496
1,2026-09-10 03:24:56,"testSB_C",-19.2351922188246,1856352
2,2026-09-10 03:24:56,"ntc1_C",-19.2191813591979,1854179
2,2026-09-10 03:24:56,"ntc2_C",-19.2026952572631,1852387
2,2026-09-10 03:24:56,"testSB_C",-19.2020030930122,1855487
3,2026-09-10 03:24:56,"ntc1_C",-19.200003843026,1855284
3,2026-09-10 03:24:56,"ntc2_C",-19.1827392244254,1852514
3,2026-09-10 03:24:56,"testSB_C",-19.1700552470296,1850507
4,2026-09-10 03:24:56,"ntc1_C",-19.1657226411847,1852110
4,2026-09-10 03:24:56,"ntc2_C",-19.1601963937798,1847236
4,2026-09-10 03:24:56,"testSB_C",-19.147583202038,1846600
5,2026-09-10 03:24:56,"ntc1_C",-19.141288029713,1846822
5,2026-09-10 03:24:56,"ntc2_C",-19.1340400005291,1848252
5,2026-09-10 03:24:56,"testSB_C",-19.127752582748,1849315
6,2026-09-10 03:24:56,"ntc1_C",-19.1224627173004,1845660
6,2026-09-10 03:24:56,"ntc2_C",-19.1247823552842,1848496
6,2026-09-10 03:24:56,"testSB_C",-19.1120478259825,1847715
7,2026-09-10 03:24:56,"ntc1_C",-19.0978104432706,1844419
7,2026-09-10 03:24:56,"ntc2_C",-19.1015298912385,1847771
7,2026-09-10 03:24:56,"testSB_C",-19.0930172754424,1846806
8,2026-09-10 03:24:56,"ntc1_C",-19.0799273230593,1849655
8,2026-09-10 03:24:56,"ntc2_C",-19.075480226129,1842055
8,2026-09-10 03:24:56,"testSB_C",-19.0791934337412,1839137
9,2026-09-10 03:24:56,"ntc1_C",-19.0578653154645,1840031
9,2026-09-10 03:24:56,"ntc2_C",-19.063010170386,1847248
9,2026-09-10 03:24:56,"testSB_C",-19.056420674059,1843678
10,2026-09-10 03:24:56,"ntc1_C",-19.0541482686789,1843822
10,2026-09-10 03:24:56,"ntc2_C",-19.0491018310308,1839126
10,2026-09-10 03:24:56,"testSB_C",-19.0453541095206,1840338
11,2026-09-10 03:24:56,"ntc1_C",-19.0391758546726,1843046
11,2026-09-10 03:24:56,"ntc2_C",-19.0383942671002,1842489
11,2026-09-10 03:24:56,"testSB_C",-19.0251550724854,1838949
12,2026-09-10 03:24:56,"ntc1_C",-19.0320916435043,1841080
12,2026-09-10 03:24:56,"ntc2_C",-19.0240278624497,1839481
12,2026-09-10 03:24:56,"testSB_C",-19.0128222284798,1838622
13,2026-09-10 03:24:56,"ntc1_C",-19.0111275309073,1844859
13,2026-09-10 03:24:56,"ntc2_C",-19.0043459749916,1835496
13,2026-09-10 03:24:56,"testSB_C",-18.9969294209733,1837708
14,2026-09-10 03:24:56,"ntc1_C",-18.9969067593828,1835569
14,2026-09-10 03:24:56,"ntc2_C",-18.9906741524261,1839424
14,2026-09-10 03:24:56,"testSB_C",-18.9857625044174,1839009
15,2026-09-10 03:24:56,"ntc1_C",-18.9806154546314,1832836
15,2026-09-10 03:24:56,"ntc2_C",-18.9763165736763,1839275
15,2026-09-10 03:24:56,"testSB_C",-18.9712492112109,1839162
16,2026-09-10 03:24:56,"ntc1_C",-18.9632974046986,1833948
16,2026-09-10 03:24:56,"ntc2_C",-18.9600758243427,1832834
16,2026-09-10 03:24:56,"testSB_C",-18.958670015101,1832683
17,2026-09-10 03:24:56,"ntc1_C",-18.9657063356397,1833935
17,2026-09-10 03:24:56,"ntc2_C",-18.9594765847707,1832350
17,2026-09-10 03:24:56,"testSB_C",-18.9603287747566,1838082
18,2026-09-10 03:24:56,"ntc1_C",-18.964450345288,1838835
18,2026-09-10 03:24:56,"ntc2_C",-18.9566058761893,1833352
18,2026-09-10 03:24:56,"testSB_C",-18.9624070852941,1833554
19,2026-09-10 03:24:56,"ntc1_C",-18.9690169132601,1839086
19,2026-09-10 03:24:56,"ntc2_C",-18.969970511158,1837346
19,2026-09-10 03:24:56,"testSB_C",-18.9743114481404,1840247
20,2026-09-10 03:24:56,"ntc1_C",-18.9825643830108,1837174
20,2026-09-10 03:24:56,"ntc2_C",-18.9746119094705,1839524
20,2026-09-10 03:24:56,"testSB_C",-18.9756225410782,1833912
21,2026-09-10 03:24:56,"ntc1_C",-18.9897594622211,1833467
21,2026-09-10 03:24:56,"ntc2_C",-18.9862167040268,1838156
21,2026-09-10 03:24:56,"testSB_C",-18.9817699220313,1838183
22,2026-09-10 03:24:56,"ntc1_C",-18.981412534796,1838456
22,2026-09-10 03:24:56,"ntc2_C",-18.9764366845565,1839622
22,2026-09-10 03:24:56,"testSB_C",-18.9718151273294,1834679
23,2026-09-10 03:24:56,"ntc1_C",-18.9699406656155,1840966
23,2026-09-10 03:24:56,"ntc2_C",-18.9709084724167,1836789
23,2026-09-10 03:24:56,"testSB_C",-18.9900795535191,1834023
24,2026-09-10 03:24:56,"ntc1_C",-18.9705651171621,1837768
24,2026-09-10 03:24:56,"ntc2_C",-18.9646855420139,1839890
24,2026-09-10 03:24:56,"testSB_C",-18.9641908860496,1832984
1,2026-09-10 06:24:56,"ntc1_C",-19.042750448751,1838245
1,2026-09-10 06:24:56,"testSB_C",-19.0071762886985,1839287
2,2026-09-10 06:24:56,"ntc1_C",-18.9079928364712,1830946
2,2026-09-10 06:24:56,"ntc2_C",-18.9189305236857,1831211
2,2026-09-10 06:24:56,"testSB_C",-18.8775326235227,1831278
3,2026-09-10 06:24:56,"ntc1_C",-18.8649128341719,1830280
3,2026-09-10 06:24:56,"ntc2_C",-18.8090206245757,1824676
3,2026-09-10 06:24:56,"testSB_C",-18.7933895652248,1822491
4,2026-09-10 06:24:56,"ntc1_C",-18.7787141260115,1823296
4,2026-09-10 06:24:56,"ntc2_C",-18.760550188842,1817567
4,2026-09-10 06:24:56,"testSB_C",-18.7171850454889,1814678
5,2026-09-10 06:24:56,"ntc1_C",-18.7025874791239,1814270
5,2026-09-10 06:24:56,"ntc2_C",-18.6870680060146,1815083
5,2026-09-10 06:24:56,"testSB_C",-18.6601994953746,1814611
6,2026-09-10 06:24:56,"ntc1_C",-18.638795326811,1809863
6,2026-09-10 06:24:56,"ntc2_C",-18.6568608540367,1813780
6,2026-09-10 06:24:56,"testSB_C",-18.6301797624725,1811997
7,2026-09-10 06:24:56,"ntc1_C",-18.607645328778,1808132
7,2026-09-10 06:24:56,"ntc2_C",-18.6265428216343,1812539
7,2026-09-10 06:24:56,"testSB_C",-18.6164670306625,1811490
8,2026-09-10 06:24:56,"ntc1_C",-18.6059089211514,1814469
8,2026-09-10 06:24:56,"ntc2_C",-18.6020991168099,1807053
8,2026-09-10 06:24:56,"testSB_C",-18.610286330239,1804513
9,2026-09-10 06:24:56,"ntc1_C",-18.5918810457985,1805616
9,2026-09-10 06:24:56,"ntc2_C",-18.5956672404851,1812585
9,2026-09-10 06:24:56,"testSB_C",-18.5964790863988,1809625
10,2026-09-10 06:24:56,"ntc1_C",-18.6008608715745,1810276
10,2026-09-10 06:24:56,"ntc2_C",-18.5959435381311,1805657
10,2026-09-10 06:24:56,"testSB_C",-18.6075710904077,1807967
11,2026-09-10 06:24:56,"ntc1_C",-18.6001107427017,1810554
11,2026-09-10 06:24:56,"ntc2_C",-18.5976989877147,1809878
11,2026-09-10 06:24:56,"testSB_C",-18.5920009245398,1806951
12,2026-09-10 06:24:56,"ntc1_C",-18.6020382383059,1809281
12,2026-09-10 06:24:56,"ntc2_C",-18.6014483578129,1808255
12,2026-09-10 06:24:56,"testSB_C",-18.5904258099143,1807412
13,2026-09-10 06:24:56,"ntc1_C",-18.592941375456,1813868
13,2026-09-10 06:24:56,"ntc2_C",-18.5878149241267,1804760
13,2026-09-10 06:24:56,"testSB_C",-18.577095089628,1806703
14,2026-09-10 06:24:56,"ntc1_C",-18.5670952669661,1803876
14,2026-09-10 06:24:56,"ntc2_C",-18.5612495407018,1807701
14,2026-09-10 06:24:56,"testSB_C",-18.5430218319947,1806314
15,2026-09-10 06:24:56,"ntc1_C",-18.5197970806348,1798928
15,2026-09-10 06:24:56,"ntc2_C",-18.5174897878361,1805382
15,2026-09-10 06:24:56,"testSB_C",-18.5120427542451,1805250
16,2026-09-10 06:24:56,"ntc1_C",-18.4910150519459,1799167
16,2026-09-10 06:24:56,"ntc2_C",-18.4842012580252,1797803
16,2026-09-10 06:24:56,"testSB_C",-18.4856654386087,1797863
17,2026-09-10 06:24:56,"ntc1_C",-18.4801568807924,1798189
17,2026-09-10 06:24:56,"ntc2_C",-18.4618985095851,1795771
17,2026-09-10 06:24:56,"testSB_C",-18.4333420413576,1799244
18,2026-09-10 06:24:56,"ntc1_C",-18.4485546536827,1800803
18,2026-09-10 06:24:56,"ntc2_C",-18.4368491010793,1795159
18,2026-09-10 06:24:56,"testSB_C",-18.439577826541,1795090
19,2026-09-10 06:24:56,"ntc1_C",-18.4418666977824,1800206
19,2026-09-10 06:24:56,"ntc2_C",-18.4421839380809,1798452
19,2026-09-10 06:24:56,"testSB_C",-18.4485415440961,1801439
20,2026-09-10 06:24:56,"ntc1_C",-18.4512538334532,1798017
20,2026-09-10 06:24:56,"ntc2_C",-18.4501695909504,1800826
20,2026-09-10 06:24:56,"testSB_C",-18.4401826390503,1794528
21,2026-09-10 06:24:56,"ntc1_C",-18.4564648763253,1794276
21,2026-09-10 06:24:56,"ntc2_C",-18.4558189248781,1799060
21,2026-09-10 06:24:56,"testSB_C",-18.4652871137675,1800098
22,2026-09-10 06:24:56,"ntc1_C",-18.4614696118974,1800112
22,2026-09-10 06:24:56,"ntc2_C",-18.4658459000935,1801953
22,2026-09-10 06:24:56,"testSB_C",-18.4553456007557,1796658
23,2026-09-10 06:24:56,"ntc1_C",-18.4559420118249,1803022
23,2026-09-10 06:24:56,"ntc2_C",-18.4623283681853,1799307
23,2026-09-10 06:24:56,"testSB_C",-18.4522522053342,1794527
24,2026-09-10 06:24:56,"ntc1_C",-18.4327267037031,1798129
24,2026-09-10 06:24:56,"ntc2_C",-18.4238863747579,1799999
24,2026-09-10 06:24:56,"testSB_C",-18.4127684554103,1792465
1,2026-09-10 09:24:56,"ntc1_C",-16.01156258229,1625166
1,2026-09-10 09:24:56,"testSB_C",-16.0324288099079,1629910
2,2026-09-10 09:24:56,"ntc1_C",-16.1236835366144,1635064
2,2026-09-10 09:24:56,"ntc2_C",-16.0732597122937,1631233
2,2026-09-10 09:24:56,"testSB_C",-16.0974918709015,1635846
3,2026-09-10 09:24:56,"ntc1_C",-15.7543006068999,1613019
3,2026-09-10 09:24:56,"ntc2_C",-15.8429973390444,1617468
3,2026-09-10 09:24:56,"testSB_C",-15.879990396782,1619067
4,2026-09-10 09:24:56,"ntc1_C",-15.778220164916,1613978
4,2026-09-10 09:24:56,"ntc2_C",-15.7919078617541,1611002
4,2026-09-10 09:24:56,"testSB_C",-15.9331088440298,1620568
5,2026-09-10 09:24:56,"ntc1_C",-15.9449675701247,1621858
5,2026-09-10 09:24:56,"ntc2_C",-15.9229072097853,1622245
5,2026-09-10 09:24:56,"testSB_C",-15.9202860378347,1623409
6,2026-09-10 09:24:56,"ntc1_C",-16.0091846148223,1626546
6,2026-09-10 09:24:56,"ntc2_C",-15.9615100690023,1625605
6,2026-09-10 09:24:56,"testSB_C",-15.9975507186007,1628202
7,2026-09-10 09:24:56,"ntc1_C",-15.9282620800833,1621522
7,2026-09-10 09:24:56,"ntc2_C",-15.8799527854072,1621058
7,2026-09-10 09:24:56,"testSB_C",-15.9772492539198,1627286
8,2026-09-10 09:24:56,"ntc1_C",-16.0152538547915,1633168
8,2026-09-10 09:24:56,"ntc2_C",-15.9874444330711,1624878
8,2026-09-10 09:24:56,"testSB_C",-15.9441293148213,1619177
9,2026-09-10 09:24:56,"ntc1_C",-15.9836052817301,1624047
9,2026-09-10 09:24:56,"ntc2_C",-15.9467764859077,1627545
9,2026-09-10 09:24:56,"testSB_C",-16.0063497242486,1628788
10,2026-09-10 09:24:56,"ntc1_C",-16.0197007348946,1630080
10,2026-09-10 09:24:56,"ntc2_C",-15.9759071706556,1623265
10,2026-09-10 09:24:56,"testSB_C",-16.0364120859898,1628552
11,2026-09-10 09:24:56,"ntc1_C",-16.064220571412,1633331
11,2026-09-10 09:24:56,"ntc2_C",-16.003383124163,1628794
11,2026-09-10 09:24:56,"testSB_C",-16.0097315554732,1626954
12,2026-09-10 09:24:56,"ntc1_C",-15.9689782965531,1625731
12,2026-09-10 09:24:56,"ntc2_C",-16.0082775273038,1627440
12,2026-09-10 09:24:56,"testSB_C",-16.0393873633277,1629411
13,2026-09-10 09:24:56,"ntc1_C",-15.9686053224773,1630438
13,2026-09-10 09:24:56,"ntc2_C",-15.9497166769256,1621220
13,2026-09-10 09:24:56,"testSB_C",-15.9867615988153,1626178
14,2026-09-10 09:24:56,"ntc1_C",-15.9286017505495,1620489
14,2026-09-10 09:24:56,"ntc2_C",-15.9130601562351,1623322
14,2026-09-10 09:24:56,"testSB_C",-15.924182893755,1623985
15,2026-09-10 09:24:56,"ntc1_C",-15.966051553237,1621627
15,2026-09-10 09:24:56,"ntc2_C",-15.8771256468216,1621648
15,2026-09-10 09:24:56,"testSB_C",-15.8999241371415,1623426
16,2026-09-10 09:24:56,"ntc1_C",-15.9769817691873,1624382
16,2026-09-10 09:24:56,"ntc2_C",-15.9421385433872,1621254
16,2026-09-10 09:24:56,"testSB_C",-15.9603524042026,1622409
17,2026-09-10 09:24:56,"ntc1_C",-15.9296209945969,1621097
17,2026-09-10 09:24:56,"ntc2_C",-15.9128469602931,1619071
17,2026-09-10 09:24:56,"testSB_C",-15.9524809306785,1626706
18,2026-09-10 09:24:56,"ntc1_C",-15.9349024960479,1626001
18,2026-09-10 09:24:56,"ntc2_C",-15.9068171237777,1619859
18,2026-09-10 09:24:56,"testSB_C",-15.9020804002735,1619111
19,2026-09-10 09:24:56,"ntc1_C",-15.9180380327236,1624695
19,2026-09-10 09:24:56,"ntc2_C",-15.9439167882153,1624783
19,2026-09-10 09:24:56,"testSB_C",-15.9169307362397,1625271
20,2026-09-10 09:24:56,"ntc1_C",-15.8481035569174,1617425
20,2026-09-10 09:24:56,"ntc2_C",-15.8706261283519,1621542
20,2026-09-10 09:24:56,"testSB_C",-15.8160616073744,1612927
21,2026-09-10 09:24:56,"ntc1_C",-15.8483419751899,1613878
21,2026-09-10 09:24:56,"ntc2_C",-15.8382437716578,1617478
21,2026-09-10 09:24:56,"testSB_C",-15.9086138057283,1622413
22,2026-09-10 09:24:56,"ntc1_C",-15.8090218246314,1616107
22,2026-09-10 09:24:56,"ntc2_C",-15.7740468992779,1615248
22,2026-09-10 09:24:56,"testSB_C",-15.8715382178477,1617489
23,2026-09-10 09:24:56,"ntc1_C",-15.8093629306495,1619188
23,2026-09-10 09:24:56,"ntc2_C",-15.7435309252452,1611025
23,2026-09-10 09:24:56,"testSB_C",-15.8638239881226,1615523
24,2026-09-10 09:24:56,"ntc1_C",-15.7698461136914,1613622
24,2026-09-10 09:24:56,"ntc2_C",-15.7813153082683,1616679
24,2026-09-10 09:24:56,"testSB_C",-15.7425748299073,1608085
1,2026-09-10 12:24:56,"ntc1_C",-14.9160311965518,1554185
1,2026-09-10 12:24:56,"testSB_C",-14.961627002328,1560329
2,2026-09-10 12:24:56,"ntc1_C",-15.1197591722527,1569524
2,2026-09-10 12:24:56,"ntc2_C",-14.9419687049999,1557737
2,2026-09-10 12:24:56,"testSB_C",-15.0849034191152,1569792
3,2026-09-10 12:24:56,"ntc1_C",-14.6776883996465,1543802
3,2026-09-10 12:24:56,"ntc2_C",-14.8033818972968,1550373
3,2026-09-10 12:24:56,"testSB_C",-14.8109000698462,1550072
4,2026-09-10 12:24:56,"ntc1_C",-14.6762423905825,1543099
4,2026-09-10 12:24:56,"ntc2_C",-14.700614147154,1540933
4,2026-09-10 12:24:56,"testSB_C",-14.9401223103079,1556318
5,2026-09-10 12:24:56,"ntc1_C",-14.8491302433325,1551007
5,2026-09-10 12:24:56,"ntc2_C",-14.8223698321405,1551115
5,2026-09-10 12:24:56,"testSB_C",-14.8555626578468,1554491
6,2026-09-10 12:24:56,"ntc1_C",-14.9623983223153,1558678
6,2026-09-10 12:24:56,"ntc2_C",-14.9254127405961,1558409
6,2026-09-10 12:24:56,"testSB_C",-14.8860850362668,1556135
7,2026-09-10 12:24:56,"ntc1_C",-14.8337303357249,1550774
7,2026-09-10 12:24:56,"ntc2_C",-14.8230634800763,1552715
7,2026-09-10 12:24:56,"testSB_C",-14.9618092017379,1561350
8,2026-09-10 12:24:56,"ntc1_C",-14.948930272887,1563738
8,2026-09-10 12:24:56,"ntc2_C",-14.9275575678553,1556201
8,2026-09-10 12:24:56,"testSB_C",-14.8803866499793,1550489
9,2026-09-10 12:24:56,"ntc1_C",-14.836044992037,1549873
9,2026-09-10 12:24:56,"ntc2_C",-14.8177710208134,1554348
9,2026-09-10 12:24:56,"testSB_C",-14.9106866299809,1557661
10,2026-09-10 12:24:56,"ntc1_C",-14.9168490571981,1558485
10,2026-09-10 12:24:56,"ntc2_C",-14.9029430877954,1553828
10,2026-09-10 12:24:56,"testSB_C",-14.9679949199699,1559171
11,2026-09-10 12:24:56,"ntc1_C",-15.0177238566068,1565187
11,2026-09-10 12:24:56,"ntc2_C",-14.9659651103462,1561394
11,2026-09-10 12:24:56,"testSB_C",-14.9429950680604,1557769
12,2026-09-10 12:24:56,"ntc1_C",-15.0095207731651,1563429
12,2026-09-10 12:24:56,"ntc2_C",-15.0585562904832,1565693
12,2026-09-10 12:24:56,"testSB_C",-15.0507145601352,1565084
13,2026-09-10 12:24:56,"ntc1_C",-14.9355265152821,1563260
13,2026-09-10 12:24:56,"ntc2_C",-14.9096761568174,1553938
13,2026-09-10 12:24:56,"testSB_C",-14.6347449715046,1539013
14,2026-09-10 12:24:56,"ntc1_C",-14.8627980852521,1551643
14,2026-09-10 12:24:56,"ntc2_C",-14.888854509235,1557003
14,2026-09-10 12:24:56,"testSB_C",-14.8832905478287,1556569
15,2026-09-10 12:24:56,"ntc1_C",-14.974491001747,1557445
15,2026-09-10 12:24:56,"ntc2_C",-14.8718984486363,1556564
15,2026-09-10 12:24:56,"testSB_C",-14.9279589384299,1560396
16,2026-09-10 12:24:56,"ntc1_C",-15.0096978518908,1561605
16,2026-09-10 12:24:56,"ntc2_C",-14.9416627197671,1556472
16,2026-09-10 12:24:56,"testSB_C",-14.979038693209,1558797
17,2026-09-10 12:24:56,"ntc1_C",-14.9252944498962,1556097
17,2026-09-10 12:24:56,"ntc2_C",-14.9417573849045,1556281
17,2026-09-10 12:24:56,"testSB_C",-14.879580617978,1557146
18,2026-09-10 12:24:56,"ntc1_C",-14.9917613370379,1564742
18,2026-09-10 12:24:56,"ntc2_C",-15.0020268337936,1561282
18,2026-09-10 12:24:56,"testSB_C",-14.9563315902198,1557889
19,2026-09-10 12:24:56,"ntc1_C",-14.9860692961715,1564164
19,2026-09-10 12:24:56,"ntc2_C",-15.093598031293,1569458
19,2026-09-10 12:24:56,"testSB_C",-15.0106722160642,1566350
20,2026-09-10 12:24:56,"ntc1_C",-14.9091317932752,1556695
20,2026-09-10 12:24:56,"ntc2_C",-15.0139282329669,1565912
20,2026-09-10 12:24:56,"testSB_C",-14.9200871792218,1555096
21,2026-09-10 12:24:56,"ntc1_C",-14.945040451381,1555593
21,2026-09-10 12:24:56,"ntc2_C",-15.0139721721077,1564062
21,2026-09-10 12:24:56,"testSB_C",-15.0411143931561,1566069
22,2026-09-10 12:24:56,"ntc1_C",-14.9201329483165,1558617
22,2026-09-10 12:24:56,"ntc2_C",-14.9572387015319,1562394
22,2026-09-10 12:24:56,"testSB_C",-15.0598868331202,1564865
23,2026-09-10 12:24:56,"ntc1_C",-15.0843985205524,1572079
23,2026-09-10 12:24:56,"ntc2_C",-15.0248593670784,1564532
23,2026-09-10 12:24:56,"testSB_C",-15.1039842791521,1566333
24,2026-09-10 12:24:56,"ntc1_C",-15.0043504241835,1564063
24,2026-09-10 12:24:56,"ntc2_C",-15.0688782414633,1570431
24,2026-09-10 12:24:56,"testSB_C",-15.068879927062,1564548
1,2026-09-10 15:24:56,"ntc1_C",-14.4875668563016,1527256
1,2026-09-10 15:24:56,"testSB_C",-14.6453962977963,1540341
2,2026-09-10 15:24:56,"ntc1_C",-14.9046211396948,1555816
2,2026-09-10 15:24:56,"ntc2_C",-14.7046873153071,1542737
2,2026-09-10 15:24:56,"testSB_C",-14.9595499964137,1561798
3,2026-09-10 15:24:56,"ntc1_C",-14.4351745941997,1528616
3,2026-09-10 15:24:56,"ntc2_C",-14.5068304237825,1531738
3,2026-09-10 15:24:56,"testSB_C",-14.4510206471203,1527500
4,2026-09-10 15:24:56,"ntc1_C",-14.4378965157705,1528174
4,2026-09-10 15:24:56,"ntc2_C",-14.3536511585508,1519287
4,2026-09-10 15:24:56,"testSB_C",-14.5236673536214,1530119
5,2026-09-10 15:24:56,"ntc1_C",-14.5531305625312,1532394
5,2026-09-10 15:24:56,"ntc2_C",-14.4844504879587,1529893
5,2026-09-10 15:24:56,"testSB_C",-14.453389449154,1529210
6,2026-09-10 15:24:56,"ntc1_C",-14.5904189964692,1535233
6,2026-09-10 15:24:56,"ntc2_C",-14.5803840644162,1536640
6,2026-09-10 15:24:56,"testSB_C",-14.56713333645,1536036
7,2026-09-10 15:24:56,"ntc1_C",-14.5546798993375,1533225
7,2026-09-10 15:24:56,"ntc2_C",-14.6066640528146,1539073
7,2026-09-10 15:24:56,"testSB_C",-14.648950109099,1541566
8,2026-09-10 15:24:56,"ntc1_C",-14.6632126040569,1545629
8,2026-09-10 15:24:56,"ntc2_C",-14.6105095491649,1536214
8,2026-09-10 15:24:56,"testSB_C",-14.6421123126453,1535498
9,2026-09-10 15:24:56,"ntc1_C",-14.5897464484461,1534390
9,2026-09-10 15:24:56,"ntc2_C",-14.5484074484012,1537365
9,2026-09-10 15:24:56,"testSB_C",-14.6101335425307,1538686
10,2026-09-10 15:24:56,"ntc1_C",-14.6663832857124,1542658
10,2026-09-10 15:24:56,"ntc2_C",-14.6425479037912,1537419
10,2026-09-10 15:24:56,"testSB_C",-14.750038669935,1545376
11,2026-09-10 15:24:56,"ntc1_C",-14.7532742842621,1548411
11,2026-09-10 15:24:56,"ntc2_C",-14.6641166713871,1542300
11,2026-09-10 15:24:56,"testSB_C",-14.6994967746317,1542384
12,2026-09-10 15:24:56,"ntc1_C",-14.6890439950395,1543143
12,2026-09-10 15:24:56,"ntc2_C",-14.7098278201935,1543599
12,2026-09-10 15:24:56,"testSB_C",-14.7099610761955,1543493
13,2026-09-10 15:24:56,"ntc1_C",-14.6108360046107,1542710
13,2026-09-10 15:24:56,"ntc2_C",-14.5838703010396,1533428
13,2026-09-10 15:24:56,"testSB_C",-14.6336294132996,1538943
14,2026-09-10 15:24:56,"ntc1_C",-14.4893947412324,1528206
14,2026-09-10 15:24:56,"ntc2_C",-14.5398687711052,1535016
14,2026-09-10 15:24:56,"testSB_C",-14.5385270737573,1534848
15,2026-09-10 15:24:56,"ntc1_C",-14.6092051534039,1534432
15,2026-09-10 15:24:56,"ntc2_C",-14.505644633042,1533491
15,2026-09-10 15:24:56,"testSB_C",-14.5548203285799,1536839
16,2026-09-10 15:24:56,"ntc1_C",-14.5888898800921,1535040
16,2026-09-10 15:24:56,"ntc2_C",-14.5243274135766,1530203
16,2026-09-10 15:24:56,"testSB_C",-14.5628002094425,1532557
17,2026-09-10 15:24:56,"ntc1_C",-14.4643789809605,1527126
17,2026-09-10 15:24:56,"ntc2_C",-14.4464223328054,1525176
17,2026-09-10 15:24:56,"testSB_C",-14.5093247816844,1533822
18,2026-09-10 15:24:56,"ntc1_C",-14.5192404238355,1534904
18,2026-09-10 15:24:56,"ntc2_C",-14.5900226908565,1535299
18,2026-09-10 15:24:56,"testSB_C",-14.5235615041234,1530634
19,2026-09-10 15:24:56,"ntc1_C",-14.5297477793609,1535335
19,2026-09-10 15:24:56,"ntc2_C",-14.6217405565782,1539555
19,2026-09-10 15:24:56,"testSB_C",-14.5799409062997,1539082
20,2026-09-10 15:24:56,"ntc1_C",-14.4126366900365,1525490
20,2026-09-10 15:24:56,"ntc2_C",-14.583135866513,1538647
20,2026-09-10 15:24:56,"testSB_C",-14.4110913268034,1523151
21,2026-09-10 15:24:56,"ntc1_C",-14.4557063887117,1524884
21,2026-09-10 15:24:56,"ntc2_C",-14.5673983892471,1535846
21,2026-09-10 15:24:56,"testSB_C",-14.5854082474492,1537241
22,2026-09-10 15:24:56,"ntc1_C",-14.4361433259275,1528160
22,2026-09-10 15:24:56,"ntc2_C",-14.4858544410874,1532665
22,2026-09-10 15:24:56,"testSB_C",-14.5671473885117,1533738
23,2026-09-10 15:24:56,"ntc1_C",-14.5732807192544,1539673
23,2026-09-10 15:24:56,"ntc2_C",-14.5211024843637,1532727
23,2026-09-10 15:24:56,"testSB_C",-14.6325535612044,1536551
24,2026-09-10 15:24:56,"ntc1_C",-14.4564038617206,1529505
24,2026-09-10 15:24:56,"ntc2_C",-14.5918897664206,1540192
24,2026-09-10 15:24:56,"testSB_C",-14.4769867650623,1527250
1,2026-09-10 18:24:56,"ntc1_C",-16.6827480674584,1670198
1,2026-09-10 18:24:56,"testSB_C",-16.7809700552464,1680330
2,2026-09-10 18:24:56,"ntc1_C",-16.876386203652,1685937
2,2026-09-10 18:24:56,"ntc2_C",-16.8184924184569,1681476
2,2026-09-10 18:24:56,"testSB_C",-16.8337585448182,1685560
3,2026-09-10 18:24:56,"ntc1_C",-16.6525214817875,1673068
3,2026-09-10 18:24:56,"ntc2_C",-16.7103735971222,1675599
3,2026-09-10 18:24:56,"testSB_C",-16.7770986825974,1679258
4,2026-09-10 18:24:56,"ntc1_C",-16.6491376214723,1672226
4,2026-09-10 18:24:56,"ntc2_C",-16.6615078403271,1669047
4,2026-09-10 18:24:56,"testSB_C",-16.7024278756591,1672111
5,2026-09-10 18:24:56,"ntc1_C",-16.7641316656798,1676865
5,2026-09-10 18:24:56,"ntc2_C",-16.778192652611,1679703
5,2026-09-10 18:24:56,"testSB_C",-16.6856108932521,1674772
6,2026-09-10 18:24:56,"ntc1_C",-16.7587175018623,1676895
6,2026-09-10 18:24:56,"ntc2_C",-16.7516442392941,1678731
6,2026-09-10 18:24:56,"testSB_C",-16.7330571064892,1677663
7,2026-09-10 18:24:56,"ntc1_C",-16.7185160767105,1674542
7,2026-09-10 18:24:56,"ntc2_C",-16.7364995930633,1678582
7,2026-09-10 18:24:56,"testSB_C",-16.7647616849834,1680276
8,2026-09-10 18:24:56,"ntc1_C",-16.7836104933975,1685041
8,2026-09-10 18:24:56,"ntc2_C",-16.7906642854864,1678875
8,2026-09-10 18:24:56,"testSB_C",-16.750083615112,1673179
9,2026-09-10 18:24:56,"ntc1_C",-16.7202055070658,1673463
9,2026-09-10 18:24:56,"ntc2_C",-16.6978845243098,1678084
9,2026-09-10 18:24:56,"testSB_C",-16.7353108100963,1677846
10,2026-09-10 18:24:56,"ntc1_C",-16.7516896070147,1679351
10,2026-09-10 18:24:56,"ntc2_C",-16.7456318471789,1674925
10,2026-09-10 18:24:56,"testSB_C",-16.7596654859389,1677211
11,2026-09-10 18:24:56,"ntc1_C",-16.7758138208835,1681303
11,2026-09-10 18:24:56,"ntc2_C",-16.7568733247104,1679510
11,2026-09-10 18:24:56,"testSB_C",-16.7440274320767,1676303
12,2026-09-10 18:24:56,"ntc1_C",-16.7782789558295,1680151
12,2026-09-10 18:24:56,"ntc2_C",-16.75732008506,1677801
12,2026-09-10 18:24:56,"testSB_C",-16.7778545885137,1679126
13,2026-09-10 18:24:56,"ntc1_C",-16.7283547266262,1681622
13,2026-09-10 18:24:56,"ntc2_C",-16.7200863669523,1672873
13,2026-09-10 18:24:56,"testSB_C",-16.7496833518915,1677462
14,2026-09-10 18:24:56,"ntc1_C",-16.7061315096355,1672578
14,2026-09-10 18:24:56,"ntc2_C",-16.709404838637,1676775
14,2026-09-10 18:24:56,"testSB_C",-16.781012349218,1681599
15,2026-09-10 18:24:56,"ntc1_C",-16.7454873621145,1673876
15,2026-09-10 18:24:56,"ntc2_C",-16.7179504001487,1678112
15,2026-09-10 18:24:56,"testSB_C",-16.7248429239152,1678854
16,2026-09-10 18:24:56,"ntc1_C",-16.7877758525109,1678885
16,2026-09-10 18:24:56,"ntc2_C",-16.7832173086414,1677735
16,2026-09-10 18:24:56,"testSB_C",-16.788750730437,1678065
17,2026-09-10 18:24:56,"ntc1_C",-16.7421020396764,1675604
17,2026-09-10 18:24:56,"ntc2_C",-16.7222002915182,1673278
17,2026-09-10 18:24:56,"testSB_C",-16.7182439441278,1678189
18,2026-09-10 18:24:56,"ntc1_C",-16.738688703684,1680041
18,2026-09-10 18:24:56,"ntc2_C",-16.8097441277159,1680441
18,2026-09-10 18:24:56,"testSB_C",-16.7661046441222,1677081
19,2026-09-10 18:24:56,"ntc1_C",-16.7789652556951,1682629
19,2026-09-10 18:24:56,"ntc2_C",-16.8090206975422,1683011
19,2026-09-10 18:24:56,"testSB_C",-16.7971810947808,1684558
20,2026-09-10 18:24:56,"ntc1_C",-16.759219675957,1678551
20,2026-09-10 18:24:56,"ntc2_C",-16.8008447666639,1684119
20,2026-09-10 18:24:56,"testSB_C",-16.74915936975,1675375
21,2026-09-10 18:24:56,"ntc1_C",-16.7752378563294,1675891
21,2026-09-10 18:24:56,"ntc2_C",-16.7936117855207,1681608
21,2026-09-10 18:24:56,"testSB_C",-16.8339116730414,1684679
22,2026-09-10 18:24:56,"ntc1_C",-16.7882058396263,1681822
22,2026-09-10 18:24:56,"ntc2_C",-16.7917325844539,1683535
22,2026-09-10 18:24:56,"testSB_C",-16.8570622756871,1683700
23,2026-09-10 18:24:56,"ntc1_C",-16.8530688276019,1689423
23,2026-09-10 18:24:56,"ntc2_C",-16.8242944289541,1683480
23,2026-09-10 18:24:56,"testSB_C",-16.8918218142755,1684461
24,2026-09-10 18:24:56,"ntc1_C",-16.8127947768469,1683605
24,2026-09-10 18:24:56,"ntc2_C",-16.8706594775966,1689961
24,2026-09-10 18:24:56,"testSB_C",-16.8323645563664,1681016
1,2026-09-10 21:24:56,"ntc1_C",-18.104424360057,1769584
1,2026-09-10 21:24:56,"testSB_C",-18.2106322642557,1780831
2,2026-09-10 21:24:56,"ntc1_C",-18.245858127541,1782426
2,2026-09-10 21:24:56,"ntc2_C",-18.3032016896185,1786048
2,2026-09-10 21:24:56,"testSB_C",-18.2020328307972,1781835
3,2026-09-10 21:24:56,"ntc1_C",-18.2845154926821,1787725
3,2026-09-10 21:24:56,"ntc2_C",-18.1698167080683,1777979
3,2026-09-10 21:24:56,"testSB_C",-18.2090664577559,1779824
4,2026-09-10 21:24:56,"ntc1_C",-18.2114612635318,1781829
4,2026-09-10 21:24:56,"ntc2_C",-18.1957343054265,1776406
4,2026-09-10 21:24:56,"testSB_C",-18.0976213036011,1769644
5,2026-09-10 21:24:56,"ntc1_C",-18.2492642686647,1781205
5,2026-09-10 21:24:56,"ntc2_C",-18.1943129552873,1779171
5,2026-09-10 21:24:56,"testSB_C",-18.1404099817635,1776755
6,2026-09-10 21:24:56,"ntc1_C",-18.203836634186,1778234
6,2026-09-10 21:24:56,"ntc2_C",-18.1943049823336,1780070
6,2026-09-10 21:24:56,"testSB_C",-18.2074553535297,1781203
7,2026-09-10 21:24:56,"ntc1_C",-18.2106935921996,1779243
7,2026-09-10 21:24:56,"ntc2_C",-18.236915317558,1784115
7,2026-09-10 21:24:56,"testSB_C",-18.2579450715464,1785344
8,2026-09-10 21:24:56,"ntc1_C",-18.2605840207354,1789236
8,2026-09-10 21:24:56,"ntc2_C",-18.2746194506315,1783209
8,2026-09-10 21:24:56,"testSB_C",-18.2444764349249,1777932
9,2026-09-10 21:24:56,"ntc1_C",-18.2989628035995,1784296
9,2026-09-10 21:24:56,"ntc2_C",-18.196866119445,1783494
9,2026-09-10 21:24:56,"testSB_C",-18.225225847097,1782574
10,2026-09-10 21:24:56,"ntc1_C",-18.2831756367205,1787111
10,2026-09-10 21:24:56,"ntc2_C",-18.2579807903538,1781073
10,2026-09-10 21:24:56,"testSB_C",-18.2596121009417,1782624
11,2026-09-10 21:24:56,"ntc1_C",-18.2379252175671,1784161
11,2026-09-10 21:24:56,"ntc2_C",-18.2061385265923,1781363
11,2026-09-10 21:24:56,"testSB_C",-18.2029486789652,1778662
12,2026-09-10 21:24:56,"ntc1_C",-18.249183084087,1783580
12,2026-09-10 21:24:56,"ntc2_C",-18.2243776459596,1780817
12,2026-09-10 21:24:56,"testSB_C",-18.2445224077076,1782229
13,2026-09-10 21:24:56,"ntc1_C",-18.2313396680709,1787469
13,2026-09-10 21:24:56,"ntc2_C",-18.1589938139162,1773628
13,2026-09-10 21:24:56,"testSB_C",-18.2136101520589,1780261
14,2026-09-10 21:24:56,"ntc1_C",-18.1968977723997,1776996
14,2026-09-10 21:24:56,"ntc2_C",-18.1943930555016,1781012
14,2026-09-10 21:24:56,"testSB_C",-18.3510303353013,1792308
15,2026-09-10 21:24:56,"ntc1_C",-18.245271810515,1779012
15,2026-09-10 21:24:56,"ntc2_C",-18.2344814552688,1784773
15,2026-09-10 21:24:56,"testSB_C",-18.2249809853087,1784353
16,2026-09-10 21:24:56,"ntc1_C",-18.2553126023872,1782044
16,2026-09-10 21:24:56,"ntc2_C",-18.2147976121093,1778254
16,2026-09-10 21:24:56,"testSB_C",-18.2618812498399,1781609
17,2026-09-10 21:24:56,"ntc1_C",-18.2264723580672,1779777
17,2026-09-10 21:24:56,"ntc2_C",-18.2736670256789,1782115
17,2026-09-10 21:24:56,"testSB_C",-18.2258502344746,1784167
18,2026-09-10 21:24:56,"ntc1_C",-18.3105704894137,1790758
18,2026-09-10 21:24:56,"ntc2_C",-18.2466843418202,1781375
18,2026-09-10 21:24:56,"testSB_C",-18.2300865477874,1779894
19,2026-09-10 21:24:56,"ntc1_C",-18.2720055329201,1787845
19,2026-09-10 21:24:56,"ntc2_C",-18.2365784631198,1783513
19,2026-09-10 21:24:56,"testSB_C",-18.2390980161017,1786197
20,2026-09-10 21:24:56,"ntc1_C",-18.25396717121,1783680
20,2026-09-10 21:24:56,"ntc2_C",-18.2369112132364,1785312
20,2026-09-10 21:24:56,"testSB_C",-18.2924252039098,1783802
21,2026-09-10 21:24:56,"ntc1_C",-18.245578286456,1778999
21,2026-09-10 21:24:56,"ntc2_C",-18.2760891929913,1785992
21,2026-09-10 21:24:56,"testSB_C",-18.2851795985341,1786994
22,2026-09-10 21:24:56,"ntc1_C",-18.3105074414661,1789122
22,2026-09-10 21:24:56,"ntc2_C",-18.3145854656109,1790935
22,2026-09-10 21:24:56,"testSB_C",-18.2804340793477,1783952
23,2026-09-10 21:24:56,"ntc1_C",-18.2832492041094,1790441
23,2026-09-10 21:24:56,"ntc2_C",-18.2924815282813,1786952
23,2026-09-10 21:24:56,"testSB_C",-18.3323599230539,1785833
24,2026-09-10 21:24:56,"ntc1_C",-18.3071430332099,1788991
24,2026-09-10 21:24:56,"ntc2_C",-18.3153836158124,1792095
24,2026-09-10 21:24:56,"testSB_C",-18.2630039605567,1781608
1,2026-09-11 00:24:56,"ntc1_C",-18.7712114900264,1818120
1,2026-09-11 00:24:56,"testSB_C",-18.7803471040347,1822458
2,2026-09-11 00:24:56,"ntc1_C",-18.7938577322844,1822494
2,2026-09-11 00:24:56,"ntc2_C",-18.82276887846,1824087
2,2026-09-11 00:24:56,"testSB_C",-18.7469135819767,1821617
3,2026-09-11 00:24:56,"ntc1_C",-18.7909081456785,1824801
3,2026-09-11 00:24:56,"ntc2_C",-18.8094668260509,1824709
3,2026-09-11 00:24:56,"testSB_C",-18.8067522748792,1823478
4,2026-09-11 00:24:56,"ntc1_C",-18.8011395388471,1824954
4,2026-09-11 00:24:56,"ntc2_C",-18.7924294658959,1819917
4,2026-09-11 00:24:56,"testSB_C",-18.8089915591531,1821443
5,2026-09-11 00:24:56,"ntc1_C",-18.8089371917793,1822111
5,2026-09-11 00:24:56,"ntc2_C",-18.8033576651266,1823658
5,2026-09-11 00:24:56,"testSB_C",-18.7961931784704,1824641
6,2026-09-11 00:24:56,"ntc1_C",-18.7919700232278,1821128
6,2026-09-11 00:24:56,"ntc2_C",-18.8021673997436,1824494
6,2026-09-11 00:24:56,"testSB_C",-18.7906164215927,1823816
7,2026-09-11 00:24:56,"ntc1_C",-18.8197584038167,1823751
7,2026-09-11 00:24:56,"ntc2_C",-18.8065164621761,1825813
7,2026-09-11 00:24:56,"testSB_C",-18.8306939620749,1827286
8,2026-09-11 00:24:56,"ntc1_C",-18.8451929397772,1832151
8,2026-09-11 00:24:56,"ntc2_C",-18.8407294450226,1824618
8,2026-09-11 00:24:56,"testSB_C",-18.8235078509366,1820180
9,2026-09-11 00:24:56,"ntc1_C",-18.8066195234956,1821399
9,2026-09-11 00:24:56,"ntc2_C",-18.7988247557192,1827577
9,2026-09-11 00:24:56,"testSB_C",-18.7893552534512,1823832
10,2026-09-11 00:24:56,"ntc1_C",-18.8227050028318,1826621
10,2026-09-11 00:24:56,"ntc2_C",-18.8330037652082,1823093
10,2026-09-11 00:24:56,"testSB_C",-18.8148092474887,1823223
11,2026-09-11 00:24:56,"ntc1_C",-18.789943390758,1824535
11,2026-09-11 00:24:56,"ntc2_C",-18.6801715799429,1815939
11,2026-09-11 00:24:56,"testSB_C",-18.8045369938718,1822585
12,2026-09-11 00:24:56,"ntc1_C",-18.8143339300385,1824913
12,2026-09-11 00:24:56,"ntc2_C",-18.7999771977883,1822862
12,2026-09-11 00:24:56,"testSB_C",-18.7948597562922,1822454
13,2026-09-11 00:24:56,"ntc1_C",-18.8085866117376,1829787
13,2026-09-11 00:24:56,"ntc2_C",-18.8229331850814,1822049
13,2026-09-11 00:24:56,"testSB_C",-18.7879867849514,1822215
14,2026-09-11 00:24:56,"ntc1_C",-18.8330506987135,1823425
14,2026-09-11 00:24:56,"ntc2_C",-18.8134702890108,1826270
14,2026-09-11 00:24:56,"testSB_C",-18.80187436647,1825362
15,2026-09-11 00:24:56,"ntc1_C",-18.8233158217278,1821194
15,2026-09-11 00:24:56,"ntc2_C",-18.8842340703425,1832425
15,2026-09-11 00:24:56,"testSB_C",-18.8135283203588,1827447
16,2026-09-11 00:24:56,"ntc1_C",-18.8316045630562,1824186
16,2026-09-11 00:24:56,"ntc2_C",-18.8231147357849,1822686
16,2026-09-11 00:24:56,"testSB_C",-18.7958017649199,1820622
17,2026-09-11 00:24:56,"ntc1_C",-18.8034302769294,1821914
17,2026-09-11 00:24:56,"ntc2_C",-18.8030502588688,1820775
17,2026-09-11 00:24:56,"testSB_C",-18.8106780817699,1826973
18,2026-09-11 00:24:56,"ntc1_C",-18.8289791514191,1828775
18,2026-09-11 00:24:56,"ntc2_C",-18.8134312879488,1822755
18,2026-09-11 00:24:56,"testSB_C",-18.8250254426079,1823372
19,2026-09-11 00:24:56,"ntc1_C",-18.8292004844496,1828697
19,2026-09-11 00:24:56,"ntc2_C",-18.8220136088283,1826363
19,2026-09-11 00:24:56,"testSB_C",-18.8280850173078,1829375
20,2026-09-11 00:24:56,"ntc1_C",-18.8427879098214,1826795
20,2026-09-11 00:24:56,"ntc2_C",-18.8249498255628,1828401
20,2026-09-11 00:24:56,"testSB_C",-18.8282753634347,1822993
21,2026-09-11 00:24:56,"ntc1_C",-18.8322746949709,1821810
21,2026-09-11 00:24:56,"ntc2_C",-18.8347240323064,1826908
21,2026-09-11 00:24:56,"testSB_C",-18.8332527219974,1827154
22,2026-09-11 00:24:56,"ntc1_C",-18.8447185846177,1828301
22,2026-09-11 00:24:56,"ntc2_C",-18.8128517840671,1827473
22,2026-09-11 00:24:56,"testSB_C",-18.8271639548484,1823954
23,2026-09-11 00:24:56,"ntc1_C",-18.839921457608,1831297
23,2026-09-11 00:24:56,"ntc2_C",-18.83594791743,1826771
23,2026-09-11 00:24:56,"testSB_C",-18.8597585799488,1824378
24,2026-09-11 00:24:56,"ntc1_C",-18.8457508003571,1828496
24,2026-09-11 00:24:56,"ntc2_C",-18.8457803069493,1831048
24,2026-09-11 00:24:56,"testSB_C",-18.8371008052912,1823569
1,2026-09-11 03:24:56,"ntc1_C",-22.2940630029818,2095965
1,2026-09-11 03:24:56,"testSB_C",-22.2489955856925,2096262
2,2026-09-11 03:24:56,"ntc1_C",-22.1433370677253,2086371
2,2026-09-11 03:24:56,"ntc2_C",-22.0918159576004,2081426
2,2026-09-11 03:24:56,"testSB_C",-22.0842735782432,2084068
3,2026-09-11 03:24:56,"ntc1_C",-22.0946270773763,2084973
3,2026-09-11 03:24:56,"ntc2_C",-22.0542095877896,2080052
3,2026-09-11 03:24:56,"testSB_C",-22.0122228369371,2075278
4,2026-09-11 03:24:56,"ntc1_C",-21.9982101804344,2076344
4,2026-09-11 03:24:56,"ntc2_C",-21.9795426063573,2069793
4,2026-09-11 03:24:56,"testSB_C",-21.937821787238,2066661
5,2026-09-11 03:24:56,"ntc1_C",-21.9301905030303,2066907
5,2026-09-11 03:24:56,"ntc2_C",-21.9185389618538,2068019
5,2026-09-11 03:24:56,"testSB_C",-21.89813347634,2068041
6,2026-09-11 03:24:56,"ntc1_C",-21.880945412597,2062828
6,2026-09-11 03:24:56,"ntc2_C",-21.8869968677697,2066440
6,2026-09-11 03:24:56,"testSB_C",-21.8790844758546,2065925
7,2026-09-11 03:24:56,"ntc1_C",-21.8590205360911,2061921
7,2026-09-11 03:24:56,"ntc2_C",-21.8711761898828,2066325
7,2026-09-11 03:24:56,"testSB_C",-21.871483510099,2065902
8,2026-09-11 03:24:56,"ntc1_C",-21.8677727942539,2069861
8,2026-09-11 03:24:56,"ntc2_C",-21.8746003132575,2062353
8,2026-09-11 03:24:56,"testSB_C",-21.8728253855032,2058673
9,2026-09-11 03:24:56,"ntc1_C",-21.8733497954959,2061396
9,2026-09-11 03:24:56,"ntc2_C",-21.8776580174954,2069488
9,2026-09-11 03:24:56,"testSB_C",-21.8820579810041,2066410
10,2026-09-11 03:24:56,"ntc1_C",-21.8852457078004,2066875
10,2026-09-11 03:24:56,"ntc2_C",-21.8822686539724,2061922
10,2026-09-11 03:24:56,"testSB_C",-21.89795403083,2064950
11,2026-09-11 03:24:56,"ntc1_C",-21.8813901623101,2066966
11,2026-09-11 03:24:56,"ntc2_C",-21.8778493235853,2066180
11,2026-09-11 03:24:56,"testSB_C",-21.8596243853093,2061820
12,2026-09-11 03:24:56,"ntc1_C",-21.874840139388,2064826
12,2026-09-11 03:24:56,"ntc2_C",-21.8599668458334,2062488
12,2026-09-11 03:24:56,"testSB_C",-21.8548203719425,2062123
13,2026-09-11 03:24:56,"ntc1_C",-21.851750568396,2068877
13,2026-09-11 03:24:56,"ntc2_C",-21.8435658390647,2058457
13,2026-09-11 03:24:56,"testSB_C",-21.8356658913206,2060815
14,2026-09-11 03:24:56,"ntc1_C",-21.83496849818,2058328
14,2026-09-11 03:24:56,"ntc2_C",-21.8313109077461,2062790
14,2026-09-11 03:24:56,"testSB_C",-21.8297104184212,2062619
15,2026-09-11 03:24:56,"ntc1_C",-21.8261869419375,2055885
15,2026-09-11 03:24:56,"ntc2_C",-21.819463724295,2062974
15,2026-09-11 03:24:56,"testSB_C",-21.8144092332487,2062795
16,2026-09-11 03:24:56,"ntc1_C",-21.8019406998641,2056662
16,2026-09-11 03:24:56,"ntc2_C",-21.8160575101676,2056909
16,2026-09-11 03:24:56,"testSB_C",-21.8025856278816,2055749
17,2026-09-11 03:24:56,"ntc1_C",-21.8001002565724,2056280
17,2026-09-11 03:24:56,"ntc2_C",-21.7869637740409,2053855
17,2026-09-11 03:24:56,"testSB_C",-21.7806192074083,2059657
18,2026-09-11 03:24:56,"ntc1_C",-21.7866722343021,2060585
18,2026-09-11 03:24:56,"ntc2_C",-21.7731363970586,2053941
18,2026-09-11 03:24:56,"testSB_C",-21.7648849733286,2053266
19,2026-09-11 03:24:56,"ntc1_C",-21.7590052697904,2058330
19,2026-09-11 03:24:56,"ntc2_C",-21.7512713664555,2055690
19,2026-09-11 03:24:56,"testSB_C",-21.7336329164143,2057111
20,2026-09-11 03:24:56,"ntc1_C",-21.7280364066825,2052598
20,2026-09-11 03:24:56,"ntc2_C",-21.7211830555393,2055266
20,2026-09-11 03:24:56,"testSB_C",-21.692089279542,2046542
21,2026-09-11 03:24:56,"ntc1_C",-21.6982287442163,2045238
21,2026-09-11 03:24:56,"ntc2_C",-21.6927689471685,2050389
21,2026-09-11 03:24:56,"testSB_C",-21.6818166671614,2049901
22,2026-09-11 03:24:56,"ntc1_C",-21.6824804121313,2050295
22,2026-09-11 03:24:56,"ntc2_C",-21.6834335890798,2051989
22,2026-09-11 03:24:56,"testSB_C",-21.6655680925973,2045542
23,2026-09-11 03:24:56,"ntc1_C",-21.6753734013441,2053348
23,2026-09-11 03:24:56,"ntc2_C",-21.6858205366127,2049597
23,2026-09-11 03:24:56,"testSB_C",-21.7133339349866,2046811
24,2026-09-11 03:24:56,"ntc1_C",-21.6959936723817,2051564
24,2026-09-11 03:24:56,"ntc2_C",-21.6916297909919,2053999
24,2026-09-11 03:24:56,"testSB_C",-21.7002063244709,2047078
1,2026-09-11 06:24:56,"ntc1_C",-23.4465303932228,2195017
1,2026-09-11 06:24:56,"testSB_C",-23.3844162700214,2193808
2,2026-09-11 06:24:56,"ntc1_C",-23.2837593691714,2183965
2,2026-09-11 06:24:56,"ntc2_C",-23.2501458340402,2180367
2,2026-09-11 06:24:56,"testSB_C",-23.2201972738841,2181070
3,2026-09-11 06:24:56,"ntc1_C",-23.256530988895,2184320
3,2026-09-11 06:24:56,"ntc2_C",-23.2156729879174,2179191
3,2026-09-11 06:24:56,"testSB_C",-23.1698225419292,2173835
4,2026-09-11 06:24:56,"ntc1_C",-23.1605717480844,2175400
4,2026-09-11 06:24:56,"ntc2_C",-23.1541817932665,2169615
4,2026-09-11 06:24:56,"testSB_C",-23.1322773126835,2168061
5,2026-09-11 06:24:56,"ntc1_C",-23.1232040927109,2168241
5,2026-09-11 06:24:56,"ntc2_C",-23.1092381660675,2169153
5,2026-09-11 06:24:56,"testSB_C",-23.1021348243622,2170337
6,2026-09-11 06:24:56,"ntc1_C",-23.0901774531782,2165259
6,2026-09-11 06:24:56,"ntc2_C",-23.093193130706,2168842
6,2026-09-11 06:24:56,"testSB_C",-23.0813591007513,2167947
7,2026-09-11 06:24:56,"ntc1_C",-23.0563129415703,2163394
7,2026-09-11 06:24:56,"ntc2_C",-23.065343677744,2167716
7,2026-09-11 06:24:56,"testSB_C",-23.0475001632056,2165665
8,2026-09-11 06:24:56,"ntc1_C",-23.0312668980145,2168710
8,2026-09-11 06:24:56,"ntc2_C",-23.0248856681071,2159732
8,2026-09-11 06:24:56,"testSB_C",-23.0328431141624,2156743
9,2026-09-11 06:24:56,"ntc1_C",-22.9859302538922,2155451
9,2026-09-11 06:24:56,"ntc2_C",-22.9942730933807,2164286
9,2026-09-11 06:24:56,"testSB_C",-22.969038031125,2158509
10,2026-09-11 06:24:56,"ntc1_C",-22.9636809338062,2158196
10,2026-09-11 06:24:56,"ntc2_C",-22.9574109899507,2152801
10,2026-09-11 06:24:56,"testSB_C",-22.9332815729377,2152547
11,2026-09-11 06:24:56,"ntc1_C",-22.8734605973489,2150861
11,2026-09-11 06:24:56,"ntc2_C",-22.8906287234104,2151852
11,2026-09-11 06:24:56,"testSB_C",-22.8445058995752,2144927
12,2026-09-11 06:24:56,"ntc1_C",-22.8582381501025,2147897
12,2026-09-11 06:24:56,"ntc2_C",-22.8273556650242,2144100
12,2026-09-11 06:24:56,"testSB_C",-22.8056654223014,2142334
13,2026-09-11 06:24:56,"ntc1_C",-22.8061527887104,2149610
13,2026-09-11 06:24:56,"ntc2_C",-22.7938476986289,2138505
13,2026-09-11 06:24:56,"testSB_C",-22.763059981953,2138962
14,2026-09-11 06:24:56,"ntc1_C",-22.7663402467554,2136715
14,2026-09-11 06:24:56,"ntc2_C",-22.7695992110863,2141909
14,2026-09-11 06:24:56,"testSB_C",-22.7651742326584,2141491
15,2026-09-11 06:24:56,"ntc1_C",-22.7647915664441,2134798
15,2026-09-11 06:24:56,"ntc2_C",-22.762641200972,2142569
15,2026-09-11 06:24:56,"testSB_C",-22.7640468492895,2142917
16,2026-09-11 06:24:56,"ntc1_C",-22.772132679206,2138344
16,2026-09-11 06:24:56,"ntc2_C",-22.7821334685372,2138265
16,2026-09-11 06:24:56,"testSB_C",-22.7693885579674,2137127
17,2026-09-11 06:24:56,"ntc1_C",-22.7760863149049,2138440
17,2026-09-11 06:24:56,"ntc2_C",-22.7675418110921,2136287
17,2026-09-11 06:24:56,"testSB_C",-22.7635474277275,2142510
18,2026-09-11 06:24:56,"ntc1_C",-22.7686234716646,2143364
18,2026-09-11 06:24:56,"ntc2_C",-22.7499148297358,2136006
18,2026-09-11 06:24:56,"testSB_C",-22.7499540689645,2136108
19,2026-09-11 06:24:56,"ntc1_C",-22.7492036464963,2141784
19,2026-09-11 06:24:56,"ntc2_C",-22.7468395924137,2139509
19,2026-09-11 06:24:56,"testSB_C",-22.7423617556638,2142119
20,2026-09-11 06:24:56,"ntc1_C",-22.74500509113,2138159
20,2026-09-11 06:24:56,"ntc2_C",-22.7421244448481,2141258
20,2026-09-11 06:24:56,"testSB_C",-22.7307298580866,2133704
21,2026-09-11 06:24:56,"ntc1_C",-22.7436506058408,2132871
21,2026-09-11 06:24:56,"ntc2_C",-22.7486155780658,2139161
21,2026-09-11 06:24:56,"testSB_C",-22.7502707354543,2139739
22,2026-09-11 06:24:56,"ntc1_C",-22.7507321177404,2140135
22,2026-09-11 06:24:56,"ntc2_C",-22.7537600489518,2142040
22,2026-09-11 06:24:56,"testSB_C",-22.7420870774956,2135913
23,2026-09-11 06:24:56,"ntc1_C",-22.7532005333309,2144099
23,2026-09-11 06:24:56,"ntc2_C",-22.7553865697631,2139528
23,2026-09-11 06:24:56,"testSB_C",-22.7801218798806,2136200
24,2026-09-11 06:24:56,"ntc1_C",-22.7517537342221,2140395
24,2026-09-11 06:24:56,"ntc2_C",-22.7405503555402,2142323
24,2026-09-11 06:24:56,"testSB_C",-22.7349450461942,2133911
1,2026-09-11 09:24:56,"ntc1_C",-22.3482529421998,2100530
1,2026-09-11 09:24:56,"testSB_C",-22.4084042345756,2109715
2,2026-09-11 09:24:56,"ntc1_C",-22.5633553408413,2121844
2,2026-09-11 09:24:56,"ntc2_C",-22.5564692202139,2120614
2,2026-09-11 09:24:56,"testSB_C",-22.398148889925,2110471
3,2026-09-11 09:24:56,"ntc1_C",-20.9440736241609,1990686
3,2026-09-11 09:24:56,"ntc2_C",-21.5016037526486,2034345
3,2026-09-11 09:24:56,"testSB_C",-21.825811471679,2059794
4,2026-09-11 09:24:56,"ntc1_C",-21.3309970122766,2021365
4,2026-09-11 09:24:56,"ntc2_C",-21.2846064487312,2012734
4,2026-09-11 09:24:56,"testSB_C",-21.8648623752698,2060610
5,2026-09-11 09:24:56,"ntc1_C",-21.8843252868139,2063099
5,2026-09-11 09:24:56,"ntc2_C",-21.5831664887467,2040322
5,2026-09-11 09:24:56,"testSB_C",-21.7928078401981,2059305
6,2026-09-11 09:24:56,"ntc1_C",-21.9800200222694,2071051
6,2026-09-11 09:24:56,"ntc2_C",-21.5615431128181,2039577
6,2026-09-11 09:24:56,"testSB_C",-21.9540145344338,2072153
7,2026-09-11 09:24:56,"ntc1_C",-21.7679682302692,2054385
7,2026-09-11 09:24:56,"ntc2_C",-21.1293145982945,2005543
7,2026-09-11 09:24:56,"testSB_C",-21.7932658066785,2059418
8,2026-09-11 09:24:56,"ntc1_C",-21.8926760973258,2071933
8,2026-09-11 09:24:56,"ntc2_C",-21.8676380170562,2061776
8,2026-09-11 09:24:56,"testSB_C",-21.2108935460963,2004559
9,2026-09-11 09:24:56,"ntc1_C",-21.872806489218,2061351
9,2026-09-11 09:24:56,"ntc2_C",-21.5108360578071,2039183
9,2026-09-11 09:24:56,"testSB_C",-21.8193758410081,2061210
10,2026-09-11 09:24:56,"ntc1_C",-21.7661445754046,2057009
10,2026-09-11 09:24:56,"ntc2_C",-21.3963861505305,2022015
10,2026-09-11 09:24:56,"testSB_C",-21.8835786535688,2063757
11,2026-09-11 09:24:56,"ntc1_C",-22.0161035201597,2078180
11,2026-09-11 09:24:56,"ntc2_C",-21.5992208207412,2043164
11,2026-09-11 09:24:56,"testSB_C",-21.8408045297618,2060261
12,2026-09-11 09:24:56,"ntc1_C",-21.3156248711343,2018910
12,2026-09-11 09:24:56,"ntc2_C",-21.5965721424074,2040765
12,2026-09-11 09:24:56,"testSB_C",-21.8046131473303,2057965
13,2026-09-11 09:24:56,"ntc1_C",-21.6763976892111,2054349
13,2026-09-11 09:24:56,"ntc2_C",-21.4368899818681,2025047
13,2026-09-11 09:24:56,"testSB_C",-21.7163276087668,2050951
14,2026-09-11 09:24:56,"ntc1_C",-21.6924575058879,2046569
14,2026-09-11 09:24:56,"ntc2_C",-21.4189006840842,2028869
14,2026-09-11 09:24:56,"testSB_C",-21.6188413496031,2045211
15,2026-09-11 09:24:56,"ntc1_C",-21.7659982864076,2050917
15,2026-09-11 09:24:56,"ntc2_C",-21.3981199518643,2028300
15,2026-09-11 09:24:56,"testSB_C",-21.3478414684808,2024444
16,2026-09-11 09:24:56,"ntc1_C",-21.8187555047856,2058053
16,2026-09-11 09:24:56,"ntc2_C",-21.6660645937096,2044535
16,2026-09-11 09:24:56,"testSB_C",-21.68949963598,2046418
17,2026-09-11 09:24:56,"ntc1_C",-21.6221209950909,2041613
17,2026-09-11 09:24:56,"ntc2_C",-21.6228000725459,2040343
17,2026-09-11 09:24:56,"testSB_C",-21.8339494445683,2064076
18,2026-09-11 09:24:56,"ntc1_C",-21.6409855157424,2048556
18,2026-09-11 09:24:56,"ntc2_C",-21.500746633569,2031577
18,2026-09-11 09:24:56,"testSB_C",-21.6528754538462,2044035
19,2026-09-11 09:24:56,"ntc1_C",-21.7241815162992,2055450
19,2026-09-11 09:24:56,"ntc2_C",-21.6352117335669,2046117
19,2026-09-11 09:24:56,"testSB_C",-21.5954901087632,2045713
20,2026-09-11 09:24:56,"ntc1_C",-21.6524420438179,2046365
20,2026-09-11 09:24:56,"ntc2_C",-21.3070822086608,2021299
20,2026-09-11 09:24:56,"testSB_C",-21.5217138920074,2032560
21,2026-09-11 09:24:56,"ntc1_C",-21.6553719327161,2041717
21,2026-09-11 09:24:56,"ntc2_C",-21.272901164519,2016037
21,2026-09-11 09:24:56,"testSB_C",-21.8349104083369,2062558
22,2026-09-11 09:24:56,"ntc1_C",-21.6496927584291,2047593
22,2026-09-11 09:24:56,"ntc2_C",-21.1965039569428,2012182
22,2026-09-11 09:24:56,"testSB_C",-21.8070043291183,2057212
23,2026-09-11 09:24:56,"ntc1_C",-21.5680630844444,2044508
23,2026-09-11 09:24:56,"ntc2_C",-21.2017216426703,2010045
23,2026-09-11 09:24:56,"testSB_C",-21.7452740249697,2049437
24,2026-09-11 09:24:56,"ntc1_C",-21.6274593705321,2045916
24,2026-09-11 09:24:56,"ntc2_C",-21.4534753811932,2034416
24,2026-09-11 09:24:56,"testSB_C",-21.5835566288636,2037495
1,2026-09-11 12:24:56,"ntc1_C",-15.6407790665093,1600796
1,2026-09-11 12:24:56,"testSB_C",-15.1969412605527,1575367
2,2026-09-11 12:24:56,"ntc1_C",-16.1127336061423,1634335
2,2026-09-11 12:24:56,"ntc2_C",-15.8415820840818,1615912
2,2026-09-11 12:24:56,"testSB_C",-15.5640370161533,1600717
3,2026-09-11 12:24:56,"ntc1_C",-14.5477490102007,1535647
3,2026-09-11 12:24:56,"ntc2_C",-14.1935088182242,1512288
3,2026-09-11 12:24:56,"testSB_C",-15.5853539621019,1599759
4,2026-09-11 12:24:56,"ntc1_C",-14.5335877153515,1534149
4,2026-09-11 12:24:56,"ntc2_C",-14.1701826356139,1507962
4,2026-09-11 12:24:56,"testSB_C",-15.2612591872401,1576820
5,2026-09-11 12:24:56,"ntc1_C",-14.9717614611255,1558783
5,2026-09-11 12:24:56,"ntc2_C",-14.5020465046653,1530991
5,2026-09-11 12:24:56,"testSB_C",-15.1819743303362,1575310
6,2026-09-11 12:24:56,"ntc1_C",-14.7266505025638,1543779
6,2026-09-11 12:24:56,"ntc2_C",-14.537416764753,1533950
6,2026-09-11 12:24:56,"testSB_C",-15.9668733249846,1626170
7,2026-09-11 12:24:56,"ntc1_C",-14.3122129301874,1518135
7,2026-09-11 12:24:56,"ntc2_C",-14.1540344053083,1510918
7,2026-09-11 12:24:56,"testSB_C",-14.5522992895788,1535504
8,2026-09-11 12:24:56,"ntc1_C",-14.5102232080285,1536017
8,2026-09-11 12:24:56,"ntc2_C",-15.1861013052807,1572688
8,2026-09-11 12:24:56,"testSB_C",-14.0804040121674,1500719
9,2026-09-11 12:24:56,"ntc1_C",-14.7469555094323,1544255
9,2026-09-11 12:24:56,"ntc2_C",-14.1592802722539,1513152
9,2026-09-11 12:24:56,"testSB_C",-15.5544515946797,1599077
10,2026-09-11 12:24:56,"ntc1_C",-14.3865578916716,1525162
10,2026-09-11 12:24:56,"ntc2_C",-14.143240657808,1506429
10,2026-09-11 12:24:56,"testSB_C",-14.339802957679,1519735
11,2026-09-11 12:24:56,"ntc1_C",-14.6511700645968,1541981
11,2026-09-11 12:24:56,"ntc2_C",-14.4555882231037,1529243
11,2026-09-11 12:24:56,"testSB_C",-14.4975107747171,1529735
12,2026-09-11 12:24:56,"ntc1_C",-14.2723175108099,1517150
12,2026-09-11 12:24:56,"ntc2_C",-14.3016416139408,1518126
12,2026-09-11 12:24:56,"testSB_C",-15.9434361837854,1623057
13,2026-09-11 12:24:56,"ntc1_C",-14.3749373702456,1527946
13,2026-09-11 12:24:56,"ntc2_C",-14.0730854481262,1501807
13,2026-09-11 12:24:56,"testSB_C",-14.2784981681433,1516817
14,2026-09-11 12:24:56,"ntc1_C",-14.2880016574298,1515710
14,2026-09-11 12:24:56,"ntc2_C",-14.3878839184374,1525536
14,2026-09-11 12:24:56,"testSB_C",-14.3155435488867,1520958
15,2026-09-11 12:24:56,"ntc1_C",-14.5408368453751,1530162
15,2026-09-11 12:24:56,"ntc2_C",-14.2039752964267,1514739
15,2026-09-11 12:24:56,"testSB_C",-14.2727484601984,1519263
16,2026-09-11 12:24:56,"ntc1_C",-14.6305170546444,1537648
16,2026-09-11 12:24:56,"ntc2_C",-14.1827210356215,1509025
16,2026-09-11 12:24:56,"testSB_C",-14.4652453993436,1526470
17,2026-09-11 12:24:56,"ntc1_C",-14.2750886131856,1515382
17,2026-09-11 12:24:56,"ntc2_C",-14.3694092224776,1520395
17,2026-09-11 12:24:56,"testSB_C",-14.604124068298,1539761
18,2026-09-11 12:24:56,"ntc1_C",-14.3198465497135,1522481
18,2026-09-11 12:24:56,"ntc2_C",-14.6414186158017,1538517
18,2026-09-11 12:24:56,"testSB_C",-14.3695189595624,1521046
19,2026-09-11 12:24:56,"ntc1_C",-14.3626158357775,1524907
19,2026-09-11 12:24:56,"ntc2_C",-14.4742480614314,1530323
19,2026-09-11 12:24:56,"testSB_C",-14.2254159865755,1516988
20,2026-09-11 12:24:56,"ntc1_C",-14.2960672774064,1518253
20,2026-09-11 12:24:56,"ntc2_C",-14.189872181046,1514164
20,2026-09-11 12:24:56,"testSB_C",-14.1448005366752,1506696
21,2026-09-11 12:24:56,"ntc1_C",-14.2474691877388,1511997
21,2026-09-11 12:24:56,"ntc2_C",-14.1149144077883,1507766
21,2026-09-11 12:24:56,"testSB_C",-14.3014577081473,1519542
22,2026-09-11 12:24:56,"ntc1_C",-14.1967842528795,1513314
22,2026-09-11 12:24:56,"ntc2_C",-13.6974200034947,1484178
22,2026-09-11 12:24:56,"testSB_C",-14.4822886901202,1528439
23,2026-09-11 12:24:56,"ntc1_C",-14.3105832135678,1523273
23,2026-09-11 12:24:56,"ntc2_C",-13.7964734852455,1488088
23,2026-09-11 12:24:56,"testSB_C",-14.2724338670541,1514175
24,2026-09-11 12:24:56,"ntc1_C",-14.144523493049,1510171
24,2026-09-11 12:24:56,"ntc2_C",-14.2504419406306,1518897
24,2026-09-11 12:24:56,"testSB_C",-14.3054066090784,1516602
1,2026-09-11 15:24:56,"ntc1_C",-12.197643342481,1390949
1,2026-09-11 15:24:56,"testSB_C",-12.3019797069766,1399880
2,2026-09-11 15:24:56,"ntc1_C",-12.4902610839658,1409831
2,2026-09-11 15:24:56,"ntc2_C",-12.0602202880926,1384904
2,2026-09-11 15:24:56,"testSB_C",-12.1720161665535,1394035
3,2026-09-11 15:24:56,"ntc1_C",-11.1893060461887,1339031
3,2026-09-11 15:24:56,"ntc2_C",-11.0955208528771,1332662
3,2026-09-11 15:24:56,"testSB_C",-11.1066401251234,1332688
4,2026-09-11 15:24:56,"ntc1_C",-11.3100454768938,1345045
4,2026-09-11 15:24:56,"ntc2_C",-11.3363525779177,1343292
4,2026-09-11 15:24:56,"testSB_C",-11.0932486208702,1330263
5,2026-09-11 15:24:56,"ntc1_C",-11.2401748481303,1338550
5,2026-09-11 15:24:56,"ntc2_C",-11.2947322537889,1343196
5,2026-09-11 15:24:56,"testSB_C",-11.003656534183,1328406
6,2026-09-11 15:24:56,"ntc1_C",-11.3231524641126,1343711
6,2026-09-11 15:24:56,"ntc2_C",-11.2948805457435,1343823
6,2026-09-11 15:24:56,"testSB_C",-11.1048307869655,1333698
7,2026-09-11 15:24:56,"ntc1_C",-11.0137093309162,1326883
7,2026-09-11 15:24:56,"ntc2_C",-11.3738336896258,1348822
7,2026-09-11 15:24:56,"testSB_C",-10.998236597587,1328241
8,2026-09-11 15:24:56,"ntc1_C",-11.1455503421614,1338941
8,2026-09-11 15:24:56,"ntc2_C",-11.0161422937065,1326622
8,2026-09-11 15:24:56,"testSB_C",-11.1577386438757,1331965
9,2026-09-11 15:24:56,"ntc1_C",-11.1401615061312,1332945
9,2026-09-11 15:24:56,"ntc2_C",-11.0446821257408,1332472
9,2026-09-11 15:24:56,"testSB_C",-11.1719265122986,1337214
10,2026-09-11 15:24:56,"ntc1_C",-11.1374511776755,1335830
10,2026-09-11 15:24:56,"ntc2_C",-11.2807274050169,1340333
10,2026-09-11 15:24:56,"testSB_C",-11.2223193246988,1338155
11,2026-09-11 15:24:56,"ntc1_C",-11.217190190663,1340437
11,2026-09-11 15:24:56,"ntc2_C",-11.1520903019681,1336400
11,2026-09-11 15:24:56,"testSB_C",-11.2239775147545,1338477
12,2026-09-11 15:24:56,"ntc1_C",-11.3796890351189,1348277
12,2026-09-11 15:24:56,"ntc2_C",-11.2084526010878,1338142
12,2026-09-11 15:24:56,"testSB_C",-11.3790750027136,1347334
13,2026-09-11 15:24:56,"ntc1_C",-11.3587415866241,1351040
13,2026-09-11 15:24:56,"ntc2_C",-11.0329482812983,1326529
13,2026-09-11 15:24:56,"testSB_C",-11.1166744714712,1333198
14,2026-09-11 15:24:56,"ntc1_C",-10.9452095359817,1322481
14,2026-09-11 15:24:56,"ntc2_C",-11.1154353540505,1334903
14,2026-09-11 15:24:56,"testSB_C",-11.2379111756291,1341478
15,2026-09-11 15:24:56,"ntc1_C",-11.2144456516746,1336014
15,2026-09-11 15:24:56,"ntc2_C",-11.2867633626798,1344715
15,2026-09-11 15:24:56,"testSB_C",-11.421774060746,1352403
16,2026-09-11 15:24:56,"ntc1_C",-11.3545406317673,1345222
16,2026-09-11 15:24:56,"ntc2_C",-10.9537727770727,1322654
16,2026-09-11 15:24:56,"testSB_C",-11.1491532429552,1333196
17,2026-09-11 15:24:56,"ntc1_C",-10.9742082276214,1324389
17,2026-09-11 15:24:56,"ntc2_C",-11.1698883775742,1334348
17,2026-09-11 15:24:56,"testSB_C",-11.1373972069203,1336684
18,2026-09-11 15:24:56,"ntc1_C",-10.9805012243171,1328616
18,2026-09-11 15:24:56,"ntc2_C",-11.4590723971232,1351310
18,2026-09-11 15:24:56,"testSB_C",-11.2935127943704,1341556
19,2026-09-11 15:24:56,"ntc1_C",-11.1572988654295,1337942
19,2026-09-11 15:24:56,"ntc2_C",-11.3257057241259,1345794
19,2026-09-11 15:24:56,"testSB_C",-11.2091773608961,1341271
20,2026-09-11 15:24:56,"ntc1_C",-11.0489973954307,1329774
20,2026-09-11 15:24:56,"ntc2_C",-11.3766660177482,1349911
20,2026-09-11 15:24:56,"testSB_C",-10.9150489132372,1320608
21,2026-09-11 15:24:56,"ntc1_C",-11.0463732057243,1326948
21,2026-09-11 15:24:56,"ntc2_C",-11.4736769736474,1353705
21,2026-09-11 15:24:56,"testSB_C",-11.2604367905545,1342180
22,2026-09-11 15:24:56,"ntc1_C",-11.0214086353282,1329370
22,2026-09-11 15:24:56,"ntc2_C",-10.9990239041142,1329461
22,2026-09-11 15:24:56,"testSB_C",-11.4024135281375,1347899
23,2026-09-11 15:24:56,"ntc1_C",-11.4318186046626,1354486
23,2026-09-11 15:24:56,"ntc2_C",-11.0518832207546,1330394
23,2026-09-11 15:24:56,"testSB_C",-11.2688944339412,1339664
24,2026-09-11 15:24:56,"ntc1_C",-10.9194871048568,1323906
24,2026-09-11 15:24:56,"ntc2_C",-11.3049131335609,1346880
24,2026-09-11 15:24:56,"testSB_C",-11.1634426258816,1334116
1,2026-09-11 18:24:56,"ntc1_C",-16.122828086862,1632549
1,2026-09-11 18:24:56,"testSB_C",-16.3050159417322,1648099
2,2026-09-11 18:24:56,"ntc1_C",-15.9759794815963,1625257
2,2026-09-11 18:24:56,"ntc2_C",-15.5535933850999,1597062
2,2026-09-11 18:24:56,"testSB_C",-16.0119660816682,1630164
3,2026-09-11 18:24:56,"ntc1_C",-15.1697359134099,1575069
3,2026-09-11 18:24:56,"ntc2_C",-15.0030367823174,1563044
3,2026-09-11 18:24:56,"testSB_C",-14.642335076733,1539459
4,2026-09-11 18:24:56,"ntc1_C",-15.0716394042307,1568174
4,2026-09-11 18:24:56,"ntc2_C",-15.0600812592197,1563678
4,2026-09-11 18:24:56,"testSB_C",-14.6075979331915,1535364
5,2026-09-11 18:24:56,"ntc1_C",-14.693480520383,1541192
5,2026-09-11 18:24:56,"ntc2_C",-14.9768739297168,1560914
5,2026-09-11 18:24:56,"testSB_C",-14.6176898108569,1539489
6,2026-09-11 18:24:56,"ntc1_C",-14.7586321356171,1545792
6,2026-09-11 18:24:56,"ntc2_C",-14.9798487400456,1561871
6,2026-09-11 18:24:56,"testSB_C",-14.6440410140216,1540859
7,2026-09-11 18:24:56,"ntc1_C",-14.5439801077301,1532556
7,2026-09-11 18:24:56,"ntc2_C",-15.1463655102899,1573317
7,2026-09-11 18:24:56,"testSB_C",-14.6099329645646,1539116
8,2026-09-11 18:24:56,"ntc1_C",-14.6281992975776,1543424
8,2026-09-11 18:24:56,"ntc2_C",-14.4541046126223,1526447
8,2026-09-11 18:24:56,"testSB_C",-14.9147221651065,1552661
9,2026-09-11 18:24:56,"ntc1_C",-14.4712801078348,1526997
9,2026-09-11 18:24:56,"ntc2_C",-14.6340366780564,1542744
9,2026-09-11 18:24:56,"testSB_C",-14.5618360232558,1535658
10,2026-09-11 18:24:56,"ntc1_C",-14.4955430500207,1531953
10,2026-09-11 18:24:56,"ntc2_C",-14.9012696275919,1553722
10,2026-09-11 18:24:56,"testSB_C",-14.7260337962009,1543864
11,2026-09-11 18:24:56,"ntc1_C",-14.5240306520342,1534011
11,2026-09-11 18:24:56,"ntc2_C",-14.6867699216103,1543725
11,2026-09-11 18:24:56,"testSB_C",-14.493678536138,1529496
12,2026-09-11 18:24:56,"ntc1_C",-14.9897970784887,1562173
12,2026-09-11 18:24:56,"ntc2_C",-14.6462817042748,1539606
12,2026-09-11 18:24:56,"testSB_C",-14.7170629240519,1543940
13,2026-09-11 18:24:56,"ntc1_C",-14.6355686278708,1544266
13,2026-09-11 18:24:56,"ntc2_C",-14.5670440605697,1532376
13,2026-09-11 18:24:56,"testSB_C",-14.4950893408056,1530274
14,2026-09-11 18:24:56,"ntc1_C",-14.2651262597114,1514297
14,2026-09-11 18:24:56,"ntc2_C",-14.6717204231414,1543287
14,2026-09-11 18:24:56,"testSB_C",-14.5475234025903,1535411
15,2026-09-11 18:24:56,"ntc1_C",-14.5248786818594,1529167
15,2026-09-11 18:24:56,"ntc2_C",-14.6672170120341,1543628
15,2026-09-11 18:24:56,"testSB_C",-14.8069029035852,1552715
16,2026-09-11 18:24:56,"ntc1_C",-14.4957922028356,1529223
16,2026-09-11 18:24:56,"ntc2_C",-14.4358507692475,1524690
16,2026-09-11 18:24:56,"testSB_C",-14.4241188623701,1523911
17,2026-09-11 18:24:56,"ntc1_C",-14.3125157100608,1517697
17,2026-09-11 18:24:56,"ntc2_C",-14.4375105686818,1524622
17,2026-09-11 18:24:56,"testSB_C",-14.330128159832,1522657
18,2026-09-11 18:24:56,"ntc1_C",-14.3084670559905,1521775
18,2026-09-11 18:24:56,"ntc2_C",-14.7667183201116,1546390
18,2026-09-11 18:24:56,"testSB_C",-14.469013073601,1527232
19,2026-09-11 18:24:56,"ntc1_C",-14.3834480890525,1526203
19,2026-09-11 18:24:56,"ntc2_C",-14.6425672675617,1540863
19,2026-09-11 18:24:56,"testSB_C",-14.5282809486806,1535843
20,2026-09-11 18:24:56,"ntc1_C",-14.1949230815933,1512001
20,2026-09-11 18:24:56,"ntc2_C",-14.7305792607672,1547926
20,2026-09-11 18:24:56,"testSB_C",-14.1851493299091,1509178
21,2026-09-11 18:24:56,"ntc1_C",-14.2404908875074,1511567
21,2026-09-11 18:24:56,"ntc2_C",-14.80829283316,1551004
21,2026-09-11 18:24:56,"testSB_C",-14.4289359969065,1527463
22,2026-09-11 18:24:56,"ntc1_C",-14.1462687685446,1510199
22,2026-09-11 18:24:56,"ntc2_C",-14.5403606114885,1536074
22,2026-09-11 18:24:56,"testSB_C",-14.450153245983,1526437
23,2026-09-11 18:24:56,"ntc1_C",-14.5766107638386,1539882
23,2026-09-11 18:24:56,"ntc2_C",-14.5230223478125,1532847
23,2026-09-11 18:24:56,"testSB_C",-14.4938572313374,1527895
24,2026-09-11 18:24:56,"ntc1_C",-14.1813764495234,1512443
24,2026-09-11 18:24:56,"ntc2_C",-14.5130796540039,1535251
24,2026-09-11 18:24:56,"testSB_C",-14.2165432028859,1511116
1,2026-09-11 21:24:56,"ntc1_C",-23.6455951691558,2212548
1,2026-09-11 21:24:56,"testSB_C",-23.5299350010614,2206602
2,2026-09-11 21:24:56,"ntc1_C",-23.4473314982777,2198297
2,2026-09-11 21:24:56,"ntc2_C",-23.4166801037118,2194937
2,2026-09-11 21:24:56,"testSB_C",-23.3742762487673,2194538
3,2026-09-11 21:24:56,"ntc1_C",-23.3935620480503,2196315
3,2026-09-11 21:24:56,"ntc2_C",-23.3523417635697,2191134
3,2026-09-11 21:24:56,"testSB_C",-23.3044213326494,2185566
4,2026-09-11 21:24:56,"ntc1_C",-23.3107262970887,2188504
4,2026-09-11 21:24:56,"ntc2_C",-23.3026234293116,2182536
4,2026-09-11 21:24:56,"testSB_C",-23.2440142341701,2177774
5,2026-09-11 21:24:56,"ntc1_C",-23.2437954054925,2178731
5,2026-09-11 21:24:56,"ntc2_C",-23.2304483191561,2179696
5,2026-09-11 21:24:56,"testSB_C",-23.2145175316948,2180116
6,2026-09-11 21:24:56,"ntc1_C",-23.1964594047173,2174479
6,2026-09-11 21:24:56,"ntc2_C",-23.2113652706993,2179118
6,2026-09-11 21:24:56,"testSB_C",-23.1776195027612,2176310
7,2026-09-11 21:24:56,"ntc1_C",-23.1355733371743,2170269
7,2026-09-11 21:24:56,"ntc2_C",-23.1776381219511,2177479
7,2026-09-11 21:24:56,"testSB_C",-23.0879154552716,2169170
8,2026-09-11 21:24:56,"ntc1_C",-23.0649338109544,2171633
8,2026-09-11 21:24:56,"ntc2_C",-23.0542078746582,2162268
8,2026-09-11 21:24:56,"testSB_C",-23.0850397794499,2161254
9,2026-09-11 21:24:56,"ntc1_C",-23.018914755639,2158298
9,2026-09-11 21:24:56,"ntc2_C",-23.0411895534282,2168354
9,2026-09-11 21:24:56,"testSB_C",-23.0063895816938,2161739
10,2026-09-11 21:24:56,"ntc1_C",-22.9911015581384,2160565
10,2026-09-11 21:24:56,"ntc2_C",-23.0076234461438,2157133
10,2026-09-11 21:24:56,"testSB_C",-22.9433705843164,2153417
11,2026-09-11 21:24:56,"ntc1_C",-22.9108779601134,2154085
11,2026-09-11 21:24:56,"ntc2_C",-22.9120564772553,2153699
11,2026-09-11 21:24:56,"testSB_C",-22.8951522727869,2149282
12,2026-09-11 21:24:56,"ntc1_C",-22.9351787774314,2154523
12,2026-09-11 21:24:56,"ntc2_C",-22.8661116123125,2147430
12,2026-09-11 21:24:56,"testSB_C",-22.8617297530513,2147151
13,2026-09-11 21:24:56,"ntc1_C",-22.8485497391236,2153262
13,2026-09-11 21:24:56,"ntc2_C",-22.8567448527745,2143902
13,2026-09-11 21:24:56,"testSB_C",-22.8013755255573,2142248
14,2026-09-11 21:24:56,"ntc1_C",-22.796112032164,2139265
14,2026-09-11 21:24:56,"ntc2_C",-22.7922302214434,2143851
14,2026-09-11 21:24:56,"testSB_C",-22.745787971889,2139829
15,2026-09-11 21:24:56,"ntc1_C",-22.7082483503283,2129967
15,2026-09-11 21:24:56,"ntc2_C",-22.7152756890902,2138506
15,2026-09-11 21:24:56,"testSB_C",-22.7154269323627,2138747
16,2026-09-11 21:24:56,"ntc1_C",-22.6480760060569,2127737
16,2026-09-11 21:24:56,"ntc2_C",-22.6249813135251,2124834
16,2026-09-11 21:24:56,"testSB_C",-22.5927735341821,2122045
17,2026-09-11 21:24:56,"ntc1_C",-22.5824029140965,2121901
17,2026-09-11 21:24:56,"ntc2_C",-22.5327286430764,2116277
17,2026-09-11 21:24:56,"testSB_C",-22.4629867990436,2116858
18,2026-09-11 21:24:56,"ntc1_C",-22.4965216275446,2120127
18,2026-09-11 21:24:56,"ntc2_C",-22.461708387569,2111486
18,2026-09-11 21:24:56,"testSB_C",-22.462795367134,2111649
19,2026-09-11 21:24:56,"ntc1_C",-22.4384506482944,2115267
19,2026-09-11 21:24:56,"ntc2_C",-22.4287121088081,2112392
19,2026-09-11 21:24:56,"testSB_C",-22.4166575950476,2114327
20,2026-09-11 21:24:56,"ntc1_C",-22.3745131521864,2106618
20,2026-09-11 21:24:56,"ntc2_C",-22.4154860862487,2113395
20,2026-09-11 21:24:56,"testSB_C",-22.3766032734043,2103612
21,2026-09-11 21:24:56,"ntc1_C",-22.3848297722262,2102413
21,2026-09-11 21:24:56,"ntc2_C",-22.3949561052783,2109043
21,2026-09-11 21:24:56,"testSB_C",-22.3071391037815,2102052
22,2026-09-11 21:24:56,"ntc1_C",-22.2931241278045,2101219
22,2026-09-11 21:24:56,"ntc2_C",-22.3394620788471,2106764
22,2026-09-11 21:24:56,"testSB_C",-22.2966945088624,2098090
23,2026-09-11 21:24:56,"ntc1_C",-22.343450210072,2109176
23,2026-09-11 21:24:56,"ntc2_C",-22.306622651793,2101365
23,2026-09-11 21:24:56,"testSB_C",-22.3190327470986,2097137
24,2026-09-11 21:24:56,"ntc1_C",-22.2882368798202,2100971
24,2026-09-11 21:24:56,"ntc2_C",-22.265044574603,2101862
24,2026-09-11 21:24:56,"testSB_C",-22.2069190950929,2089188
1,2026-09-12 00:24:56,"ntc1_C",-26.5003423164457,2477978
1,2026-09-12 00:24:56,"testSB_C",-26.4128149512516,2474105
2,2026-09-12 00:24:56,"ntc1_C",-26.2901812052211,2461117
2,2026-09-12 00:24:56,"ntc2_C",-26.2041994029786,2452034
2,2026-09-12 00:24:56,"testSB_C",-26.195290702501,2454573
3,2026-09-12 00:24:56,"ntc1_C",-26.1992077043103,2455154
3,2026-09-12 00:24:56,"ntc2_C",-26.1381428765953,2447636
3,2026-09-12 00:24:56,"testSB_C",-26.0821979218721,2440617
4,2026-09-12 00:24:56,"ntc1_C",-26.1422783392685,2449154
4,2026-09-12 00:24:56,"ntc2_C",-26.0939182058676,2438639
4,2026-09-12 00:24:56,"testSB_C",-26.0076323980254,2430716
5,2026-09-12 00:24:56,"ntc1_C",-25.9834278804142,2429587
5,2026-09-12 00:24:56,"ntc2_C",-26.0206704204155,2435388
5,2026-09-12 00:24:56,"testSB_C",-25.9420970170972,2429846
6,2026-09-12 00:24:56,"ntc1_C",-25.881190541911,2419318
6,2026-09-12 00:24:56,"ntc2_C",-25.8879863688248,2423814
6,2026-09-12 00:24:56,"testSB_C",-25.8485196784448,2420157
7,2026-09-12 00:24:56,"ntc1_C",-25.779575545707,2411105
7,2026-09-12 00:24:56,"ntc2_C",-25.8993406790561,2426440
7,2026-09-12 00:24:56,"testSB_C",-25.7337475411612,2409970
8,2026-09-12 00:24:56,"ntc1_C",-25.7024165767228,2411853
8,2026-09-12 00:24:56,"ntc2_C",-25.6454701051781,2397178
8,2026-09-12 00:24:56,"testSB_C",-25.6774703251115,2396205
9,2026-09-12 00:24:56,"ntc1_C",-25.6111101414766,2392843
9,2026-09-12 00:24:56,"ntc2_C",-25.6360945405144,2404272
9,2026-09-12 00:24:56,"testSB_C",-25.5901355183857,2395943
10,2026-09-12 00:24:56,"ntc1_C",-25.5597783295918,2393079
10,2026-09-12 00:24:56,"ntc2_C",-25.588130395751,2390551
10,2026-09-12 00:24:56,"testSB_C",-25.5153638424586,2385773
11,2026-09-12 00:24:56,"ntc1_C",-25.476039112894,2385714
11,2026-09-12 00:24:56,"ntc2_C",-25.4730541899812,2384960
11,2026-09-12 00:24:56,"testSB_C",-25.4381032841205,2378416
12,2026-09-12 00:24:56,"ntc1_C",-25.4721013217729,2383531
12,2026-09-12 00:24:56,"ntc2_C",-25.3974458023799,2375247
12,2026-09-12 00:24:56,"testSB_C",-25.4768611993171,2382936
13,2026-09-12 00:24:56,"ntc1_C",-25.4038648037899,2383926
13,2026-09-12 00:24:56,"ntc2_C",-25.3606787153394,2368956
13,2026-09-12 00:24:56,"testSB_C",-25.3123498985693,2367744
14,2026-09-12 00:24:56,"ntc1_C",-25.3450338977283,2368006
14,2026-09-12 00:24:56,"ntc2_C",-25.2400211938255,2363483
14,2026-09-12 00:24:56,"testSB_C",-25.2662927084703,2365893
15,2026-09-12 00:24:56,"ntc1_C",-25.2119513801625,2353576
15,2026-09-12 00:24:56,"ntc2_C",-25.2227205242975,2363381
15,2026-09-12 00:24:56,"testSB_C",-25.1821659394199,2359765
16,2026-09-12 00:24:56,"ntc1_C",-25.1733335412568,2353250
16,2026-09-12 00:24:56,"ntc2_C",-25.1342814786884,2348633
16,2026-09-12 00:24:56,"testSB_C",-25.1351631565497,2348668
17,2026-09-12 00:24:56,"ntc1_C",-25.1952220864071,2355021
17,2026-09-12 00:24:56,"ntc2_C",-25.0780774797688,2342473
17,2026-09-12 00:24:56,"testSB_C",-25.0550807518191,2347476
18,2026-09-12 00:24:56,"ntc1_C",-24.9956214681848,2342340
18,2026-09-12 00:24:56,"ntc2_C",-25.0501509532934,2341094
18,2026-09-12 00:24:56,"testSB_C",-25.0498085160474,2341399
19,2026-09-12 00:24:56,"ntc1_C",-25.0523906253505,2347844
19,2026-09-12 00:24:56,"ntc2_C",-25.0656247368,2346828
19,2026-09-12 00:24:56,"testSB_C",-24.9844430062693,2342537
20,2026-09-12 00:24:56,"ntc1_C",-25.0124850637871,2340652
20,2026-09-12 00:24:56,"ntc2_C",-24.9946239364605,2342591
20,2026-09-12 00:24:56,"testSB_C",-24.9393702435704,2330311
21,2026-09-12 00:24:56,"ntc1_C",-24.9957214377577,2333303
21,2026-09-12 00:24:56,"ntc2_C",-24.9643512275553,2336845
21,2026-09-12 00:24:56,"testSB_C",-24.9013595186493,2331482
22,2026-09-12 00:24:56,"ntc1_C",-24.8985651222552,2331616
22,2026-09-12 00:24:56,"ntc2_C",-24.8865385109771,2332204
22,2026-09-12 00:24:56,"testSB_C",-24.9104338442998,2328984
23,2026-09-12 00:24:56,"ntc1_C",-24.8702375575708,2332977
23,2026-09-12 00:24:56,"ntc2_C",-24.9283543938791,2333310
23,2026-09-12 00:24:56,"testSB_C",-24.8738640681487,2321933
24,2026-09-12 00:24:56,"ntc1_C",-24.7509765534155,2318202
24,2026-09-12 00:24:56,"ntc2_C",-24.7962562307705,2325454
24,2026-09-12 00:24:56,"testSB_C",-24.7919315126961,2316503
1,2026-09-12 03:24:56,"ntc1_C",-28.2789109288376,2656926
1,2026-09-12 03:24:56,"testSB_C",-28.1514590684303,2648674
2,2026-09-12 03:24:56,"ntc1_C",-28.0438428354887,2636520
2,2026-09-12 03:24:56,"ntc2_C",-27.827770938714,2613557
2,2026-09-12 03:24:56,"testSB_C",-27.8937223369741,2623740
3,2026-09-12 03:24:56,"ntc1_C",-27.8497332402826,2619517
3,2026-09-12 03:24:56,"ntc2_C",-27.8266129796469,2615523
3,2026-09-12 03:24:56,"testSB_C",-27.6960744877991,2600429
4,2026-09-12 03:24:56,"ntc1_C",-27.7593875576916,2609837
4,2026-09-12 03:24:56,"ntc2_C",-27.6868121014824,2596246
4,2026-09-12 03:24:56,"testSB_C",-27.6541760081765,2593319
5,2026-09-12 03:24:56,"ntc1_C",-27.6275782680506,2591956
5,2026-09-12 03:24:56,"ntc2_C",-27.6392783140567,2595414
5,2026-09-12 03:24:56,"testSB_C",-27.4398482011779,2577340
6,2026-09-12 03:24:56,"ntc1_C",-27.432250654677,2571488
6,2026-09-12 03:24:56,"ntc2_C",-27.3805046197403,2570428
6,2026-09-12 03:24:56,"testSB_C",-27.4245676951009,2574993
7,2026-09-12 03:24:56,"ntc1_C",-27.3711495860898,2567102
7,2026-09-12 03:24:56,"ntc2_C",-27.4606724783784,2580211
7,2026-09-12 03:24:56,"testSB_C",-27.2059564988185,2553858
8,2026-09-12 03:24:56,"ntc1_C",-27.1653145560128,2554874
8,2026-09-12 03:24:56,"ntc2_C",-27.2820556501313,2556807
8,2026-09-12 03:24:56,"testSB_C",-27.3852543492945,2562947
9,2026-09-12 03:24:56,"ntc1_C",-27.1765003760276,2545058
9,2026-09-12 03:24:56,"ntc2_C",-27.1504458734764,2552093
9,2026-09-12 03:24:56,"testSB_C",-27.097633071516,2542629
10,2026-09-12 03:24:56,"ntc1_C",-27.1221991113596,2545002
10,2026-09-12 03:24:56,"ntc2_C",-27.1043457415968,2537804
10,2026-09-12 03:24:56,"testSB_C",-27.0260486740812,2532295
11,2026-09-12 03:24:56,"ntc1_C",-26.9345127285042,2526953
11,2026-09-12 03:24:56,"ntc2_C",-26.9715741388884,2530174
11,2026-09-12 03:24:56,"testSB_C",-27.0683100151931,2536370
12,2026-09-12 03:24:56,"ntc1_C",-26.9514060981484,2526728
12,2026-09-12 03:24:56,"ntc2_C",-27.0200410246125,2532230
12,2026-09-12 03:24:56,"testSB_C",-26.9211377317778,2522690
13,2026-09-12 03:24:56,"ntc1_C",-26.881577261894,2527017
13,2026-09-12 03:24:56,"ntc2_C",-26.7974880196203,2507295
13,2026-09-12 03:24:56,"testSB_C",-26.7588238419111,2506936
14,2026-09-12 03:24:56,"ntc1_C",-26.8083927720369,2508862
14,2026-09-12 03:24:56,"ntc2_C",-26.7626123286734,2509907
14,2026-09-12 03:24:56,"testSB_C",-27.0526076838788,2538590
15,2026-09-12 03:24:56,"ntc1_C",-26.7109383104526,2497172
15,2026-09-12 03:24:56,"ntc2_C",-26.7253432617248,2507926
15,2026-09-12 03:24:56,"testSB_C",-26.947452186167,2530064
16,2026-09-12 03:24:56,"ntc1_C",-26.6837592687218,2498013
16,2026-09-12 03:24:56,"ntc2_C",-26.5989732775855,2488690
16,2026-09-12 03:24:56,"testSB_C",-26.6215566651358,2490856
17,2026-09-12 03:24:56,"ntc1_C",-26.5703386253189,2486592
17,2026-09-12 03:24:56,"ntc2_C",-26.5928838703485,2487030
17,2026-09-12 03:24:56,"testSB_C",-26.4441312124425,2479997
18,2026-09-12 03:24:56,"ntc1_C",-26.3940198985864,2475484
18,2026-09-12 03:24:56,"ntc2_C",-26.4744719301564,2476656
18,2026-09-12 03:24:56,"testSB_C",-26.6191554511036,2491317
19,2026-09-12 03:24:56,"ntc1_C",-26.3685685524793,2473317
19,2026-09-12 03:24:56,"ntc2_C",-26.4213293941012,2476107
19,2026-09-12 03:24:56,"testSB_C",-26.4019568403498,2477649
20,2026-09-12 03:24:56,"ntc1_C",-26.4628564705627,2478913
20,2026-09-12 03:24:56,"ntc2_C",-26.4264652831066,2479121
20,2026-09-12 03:24:56,"testSB_C",-26.2916187707478,2458462
21,2026-09-12 03:24:56,"ntc1_C",-26.3611530053749,2462802
21,2026-09-12 03:24:56,"ntc2_C",-26.3350169926623,2467083
21,2026-09-12 03:24:56,"testSB_C",-26.1768852269926,2452235
22,2026-09-12 03:24:56,"ntc1_C",-26.1314509472203,2448256
22,2026-09-12 03:24:56,"ntc2_C",-26.2500951809269,2461478
22,2026-09-12 03:24:56,"testSB_C",-26.1343885885137,2444665
23,2026-09-12 03:24:56,"ntc1_C",-26.1731852024751,2456422
23,2026-09-12 03:24:56,"ntc2_C",-26.1453809727473,2448509
23,2026-09-12 03:24:56,"testSB_C",-26.0899572826407,2436238
24,2026-09-12 03:24:56,"ntc1_C",-26.0900160141102,2444510
24,2026-09-12 03:24:56,"ntc2_C",-26.0679022691226,2445571
24,2026-09-12 03:24:56,"testSB_C",-26.0197256297562,2431989
1,2026-09-12 06:24:56,"ntc1_C",-29.3437589550897,2769165
1,2026-09-12 06:24:56,"testSB_C",-29.2717589271121,2766557
2,2026-09-12 06:24:56,"ntc1_C",-29.2926374435621,2767751
2,2026-09-12 06:24:56,"ntc2_C",-29.1423492409434,2750846
2,2026-09-12 06:24:56,"testSB_C",-29.1233700543299,2752273
3,2026-09-12 06:24:56,"ntc1_C",-29.1010447561543,2750239
3,2026-09-12 06:24:56,"ntc2_C",-29.0671387166623,2744991
3,2026-09-12 06:24:56,"testSB_C",-29.011723212914,2737190
4,2026-09-12 06:24:56,"ntc1_C",-29.0043084297256,2739538
4,2026-09-12 06:24:56,"ntc2_C",-28.9712726671004,2729550
4,2026-09-12 06:24:56,"testSB_C",-28.9456959887462,2727238
5,2026-09-12 06:24:56,"ntc1_C",-28.9501619958592,2729166
5,2026-09-12 06:24:56,"ntc2_C",-28.9602474690196,2732539
5,2026-09-12 06:24:56,"testSB_C",-28.832371132003,2721227
6,2026-09-12 06:24:56,"ntc1_C",-28.8460475299278,2717202
6,2026-09-12 06:24:56,"ntc2_C",-28.8463898680885,2721689
6,2026-09-12 06:24:56,"testSB_C",-28.8035196795019,2717298
7,2026-09-12 06:24:56,"ntc1_C",-28.7884447085303,2713170
7,2026-09-12 06:24:56,"ntc2_C",-28.8495983647537,2723882
7,2026-09-12 06:24:56,"testSB_C",-28.6822198006143,2705433
8,2026-09-12 06:24:56,"ntc1_C",-28.6673208207797,2709163
8,2026-09-12 06:24:56,"ntc2_C",-28.784840593207,2711265
8,2026-09-12 06:24:56,"testSB_C",-28.8415841332843,2712842
9,2026-09-12 06:24:56,"ntc1_C",-28.6834484372181,2699309
9,2026-09-12 06:24:56,"ntc2_C",-28.6344220075704,2704384
9,2026-09-12 06:24:56,"testSB_C",-28.6626325742733,2702939
10,2026-09-12 06:24:56,"ntc1_C",-28.6194184876972,2698226
10,2026-09-12 06:24:56,"ntc2_C",-28.6661083974557,2697506
10,2026-09-12 06:24:56,"testSB_C",-28.5695775856413,2689886
11,2026-09-12 06:24:56,"ntc1_C",-28.5701352168337,2693796
11,2026-09-12 06:24:56,"ntc2_C",-28.5354383980726,2689718
11,2026-09-12 06:24:56,"testSB_C",-28.5836923449381,2691159
12,2026-09-12 06:24:56,"ntc1_C",-28.5554858087168,2690260
12,2026-09-12 06:24:56,"ntc2_C",-28.633057502073,2696999
12,2026-09-12 06:24:56,"testSB_C",-28.4590954881691,2679169
13,2026-09-12 06:24:56,"ntc1_C",-28.534285790088,2695704
13,2026-09-12 06:24:56,"ntc2_C",-28.4419759072857,2674087
13,2026-09-12 06:24:56,"testSB_C",-28.3966160279371,2672964
14,2026-09-12 06:24:56,"ntc1_C",-28.4185284420193,2672105
14,2026-09-12 06:24:56,"ntc2_C",-28.4001576909445,2676012
14,2026-09-12 06:24:56,"testSB_C",-28.5957396114914,2696345
15,2026-09-12 06:24:56,"ntc1_C",-28.4014486980151,2668099
15,2026-09-12 06:24:56,"ntc2_C",-28.2978185177286,2667260
15,2026-09-12 06:24:56,"testSB_C",-28.4778101769114,2686118
16,2026-09-12 06:24:56,"ntc1_C",-28.2633565911923,2657538
16,2026-09-12 06:24:56,"ntc2_C",-28.2511178323359,2655246
16,2026-09-12 06:24:56,"testSB_C",-28.2646304789772,2656594
17,2026-09-12 06:24:56,"ntc1_C",-28.2079859498977,2651501
17,2026-09-12 06:24:56,"ntc2_C",-28.2570420229724,2654642
17,2026-09-12 06:24:56,"testSB_C",-28.1433177314202,2650834
18,2026-09-12 06:24:56,"ntc1_C",-28.131469499006,2649964
18,2026-09-12 06:24:56,"ntc2_C",-28.187284059339,2648597
18,2026-09-12 06:24:56,"testSB_C",-28.2500820888488,2655805
19,2026-09-12 06:24:56,"ntc1_C",-28.0832569979254,2645430
19,2026-09-12 06:24:56,"ntc2_C",-28.1426589499841,2649065
19,2026-09-12 06:24:56,"testSB_C",-28.1055717384577,2648877
20,2026-09-12 06:24:56,"ntc1_C",-28.1351173034704,2647022
20,2026-09-12 06:24:56,"ntc2_C",-28.1182687655624,2649238
20,2026-09-12 06:24:56,"testSB_C",-27.9932105384758,2628342
21,2026-09-12 06:24:56,"ntc1_C",-28.0602781636786,2632590
21,2026-09-12 06:24:56,"ntc2_C",-28.0118483693489,2634900
21,2026-09-12 06:24:56,"testSB_C",-27.9164915738981,2625615
22,2026-09-12 06:24:56,"ntc1_C",-27.9071826052403,2625105
22,2026-09-12 06:24:56,"ntc2_C",-27.9910325741027,2635487
22,2026-09-12 06:24:56,"testSB_C",-27.9541450743225,2625835
23,2026-09-12 06:24:56,"ntc1_C",-27.9522695619184,2634073
23,2026-09-12 06:24:56,"ntc2_C",-27.869704493587,2620140
23,2026-09-12 06:24:56,"testSB_C",-27.9065411349762,2616007
24,2026-09-12 06:24:56,"ntc1_C",-27.8180079126992,2616291
24,2026-09-12 06:24:56,"ntc2_C",-27.7969865886664,2617498
24,2026-09-12 06:24:56,"testSB_C",-27.8648374259105,2614924
1,2026-09-12 09:24:56,"ntc1_C",-24.7592476923235,2312952
1,2026-09-12 09:24:56,"testSB_C",-24.0205857902206,2250235
2,2026-09-12 09:24:56,"ntc1_C",-23.4812899838276,2201283
2,2026-09-12 09:24:56,"ntc2_C",-24.0158504718029,2248085
2,2026-09-12 09:24:56,"testSB_C",-23.6911563471413,2222472
3,2026-09-12 09:24:56,"ntc1_C",-22.0571952132885,2081842
3,2026-09-12 09:24:56,"ntc2_C",-22.3717954861526,2106744
3,2026-09-12 09:24:56,"testSB_C",-21.6803962145859,2047789
4,2026-09-12 09:24:56,"ntc1_C",-21.8698086126558,2065658
4,2026-09-12 09:24:56,"ntc2_C",-21.5942557011719,2037977
4,2026-09-12 09:24:56,"testSB_C",-22.2535193701039,2093032
5,2026-09-12 09:24:56,"ntc1_C",-21.6417026347334,2043062
5,2026-09-12 09:24:56,"ntc2_C",-21.6557950464529,2046291
5,2026-09-12 09:24:56,"testSB_C",-22.2013195674019,2093378
6,2026-09-12 09:24:56,"ntc1_C",-22.66718746113,2128914
6,2026-09-12 09:24:56,"ntc2_C",-22.2866771784335,2099873
6,2026-09-12 09:24:56,"testSB_C",-22.7944632766146,2143194
7,2026-09-12 09:24:56,"ntc1_C",-22.1790976864864,2088614
7,2026-09-12 09:24:56,"ntc2_C",-20.8810912496857,1985577
7,2026-09-12 09:24:56,"testSB_C",-22.2832426924992,2100345
8,2026-09-12 09:24:56,"ntc1_C",-22.1542578929282,2093812
8,2026-09-12 09:24:56,"ntc2_C",-20.6264021760766,1961252
8,2026-09-12 09:24:56,"testSB_C",-20.1921800099017,1923844
9,2026-09-12 09:24:56,"ntc1_C",-21.98679527082,2070812
9,2026-09-12 09:24:56,"ntc2_C",-20.7615290955005,1978545
9,2026-09-12 09:24:56,"testSB_C",-21.2507260265801,2014582
10,2026-09-12 09:24:56,"ntc1_C",-22.1767206377141,2091203
10,2026-09-12 09:24:56,"ntc2_C",-20.5214601319556,1951948
10,2026-09-12 09:24:56,"testSB_C",-21.8380525390486,2059983
11,2026-09-12 09:24:56,"ntc1_C",-21.8638863269629,2065513
11,2026-09-12 09:24:56,"ntc2_C",-21.6483000701215,2047201
11,2026-09-12 09:24:56,"testSB_C",-21.5045831075872,2032591
12,2026-09-12 09:24:56,"ntc1_C",-21.3402505312959,2020912
12,2026-09-12 09:24:56,"ntc2_C",-20.2383603558133,1932066
12,2026-09-12 09:24:56,"testSB_C",-21.7792084534539,2055864
13,2026-09-12 09:24:56,"ntc1_C",-21.2891951174857,2022601
13,2026-09-12 09:24:56,"ntc2_C",-21.0278868990687,1991951
13,2026-09-12 09:24:56,"testSB_C",-21.5511533148098,2037370
14,2026-09-12 09:24:56,"ntc1_C",-21.3491097310875,2018492
14,2026-09-12 09:24:56,"ntc2_C",-20.5153399535439,1956344
14,2026-09-12 09:24:56,"testSB_C",-20.2563257648141,1935960
15,2026-09-12 09:24:56,"ntc1_C",-20.7759045779281,1970768
15,2026-09-12 09:24:56,"ntc2_C",-20.8686444024673,1985490
15,2026-09-12 09:24:56,"testSB_C",-19.7978037439825,1901723
16,2026-09-12 09:24:56,"ntc1_C",-21.7118381610575,2049223
16,2026-09-12 09:24:56,"ntc2_C",-21.0212483623233,1992117
16,2026-09-12 09:24:56,"testSB_C",-21.4088860499586,2023432
17,2026-09-12 09:24:56,"ntc1_C",-20.4348161574454,1946216
17,2026-09-12 09:24:56,"ntc2_C",-20.150163119999,1922759
17,2026-09-12 09:24:56,"testSB_C",-21.5710993818835,2042380
18,2026-09-12 09:24:56,"ntc1_C",-21.5725284918026,2042926
18,2026-09-12 09:24:56,"ntc2_C",-20.8912088170599,1982344
18,2026-09-12 09:24:56,"testSB_C",-21.196725993046,2006836
19,2026-09-12 09:24:56,"ntc1_C",-21.3798134226275,2027169
19,2026-09-12 09:24:56,"ntc2_C",-20.757836846738,1975068
19,2026-09-12 09:24:56,"testSB_C",-20.7936077445646,1980693
20,2026-09-12 09:24:56,"ntc1_C",-20.6506779870531,1965400
20,2026-09-12 09:24:56,"ntc2_C",-19.7190948113336,1895810
20,2026-09-12 09:24:56,"testSB_C",-20.6828132227174,1964993
21,2026-09-12 09:24:56,"ntc1_C",-20.4534216615922,1945222
21,2026-09-12 09:24:56,"ntc2_C",-20.0815884731232,1921449
21,2026-09-12 09:24:56,"testSB_C",-20.9058693823879,1986843
22,2026-09-12 09:24:56,"ntc1_C",-20.9427634550822,1990128
22,2026-09-12 09:24:56,"ntc2_C",-20.3269965046415,1942871
22,2026-09-12 09:24:56,"testSB_C",-21.0791869410224,1997807
23,2026-09-12 09:24:56,"ntc1_C",-20.7528459066951,1978490
23,2026-09-12 09:24:56,"ntc2_C",-20.645013868486,1965434
23,2026-09-12 09:24:56,"testSB_C",-21.3518933845377,2017309
24,2026-09-12 09:24:56,"ntc1_C",-20.9212262854316,1988544
24,2026-09-12 09:24:56,"ntc2_C",-20.6363291371333,1968527
24,2026-09-12 09:24:56,"testSB_C",-20.8687494027806,1979671
1,2026-09-12 12:24:56,"ntc1_C",-18.5720358673156,1803491
1,2026-09-12 12:24:56,"testSB_C",-17.0341941498074,1697725
2,2026-09-12 12:24:56,"ntc1_C",-17.7991673163526,1750387
2,2026-09-12 12:24:56,"ntc2_C",-18.2370043372386,1781256
2,2026-09-12 12:24:56,"testSB_C",-17.1676731668235,1708584
3,2026-09-12 12:24:56,"ntc1_C",-17.7184537317489,1747129
3,2026-09-12 12:24:56,"ntc2_C",-17.3937995426587,1722817
3,2026-09-12 12:24:56,"testSB_C",-18.4612693075528,1798122
4,2026-09-12 12:24:56,"ntc1_C",-17.5011315401806,1731169
4,2026-09-12 12:24:56,"ntc2_C",-17.029797224781,1694235
4,2026-09-12 12:24:56,"testSB_C",-18.0424946761732,1765689
5,2026-09-12 12:24:56,"ntc1_C",-17.5228009877532,1729412
5,2026-09-12 12:24:56,"ntc2_C",-17.6083491661594,1737347
5,2026-09-12 12:24:56,"testSB_C",-18.1835492395477,1779868
6,2026-09-12 12:24:56,"ntc1_C",-17.561580933382,1732492
6,2026-09-12 12:24:56,"ntc2_C",-17.286367963195,1715630
6,2026-09-12 12:24:56,"testSB_C",-18.8288184315438,1826641
7,2026-09-12 12:24:56,"ntc1_C",-17.1242742512769,1702412
7,2026-09-12 12:24:56,"ntc2_C",-16.8771586314057,1688215
7,2026-09-12 12:24:56,"testSB_C",-17.7507524698456,1748969
8,2026-09-12 12:24:56,"ntc1_C",-17.2933976693166,1720330
8,2026-09-12 12:24:56,"ntc2_C",-18.0769125366126,1768959
8,2026-09-12 12:24:56,"testSB_C",-17.0372145617938,1692835
9,2026-09-12 12:24:56,"ntc1_C",-17.5784212552233,1732867
9,2026-09-12 12:24:56,"ntc2_C",-17.1119824708971,1706591
9,2026-09-12 12:24:56,"testSB_C",-18.453251531973,1799143
10,2026-09-12 12:24:56,"ntc1_C",-17.3821341529932,1722935
10,2026-09-12 12:24:56,"ntc2_C",-16.7224764601014,1673348
10,2026-09-12 12:24:56,"testSB_C",-17.3590395601081,1718596
11,2026-09-12 12:24:56,"ntc1_C",-17.5077004021832,1732059
11,2026-09-12 12:24:56,"ntc2_C",-17.1537426856446,1706832
11,2026-09-12 12:24:56,"testSB_C",-17.1090854910774,1701372
12,2026-09-12 12:24:56,"ntc1_C",-16.5228257059217,1662786
12,2026-09-12 12:24:56,"ntc2_C",-16.9048074722153,1687893
12,2026-09-12 12:24:56,"testSB_C",-18.5981474175918,1807978
13,2026-09-12 12:24:56,"ntc1_C",-17.0747354819465,1705469
13,2026-09-12 12:24:56,"ntc2_C",-16.7602037378313,1675606
13,2026-09-12 12:24:56,"testSB_C",-17.1031032827053,1701745
14,2026-09-12 12:24:56,"ntc1_C",-17.0033198065244,1692912
14,2026-09-12 12:24:56,"ntc2_C",-17.2722018017132,1715572
14,2026-09-12 12:24:56,"testSB_C",-16.9846177195183,1695577
15,2026-09-12 12:24:56,"ntc1_C",-17.5076150335139,1726534
15,2026-09-12 12:24:56,"ntc2_C",-16.8761512859584,1688946
15,2026-09-12 12:24:56,"testSB_C",-16.8597075717755,1688088
16,2026-09-12 12:24:56,"ntc1_C",-17.280605658546,1712872
16,2026-09-12 12:24:56,"ntc2_C",-17.0332959379267,1694892
16,2026-09-12 12:24:56,"testSB_C",-16.9113794079862,1686459
17,2026-09-12 12:24:56,"ntc1_C",-17.0376891928632,1695870
17,2026-09-12 12:24:56,"ntc2_C",-16.9989245533015,1692211
17,2026-09-12 12:24:56,"testSB_C",-17.6397532742814,1742227
18,2026-09-12 12:24:56,"ntc1_C",-16.8304862362322,1686322
18,2026-09-12 12:24:56,"ntc2_C",-17.3576536209168,1718263
18,2026-09-12 12:24:56,"testSB_C",-17.2045495826549,1707259
19,2026-09-12 12:24:56,"ntc1_C",-17.1761917434988,1710027
19,2026-09-12 12:24:56,"ntc2_C",-17.1182476839541,1704309
19,2026-09-12 12:24:56,"testSB_C",-16.9635411560436,1695995
20,2026-09-12 12:24:56,"ntc1_C",-17.0100051086309,1695764
20,2026-09-12 12:24:56,"ntc2_C",-16.6308717180051,1672513
20,2026-09-12 12:24:56,"testSB_C",-16.6879670798778,1671209
21,2026-09-12 12:24:56,"ntc1_C",-16.8146750966881,1678580
21,2026-09-12 12:24:56,"ntc2_C",-16.8047358933624,1682369
21,2026-09-12 12:24:56,"testSB_C",-17.2604716791944,1714154
22,2026-09-12 12:24:56,"ntc1_C",-16.9346720096005,1691871
22,2026-09-12 12:24:56,"ntc2_C",-16.650469718062,1673892
22,2026-09-12 12:24:56,"testSB_C",-17.135213251064,1702856
23,2026-09-12 12:24:56,"ntc1_C",-16.9161069885844,1693758
23,2026-09-12 12:24:56,"ntc2_C",-16.5341989526702,1663728
23,2026-09-12 12:24:56,"testSB_C",-16.8641980568888,1682572
24,2026-09-12 12:24:56,"ntc1_C",-16.6275337771885,1670963
24,2026-09-12 12:24:56,"ntc2_C",-16.4087145935263,1658501
24,2026-09-12 12:24:56,"testSB_C",-16.6141808904075,1666163
1,2026-09-12 15:24:56,"ntc1_C",-15.2454736360977,1575206
1,2026-09-12 15:24:56,"testSB_C",-15.0868038226296,1568311
2,2026-09-12 15:24:56,"ntc1_C",-14.8403880603179,1551746
2,2026-09-12 15:24:56,"ntc2_C",-14.879071011823,1553747
2,2026-09-12 15:24:56,"testSB_C",-15.2341366179875,1579361
3,2026-09-12 15:24:56,"ntc1_C",-13.884760204022,1494692
3,2026-09-12 15:24:56,"ntc2_C",-13.7860445058572,1487357
3,2026-09-12 15:24:56,"testSB_C",-13.5069033220325,1469809
4,2026-09-12 15:24:56,"ntc1_C",-13.6674549059062,1480894
4,2026-09-12 15:24:56,"ntc2_C",-13.6164741734374,1474285
4,2026-09-12 15:24:56,"testSB_C",-13.5408952333256,1470000
5,2026-09-12 15:24:56,"ntc1_C",-13.6721552474532,1478286
5,2026-09-12 15:24:56,"ntc2_C",-13.7371125976355,1483967
5,2026-09-12 15:24:56,"testSB_C",-13.5262839013885,1472461
6,2026-09-12 15:24:56,"ntc1_C",-13.7874577380404,1485798
6,2026-09-12 15:24:56,"ntc2_C",-13.7134652601467,1483252
6,2026-09-12 15:24:56,"testSB_C",-13.6376834229065,1478909
7,2026-09-12 15:24:56,"ntc1_C",-13.4979302265174,1468520
7,2026-09-12 15:24:56,"ntc2_C",-13.77695774995,1487850
7,2026-09-12 15:24:56,"testSB_C",-13.7850062276136,1488203
8,2026-09-12 15:24:56,"ntc1_C",-13.5010787425084,1474070
8,2026-09-12 15:24:56,"ntc2_C",-13.4928797262023,1467749
8,2026-09-12 15:24:56,"testSB_C",-13.7428814992548,1480195
9,2026-09-12 15:24:56,"ntc1_C",-13.5256028705784,1469224
9,2026-09-12 15:24:56,"ntc2_C",-13.4693336782062,1471140
9,2026-09-12 15:24:56,"testSB_C",-13.5375535121445,1472803
10,2026-09-12 15:24:56,"ntc1_C",-13.5349972678919,1473110
10,2026-09-12 15:24:56,"ntc2_C",-13.6113337505475,1474092
10,2026-09-12 15:24:56,"testSB_C",-13.6845154543986,1479643
11,2026-09-12 15:24:56,"ntc1_C",-13.6352998669706,1479419
11,2026-09-12 15:24:56,"ntc2_C",-13.4609158039831,1468443
11,2026-09-12 15:24:56,"testSB_C",-13.4301583996292,1464570
12,2026-09-12 15:24:56,"ntc1_C",-13.5505561663378,1473146
12,2026-09-12 15:24:56,"ntc2_C",-13.4350747461907,1465411
12,2026-09-12 15:24:56,"testSB_C",-13.6333941420078,1477183
13,2026-09-12 15:24:56,"ntc1_C",-13.5621531164796,1478133
13,2026-09-12 15:24:56,"ntc2_C",-13.2938499027517,1454801
13,2026-09-12 15:24:56,"testSB_C",-13.4345976877582,1465487
14,2026-09-12 15:24:56,"ntc1_C",-13.2187354108012,1451032
14,2026-09-12 15:24:56,"ntc2_C",-13.4169734175775,1466321
14,2026-09-12 15:24:56,"testSB_C",-13.4330993492173,1467192
15,2026-09-12 15:24:56,"ntc1_C",-13.5258222783989,1468127
15,2026-09-12 15:24:56,"ntc2_C",-13.4390856591156,1468199
15,2026-09-12 15:24:56,"testSB_C",-13.5726579968972,1476490
16,2026-09-12 15:24:56,"ntc1_C",-13.5752215875497,1472858
16,2026-09-12 15:24:56,"ntc2_C",-13.2900431003504,1455037
16,2026-09-12 15:24:56,"testSB_C",-13.3734627807711,1459950
17,2026-09-12 15:24:56,"ntc1_C",-13.2323893253019,1452268
17,2026-09-12 15:24:56,"ntc2_C",-13.4228006728827,1462821
17,2026-09-12 15:24:56,"testSB_C",-13.4731972467654,1470361
18,2026-09-12 15:24:56,"ntc1_C",-13.3802061247823,1465257
18,2026-09-12 15:24:56,"ntc2_C",-13.662844567025,1478370
18,2026-09-12 15:24:56,"testSB_C",-13.4917854420904,1467531
19,2026-09-12 15:24:56,"ntc1_C",-13.4068399953874,1466598
19,2026-09-12 15:24:56,"ntc2_C",-13.5648703637817,1474593
19,2026-09-12 15:24:56,"testSB_C",-13.4831850739805,1471738
20,2026-09-12 15:24:56,"ntc1_C",-13.2890168208942,1457124
20,2026-09-12 15:24:56,"ntc2_C",-13.4859267626348,1471293
20,2026-09-12 15:24:56,"testSB_C",-13.0834582994921,1442836
21,2026-09-12 15:24:56,"ntc1_C",-13.2546579333668,1452017
21,2026-09-12 15:24:56,"ntc2_C",-13.5647115371047,1474302
21,2026-09-12 15:24:56,"testSB_C",-13.5500456615725,1473667
22,2026-09-12 15:24:56,"ntc1_C",-13.2192347360823,1454144
22,2026-09-12 15:24:56,"ntc2_C",-13.2927242059479,1459881
22,2026-09-12 15:24:56,"testSB_C",-13.5964439155891,1474187
23,2026-09-12 15:24:56,"ntc1_C",-13.5941706288019,1479416
23,2026-09-12 15:24:56,"ntc2_C",-13.3112461556108,1458916
23,2026-09-12 15:24:56,"testSB_C",-13.5191485782138,1468400
24,2026-09-12 15:24:56,"ntc1_C",-13.2095670684285,1453643
24,2026-09-12 15:24:56,"ntc2_C",-13.4508782175908,1470158
24,2026-09-12 15:24:56,"testSB_C",-13.3557975686186,1458980
1,2026-09-12 18:24:56,"ntc1_C",-20.9309505378561,1984085
1,2026-09-12 18:24:56,"testSB_C",-21.3301126730997,2020234
2,2026-09-12 18:24:56,"ntc1_C",-20.7413673054403,1971870
2,2026-09-12 18:24:56,"ntc2_C",-19.7060871503178,1890522
2,2026-09-12 18:24:56,"testSB_C",-20.974605079496,1993135
3,2026-09-12 18:24:56,"ntc1_C",-19.4116176964477,1871240
3,2026-09-12 18:24:56,"ntc2_C",-19.1337885729134,1848845
3,2026-09-12 18:24:56,"testSB_C",-18.6878720398616,1814715
4,2026-09-12 18:24:56,"ntc1_C",-19.080845199041,1845754
4,2026-09-12 18:24:56,"ntc2_C",-19.036037967639,1837970
4,2026-09-12 18:24:56,"testSB_C",-18.6094547185079,1806770
5,2026-09-12 18:24:56,"ntc1_C",-18.7216894733463,1815676
5,2026-09-12 18:24:56,"ntc2_C",-18.9919488593017,1837646
5,2026-09-12 18:24:56,"testSB_C",-18.6730564071649,1815557
6,2026-09-12 18:24:56,"ntc1_C",-18.7306586726592,1816611
6,2026-09-12 18:24:56,"ntc2_C",-18.937238575004,1834507
6,2026-09-12 18:24:56,"testSB_C",-18.679451638255,1815619
7,2026-09-12 18:24:56,"ntc1_C",-18.5172451768447,1801514
7,2026-09-12 18:24:56,"ntc2_C",-19.0943680831438,1847235
7,2026-09-12 18:24:56,"testSB_C",-18.7074534951765,1818183
8,2026-09-12 18:24:56,"ntc1_C",-18.5966763063605,1813790
8,2026-09-12 18:24:56,"ntc2_C",-18.4238326329392,1794036
8,2026-09-12 18:24:56,"testSB_C",-18.8963265453147,1825560
9,2026-09-12 18:24:56,"ntc1_C",-18.416774581265,1792842
9,2026-09-12 18:24:56,"ntc2_C",-18.5948373794803,1812524
9,2026-09-12 18:24:56,"testSB_C",-18.44390516742,1798461
10,2026-09-12 18:24:56,"ntc1_C",-18.4256235054884,1797463
10,2026-09-12 18:24:56,"ntc2_C",-18.7815360985841,1819294
10,2026-09-12 18:24:56,"testSB_C",-18.4972074248819,1799892
11,2026-09-12 18:24:56,"ntc1_C",-18.3684485573878,1793630
11,2026-09-12 18:24:56,"ntc2_C",-18.5009325132112,1802791
11,2026-09-12 18:24:56,"testSB_C",-18.2433505347113,1781580
12,2026-09-12 18:24:56,"ntc1_C",-18.7879455754757,1822963
12,2026-09-12 18:24:56,"ntc2_C",-18.443360656333,1796703
12,2026-09-12 18:24:56,"testSB_C",-18.4746816945801,1798948
13,2026-09-12 18:24:56,"ntc1_C",-18.4355455667326,1802332
13,2026-09-12 18:24:56,"ntc2_C",-18.3647032454428,1788498
13,2026-09-12 18:24:56,"testSB_C",-18.2508220313206,1782951
14,2026-09-12 18:24:56,"ntc1_C",-17.9794990220747,1761389
14,2026-09-12 18:24:56,"ntc2_C",-18.3781192640637,1794331
14,2026-09-12 18:24:56,"testSB_C",-18.1524366625921,1777929
15,2026-09-12 18:24:56,"ntc1_C",-18.2102718767761,1776488
15,2026-09-12 18:24:56,"ntc2_C",-18.2826111985026,1788262
15,2026-09-12 18:24:56,"testSB_C",-18.4133713070891,1798041
16,2026-09-12 18:24:56,"ntc1_C",-18.0746692018185,1769026
16,2026-09-12 18:24:56,"ntc2_C",-18.0608915987946,1767177
16,2026-09-12 18:24:56,"testSB_C",-18.0091532508916,1763421
17,2026-09-12 18:24:56,"ntc1_C",-17.9080138113168,1756918
17,2026-09-12 18:24:56,"ntc2_C",-18.0074639141668,1762971
17,2026-09-12 18:24:56,"testSB_C",-17.9190331112778,1762093
18,2026-09-12 18:24:56,"ntc1_C",-17.8918720765291,1760603
18,2026-09-12 18:24:56,"ntc2_C",-18.2389151299155,1780814
18,2026-09-12 18:24:56,"testSB_C",-17.9343161084093,1758648
19,2026-09-12 18:24:56,"ntc1_C",-17.8447424965838,1757109
19,2026-09-12 18:24:56,"ntc2_C",-18.0552772869672,1770438
19,2026-09-12 18:24:56,"testSB_C",-17.9112843805769,1762587
20,2026-09-12 18:24:56,"ntc1_C",-17.5380230437682,1732562
20,2026-09-12 18:24:56,"ntc2_C",-17.9757149710763,1766484
20,2026-09-12 18:24:56,"testSB_C",-17.4138676162,1721278
21,2026-09-12 18:24:56,"ntc1_C",-17.436369910679,1721523
21,2026-09-12 18:24:56,"ntc2_C",-17.9299113968559,1761076
21,2026-09-12 18:24:56,"testSB_C",-17.5307682055895,1733087
22,2026-09-12 18:24:56,"ntc1_C",-17.1958652107167,1709935
22,2026-09-12 18:24:56,"ntc2_C",-17.542140098106,1735663
22,2026-09-12 18:24:56,"testSB_C",-17.3055030760419,1714687
23,2026-09-12 18:24:56,"ntc1_C",-17.2999087372323,1720383
23,2026-09-12 18:24:56,"ntc2_C",-17.2231698132392,1711008
23,2026-09-12 18:24:56,"testSB_C",-17.0223567753551,1693415
24,2026-09-12 18:24:56,"ntc1_C",-16.4902045574316,1661651
24,2026-09-12 18:24:56,"ntc2_C",-16.5290301491439,1666640
24,2026-09-12 18:24:56,"testSB_C",-15.9161045130741,1619489
1,2026-09-12 21:24:56,"ntc1_C",-34.879677289242,3414942
1,2026-09-12 21:24:56,"testSB_C",-35.029842152918,3440022
2,2026-09-12 21:24:56,"ntc1_C",-34.7062128166388,3398315
2,2026-09-12 21:24:56,"ntc2_C",-34.6172943875638,3386173
2,2026-09-12 21:24:56,"testSB_C",-34.7970276191724,3412179
3,2026-09-12 21:24:56,"ntc1_C",-34.6995188335744,3400617
3,2026-09-12 21:24:56,"ntc2_C",-34.6558303919025,3393535
3,2026-09-12 21:24:56,"testSB_C",-34.6278765255878,3387490
4,2026-09-12 21:24:56,"ntc1_C",-34.6600877681321,3395519
4,2026-09-12 21:24:56,"ntc2_C",-34.6659584827686,3388473
4,2026-09-12 21:24:56,"testSB_C",-34.6114637455851,3382064
5,2026-09-12 21:24:56,"ntc1_C",-34.6103447835846,3383936
5,2026-09-12 21:24:56,"ntc2_C",-34.6272614934623,3388434
5,2026-09-12 21:24:56,"testSB_C",-34.5919417345778,3386667
6,2026-09-12 21:24:56,"ntc1_C",-34.5940820891687,3379666
6,2026-09-12 21:24:56,"ntc2_C",-34.6075569517836,3387079
6,2026-09-12 21:24:56,"testSB_C",-34.569342441718,3382609
7,2026-09-12 21:24:56,"ntc1_C",-34.5466544178262,3377178
7,2026-09-12 21:24:56,"ntc2_C",-34.5801496545997,3386306
7,2026-09-12 21:24:56,"testSB_C",-34.5313589557611,3379099
8,2026-09-12 21:24:56,"ntc1_C",-34.50392708521,3381580
8,2026-09-12 21:24:56,"ntc2_C",-34.4960930073042,3368329
8,2026-09-12 21:24:56,"testSB_C",-34.511967914689,3365266
9,2026-09-12 21:24:56,"ntc1_C",-34.452971950336,3361172
9,2026-09-12 21:24:56,"ntc2_C",-34.44594352881,3372903
9,2026-09-12 21:24:56,"testSB_C",-34.4281734363179,3365412
10,2026-09-12 21:24:56,"ntc1_C",-34.3824158899695,3359121
10,2026-09-12 21:24:56,"ntc2_C",-34.3854597302602,3353226
10,2026-09-12 21:24:56,"testSB_C",-34.3014201178018,3346260
11,2026-09-12 21:24:56,"ntc1_C",-34.1829713647167,3335641
11,2026-09-12 21:24:56,"ntc2_C",-34.1779849701952,3334650
11,2026-09-12 21:24:56,"testSB_C",-34.0670535494726,3316656
12,2026-09-12 21:24:56,"ntc1_C",-34.0833512250711,3320984
12,2026-09-12 21:24:56,"ntc2_C",-33.9483246489841,3302700
12,2026-09-12 21:24:56,"testSB_C",-33.8726837634854,3294136
13,2026-09-12 21:24:56,"ntc1_C",-33.8374014990196,3299947
13,2026-09-12 21:24:56,"ntc2_C",-33.7832664349207,3279482
13,2026-09-12 21:24:56,"testSB_C",-33.6690052364318,3269564
14,2026-09-12 21:24:56,"ntc1_C",-33.6154600398787,3259354
14,2026-09-12 21:24:56,"ntc2_C",-33.6027088897102,3264376
14,2026-09-12 21:24:56,"testSB_C",-33.5065407624964,3252328
15,2026-09-12 21:24:56,"ntc1_C",-33.438396645739,3235151
15,2026-09-12 21:24:56,"ntc2_C",-33.4234815362365,3245205
15,2026-09-12 21:24:56,"testSB_C",-33.3742791287125,3239088
16,2026-09-12 21:24:56,"ntc1_C",-33.2607569862059,3218255
16,2026-09-12 21:24:56,"ntc2_C",-33.1983574488972,3209616
16,2026-09-12 21:24:56,"testSB_C",-33.1681083947998,3205900
17,2026-09-12 21:24:56,"ntc1_C",-33.1137052248058,3200226
17,2026-09-12 21:24:56,"ntc2_C",-33.0505480718428,3190176
17,2026-09-12 21:24:56,"testSB_C",-32.9349012569265,3185536
18,2026-09-12 21:24:56,"ntc1_C",-32.9048921181245,3182218
18,2026-09-12 21:24:56,"ntc2_C",-32.8546651635598,3167757
18,2026-09-12 21:24:56,"testSB_C",-32.7589211452584,3157692
19,2026-09-12 21:24:56,"ntc1_C",-32.6710161344635,3155191
19,2026-09-12 21:24:56,"ntc2_C",-32.610820833803,3145116
19,2026-09-12 21:24:56,"testSB_C",-32.515421056427,3138004
20,2026-09-12 21:24:56,"ntc1_C",-32.4197570123346,3121251
20,2026-09-12 21:24:56,"ntc2_C",-32.3782559454505,3120797
20,2026-09-12 21:24:56,"testSB_C",-32.2667947152751,3098388
21,2026-09-12 21:24:56,"ntc1_C",-32.2040135320851,3087797
21,2026-09-12 21:24:56,"ntc2_C",-32.1666896289318,3091907
21,2026-09-12 21:24:56,"testSB_C",-32.0734604275652,3081511
22,2026-09-12 21:24:56,"ntc1_C",-32.0305072604654,3077006
22,2026-09-12 21:24:56,"ntc2_C",-32.0075378574325,3076147
22,2026-09-12 21:24:56,"testSB_C",-31.9400130222677,3061897
23,2026-09-12 21:24:56,"ntc1_C",-31.9200862561341,3068996
23,2026-09-12 21:24:56,"ntc2_C",-31.8811308378635,3058487
23,2026-09-12 21:24:56,"testSB_C",-31.8982987698265,3049845
24,2026-09-12 21:24:56,"ntc1_C",-31.8007023832784,3050837
24,2026-09-12 21:24:56,"ntc2_C",-31.7672029988626,3050682
24,2026-09-12 21:24:56,"testSB_C",-31.7273135613233,3035253
1,2026-09-13 00:24:56,"ntc1_C",-38.5002407534326,3892642
1,2026-09-13 00:24:56,"testSB_C",-38.1138884000117,3846404
2,2026-09-13 00:24:56,"ntc1_C",-37.8127357863,3804736
2,2026-09-13 00:24:56,"ntc2_C",-37.6424972843134,3780608
2,2026-09-13 00:24:56,"testSB_C",-37.6066941973303,3779092
3,2026-09-13 00:24:56,"ntc1_C",-37.4927888320076,3764649
3,2026-09-13 00:24:56,"ntc2_C",-37.3757849199169,3747374
3,2026-09-13 00:24:56,"testSB_C",-37.2730022270395,3730699
4,2026-09-13 00:24:56,"ntc1_C",-37.2302751942563,3729372
4,2026-09-13 00:24:56,"ntc2_C",-37.1499014367025,3710256
4,2026-09-13 00:24:56,"testSB_C",-36.9940327548178,3689887
5,2026-09-13 00:24:56,"ntc1_C",-36.8966904984245,3679197
5,2026-09-13 00:24:56,"ntc2_C",-36.8222955486477,3671684
5,2026-09-13 00:24:56,"testSB_C",-36.6764663145119,3655189
6,2026-09-13 00:24:56,"ntc1_C",-36.6253344389244,3640445
6,2026-09-13 00:24:56,"ntc2_C",-36.5921978598963,3642262
6,2026-09-13 00:24:56,"testSB_C",-36.4619081209297,3625549
7,2026-09-13 00:24:56,"ntc1_C",-36.419359456527,3617375
7,2026-09-13 00:24:56,"ntc2_C",-36.4651601489944,3628526
7,2026-09-13 00:24:56,"testSB_C",-36.3395025537497,3610833
8,2026-09-13 00:24:56,"ntc1_C",-36.3119440326162,3613224
8,2026-09-13 00:24:56,"ntc2_C",-36.2868714585695,3597043
8,2026-09-13 00:24:56,"testSB_C",-36.3247050320179,3596778
9,2026-09-13 00:24:56,"ntc1_C",-36.2218833629996,3586609
9,2026-09-13 00:24:56,"ntc2_C",-36.2372537371684,3601975
9,2026-09-13 00:24:56,"testSB_C",-36.1985366852271,3591385
10,2026-09-13 00:24:56,"ntc1_C",-36.1915470660157,3589747
10,2026-09-13 00:24:56,"ntc2_C",-36.1957313083837,3583857
10,2026-09-13 00:24:56,"testSB_C",-36.1778373629846,3585407
11,2026-09-13 00:24:56,"ntc1_C",-36.1379947290466,3584313
11,2026-09-13 00:24:56,"ntc2_C",-36.1334664532798,3583379
11,2026-09-13 00:24:56,"testSB_C",-36.1208851570255,3577231
12,2026-09-13 00:24:56,"ntc1_C",-36.1033738790436,3577367
12,2026-09-13 00:24:56,"ntc2_C",-36.0889524130797,3573754
12,2026-09-13 00:24:56,"testSB_C",-36.0788107542773,3573350
13,2026-09-13 00:24:56,"ntc1_C",-36.0569827346656,3581292
13,2026-09-13 00:24:56,"ntc2_C",-36.0369105065939,3564097
13,2026-09-13 00:24:56,"testSB_C",-36.0263487833017,3566967
14,2026-09-13 00:24:56,"ntc1_C",-36.0085216123764,3560767
14,2026-09-13 00:24:56,"ntc2_C",-35.9837581180199,3564412
14,2026-09-13 00:24:56,"testSB_C",-36.0146152464508,3567895
15,2026-09-13 00:24:56,"ntc1_C",-35.9902570666498,3555488
15,2026-09-13 00:24:56,"ntc2_C",-35.9903048732135,3568325
15,2026-09-13 00:24:56,"testSB_C",-36.0010825537122,3569416
16,2026-09-13 00:24:56,"ntc1_C",-36.027010556686,3565290
16,2026-09-13 00:24:56,"ntc2_C",-36.0412040608803,3565970
16,2026-09-13 00:24:56,"testSB_C",-36.0306384518524,3564504
17,2026-09-13 00:24:56,"ntc1_C",-36.0436250195677,3567188
17,2026-09-13 00:24:56,"ntc2_C",-36.061393969973,3566693
17,2026-09-13 00:24:56,"testSB_C",-36.075138381704,3578486
18,2026-09-13 00:24:56,"ntc1_C",-36.0772054547497,3578970
18,2026-09-13 00:24:56,"ntc2_C",-36.0704563399482,3568697
18,2026-09-13 00:24:56,"testSB_C",-36.0802556703533,3571805
19,2026-09-13 00:24:56,"ntc1_C",-36.0821148841776,3580873
19,2026-09-13 00:24:56,"ntc2_C",-36.0740223304776,3576547
19,2026-09-13 00:24:56,"testSB_C",-36.0731276945411,3581049
20,2026-09-13 00:24:56,"ntc1_C",-36.060343843147,3573596
20,2026-09-13 00:24:56,"ntc2_C",-36.062675580291,3578735
20,2026-09-13 00:24:56,"testSB_C",-36.0690475067163,3569062
21,2026-09-13 00:24:56,"ntc1_C",-36.0750739438711,3566085
21,2026-09-13 00:24:56,"ntc2_C",-36.11456525669,3580824
21,2026-09-13 00:24:56,"testSB_C",-36.1283170392298,3583025
22,2026-09-13 00:24:56,"ntc1_C",-36.1382781863766,3584868
22,2026-09-13 00:24:56,"ntc2_C",-36.1732707735397,3591238
22,2026-09-13 00:24:56,"testSB_C",-36.1975386939823,3587546
23,2026-09-13 00:24:56,"ntc1_C",-36.2210995405352,3601180
23,2026-09-13 00:24:56,"ntc2_C",-36.231876380301,3596101
23,2026-09-13 00:24:56,"testSB_C",-36.3015454698832,3590534
24,2026-09-13 00:24:56,"ntc1_C",-36.2615114957265,3601975
24,2026-09-13 00:24:56,"ntc2_C",-36.2891448781759,3609716
24,2026-09-13 00:24:56,"testSB_C",-36.2799159883273,3596159
1,2026-09-13 03:24:56,"ntc1_C",-39.1797954146586,3986911
1,2026-09-13 03:24:56,"testSB_C",-39.0782183160171,3979659
2,2026-09-13 03:24:56,"ntc1_C",-38.9839393711877,3965981
2,2026-09-13 03:24:56,"ntc2_C",-38.9495821899888,3960119
2,2026-09-13 03:24:56,"testSB_C",-38.8751529750133,3953022
3,2026-09-13 03:24:56,"ntc1_C",-38.7858494038788,3941659
3,2026-09-13 03:24:56,"ntc2_C",-38.7406861960479,3933926
3,2026-09-13 03:24:56,"testSB_C",-38.7103439500648,3926665
4,2026-09-13 03:24:56,"ntc1_C",-38.6620944620717,3924610
4,2026-09-13 03:24:56,"ntc2_C",-38.6254149617563,3910853
4,2026-09-13 03:24:56,"testSB_C",-38.6247039660248,3911164
5,2026-09-13 03:24:56,"ntc1_C",-38.5792264808112,3907309
5,2026-09-13 03:24:56,"ntc2_C",-38.5302732478717,3902882
5,2026-09-13 03:24:56,"testSB_C",-38.5165423508815,3903931
6,2026-09-13 03:24:56,"ntc1_C",-38.4875675325538,3891257
6,2026-09-13 03:24:56,"ntc2_C",-38.4590825791499,3893938
6,2026-09-13 03:24:56,"testSB_C",-38.460413195547,3894728
7,2026-09-13 03:24:56,"ntc1_C",-38.3974821319428,3883501
7,2026-09-13 03:24:56,"ntc2_C",-38.3661885604701,3884503
7,2026-09-13 03:24:56,"testSB_C",-38.3797115507716,3885094
8,2026-09-13 03:24:56,"ntc1_C",-38.3576981894679,3888094
8,2026-09-13 03:24:56,"ntc2_C",-38.3593238865825,3874711
8,2026-09-13 03:24:56,"testSB_C",-38.3172472440516,3863576
9,2026-09-13 03:24:56,"ntc1_C",-38.3181759418593,3866908
9,2026-09-13 03:24:56,"ntc2_C",-38.2995164271991,3878578
9,2026-09-13 03:24:56,"testSB_C",-38.2902722628526,3871493
10,2026-09-13 03:24:56,"ntc1_C",-38.2729287791877,3868233
10,2026-09-13 03:24:56,"ntc2_C",-38.2367001796013,3856686
10,2026-09-13 03:24:56,"testSB_C",-38.2441894773979,3862097
11,2026-09-13 03:24:56,"ntc1_C",-38.2367421026617,3865166
11,2026-09-13 03:24:56,"ntc2_C",-38.2061404042351,3860660
11,2026-09-13 03:24:56,"testSB_C",-38.2135564319068,3856935
12,2026-09-13 03:24:56,"ntc1_C",-38.1612244482505,3852295
12,2026-09-13 03:24:56,"ntc2_C",-38.1603878687638,3850350
12,2026-09-13 03:24:56,"testSB_C",-38.1467744013786,3849592
13,2026-09-13 03:24:56,"ntc1_C",-38.099242723785,3854473
13,2026-09-13 03:24:56,"ntc2_C",-38.0823157234347,3836906
13,2026-09-13 03:24:56,"testSB_C",-38.0750987362348,3840314
14,2026-09-13 03:24:56,"ntc1_C",-38.0397377441692,3831452
14,2026-09-13 03:24:56,"ntc2_C",-38.0110968384592,3834604
14,2026-09-13 03:24:56,"testSB_C",-38.0257814536824,3835869
15,2026-09-13 03:24:56,"ntc1_C",-37.9765799130606,3819745
15,2026-09-13 03:24:56,"ntc2_C",-37.9385984832116,3828115
15,2026-09-13 03:24:56,"testSB_C",-37.935019517033,3827165
16,2026-09-13 03:24:56,"ntc1_C",-37.9125966992571,3816355
16,2026-09-13 03:24:56,"ntc2_C",-37.910951421019,3814922
16,2026-09-13 03:24:56,"testSB_C",-37.8863455096568,3811464
17,2026-09-13 03:24:56,"ntc1_C",-37.8766781194286,3811253
17,2026-09-13 03:24:56,"ntc2_C",-37.8578077683443,3805668
17,2026-09-13 03:24:56,"testSB_C",-37.8586567018365,3816211
18,2026-09-13 03:24:56,"ntc1_C",-37.8369060019551,3813429
18,2026-09-13 03:24:56,"ntc2_C",-37.8008139019043,3798621
18,2026-09-13 03:24:56,"testSB_C",-37.8045120175891,3801221
19,2026-09-13 03:24:56,"ntc1_C",-37.7858243676508,3807963
19,2026-09-13 03:24:56,"ntc2_C",-37.7660372297597,3801822
19,2026-09-13 03:24:56,"testSB_C",-37.7597014980222,3805764
20,2026-09-13 03:24:56,"ntc1_C",-37.7362530042761,3796674
20,2026-09-13 03:24:56,"ntc2_C",-37.7026010084398,3797100
20,2026-09-13 03:24:56,"testSB_C",-37.7309523168943,3789892
21,2026-09-13 03:24:56,"ntc1_C",-37.7186747514534,3784259
21,2026-09-13 03:24:56,"ntc2_C",-37.6773085072356,3788691
21,2026-09-13 03:24:56,"testSB_C",-37.718553877348,3794614
22,2026-09-13 03:24:56,"ntc1_C",-37.6935072904457,3791762
22,2026-09-13 03:24:56,"ntc2_C",-37.6690898122194,3790225
22,2026-09-13 03:24:56,"testSB_C",-37.6775864103518,3784378
23,2026-09-13 03:24:56,"ntc1_C",-37.6526428104371,3791957
23,2026-09-13 03:24:56,"ntc2_C",-37.642352140699,3783923
23,2026-09-13 03:24:56,"testSB_C",-37.7388867675268,3780728
24,2026-09-13 03:24:56,"ntc1_C",-37.6441337242727,3786267
24,2026-09-13 03:24:56,"ntc2_C",-37.6259841532546,3788030
24,2026-09-13 03:24:56,"testSB_C",-37.6281926130829,3775535
1,2026-09-13 06:24:56,"ntc1_C",-36.743621309953,3655598
1,2026-09-13 06:24:56,"testSB_C",-36.8078405079781,3670555
2,2026-09-13 06:24:56,"ntc1_C",-36.7521204833346,3662441
2,2026-09-13 06:24:56,"ntc2_C",-36.8031543050833,3668176
2,2026-09-13 06:24:56,"testSB_C",-36.7636260911386,3666296
3,2026-09-13 06:24:56,"ntc1_C",-36.6616729280176,3653669
3,2026-09-13 06:24:56,"ntc2_C",-36.614546321144,3645900
3,2026-09-13 06:24:56,"testSB_C",-36.5984412133237,3640994
4,2026-09-13 06:24:56,"ntc1_C",-36.6299070042035,3649448
4,2026-09-13 06:24:56,"ntc2_C",-36.6460627806944,3643348
4,2026-09-13 06:24:56,"testSB_C",-36.599675770497,3637648
5,2026-09-13 06:24:56,"ntc1_C",-36.5783632039995,3637057
5,2026-09-13 06:24:56,"ntc2_C",-36.5666019056414,3637874
5,2026-09-13 06:24:56,"testSB_C",-36.5322260086726,3636148
6,2026-09-13 06:24:56,"ntc1_C",-36.5313107516829,3628075
6,2026-09-13 06:24:56,"ntc2_C",-36.5204461507429,3632811
6,2026-09-13 06:24:56,"testSB_C",-36.5589351974335,3638322
7,2026-09-13 06:24:56,"ntc1_C",-36.5111734736415,3629449
7,2026-09-13 06:24:56,"ntc2_C",-36.551857993772,3639948
7,2026-09-13 06:24:56,"testSB_C",-36.5260797583799,3635359
8,2026-09-13 06:24:56,"ntc1_C",-36.5239341224537,3641087
8,2026-09-13 06:24:56,"ntc2_C",-36.5598786613516,3632836
8,2026-09-13 06:24:56,"testSB_C",-36.552991121468,3626700
9,2026-09-13 06:24:56,"ntc1_C",-36.562080014206,3631143
9,2026-09-13 06:24:56,"ntc2_C",-36.5579861177403,3644102
9,2026-09-13 06:24:56,"testSB_C",-36.5534381090669,3637925
10,2026-09-13 06:24:56,"ntc1_C",-36.5482023076582,3636483
10,2026-09-13 06:24:56,"ntc2_C",-36.5593545013839,3631486
10,2026-09-13 06:24:56,"testSB_C",-36.5350152055893,3632250
11,2026-09-13 06:24:56,"ntc1_C",-36.5251531677148,3635057
11,2026-09-13 06:24:56,"ntc2_C",-36.4970163044282,3631015
11,2026-09-13 06:24:56,"testSB_C",-36.49280473519,3625911
12,2026-09-13 06:24:56,"ntc1_C",-36.4684426356463,3625144
12,2026-09-13 06:24:56,"ntc2_C",-36.4353391053676,3619043
12,2026-09-13 06:24:56,"testSB_C",-36.4295362549938,3619228
13,2026-09-13 06:24:56,"ntc1_C",-36.3830868906005,3624008
13,2026-09-13 06:24:56,"ntc2_C",-36.3703836542677,3607649
13,2026-09-13 06:24:56,"testSB_C",-36.3676814150279,3611564
14,2026-09-13 06:24:56,"ntc1_C",-36.3257626200028,3602160
14,2026-09-13 06:24:56,"ntc2_C",-36.306317012086,3606510
14,2026-09-13 06:24:56,"testSB_C",-36.3460844861233,3611163
15,2026-09-13 06:24:56,"ntc1_C",-36.2838649055861,3593741
15,2026-09-13 06:24:56,"ntc2_C",-36.2613962189074,3603735
15,2026-09-13 06:24:56,"testSB_C",-36.2639544625424,3603739
16,2026-09-13 06:24:56,"ntc1_C",-36.2445140155492,3593661
16,2026-09-13 06:24:56,"ntc2_C",-36.2192185827658,3589183
16,2026-09-13 06:24:56,"testSB_C",-36.20274897941,3586938
17,2026-09-13 06:24:56,"ntc1_C",-36.1984173178056,3587375
17,2026-09-13 06:24:56,"ntc2_C",-36.1917700755803,3583683
17,2026-09-13 06:24:56,"testSB_C",-36.2070073252976,3595709
18,2026-09-13 06:24:56,"ntc1_C",-36.1843038224754,3592952
18,2026-09-13 06:24:56,"ntc2_C",-36.1428328882089,3578119
18,2026-09-13 06:24:56,"testSB_C",-36.1503834512372,3580947
19,2026-09-13 06:24:56,"ntc1_C",-36.1270340135992,3586739
19,2026-09-13 06:24:56,"ntc2_C",-36.1077696108511,3580949
19,2026-09-13 06:24:56,"testSB_C",-36.1045341715867,3585149
20,2026-09-13 06:24:56,"ntc1_C",-36.0862150050977,3576970
20,2026-09-13 06:24:56,"ntc2_C",-36.0550415576106,3577739
20,2026-09-13 06:24:56,"testSB_C",-36.0768902581836,3570083
21,2026-09-13 06:24:56,"ntc1_C",-36.0580474194283,3563871
21,2026-09-13 06:24:56,"ntc2_C",-36.0210694375535,3568640
21,2026-09-13 06:24:56,"testSB_C",-36.0599153048905,3574108
22,2026-09-13 06:24:56,"ntc1_C",-36.0373840741432,3571717
22,2026-09-13 06:24:56,"ntc2_C",-35.9974516826053,3568325
22,2026-09-13 06:24:56,"testSB_C",-36.0293697057475,3565631
23,2026-09-13 06:24:56,"ntc1_C",-35.9994334531829,3572235
23,2026-09-13 06:24:56,"ntc2_C",-35.9682837057995,3561719
23,2026-09-13 06:24:56,"testSB_C",-36.0543550195035,3558488
24,2026-09-13 06:24:56,"ntc1_C",-35.9603187591995,3562655
24,2026-09-13 06:24:56,"ntc2_C",-35.9329365210876,3563185
24,2026-09-13 06:24:56,"testSB_C",-35.9099533395884,3547975
1,2026-09-13 09:24:56,"ntc1_C",-28.3269233432721,2661904
1,2026-09-13 09:24:56,"testSB_C",-28.4188467514421,2676423
2,2026-09-13 09:24:56,"ntc1_C",-28.2856862173727,2661521
2,2026-09-13 09:24:56,"ntc2_C",-28.2814215564511,2660272
2,2026-09-13 09:24:56,"testSB_C",-27.8952840658038,2623900
3,2026-09-13 09:24:56,"ntc1_C",-25.6830312623998,2405611
3,2026-09-13 09:24:56,"ntc2_C",-26.0981643538031,2443776
3,2026-09-13 09:24:56,"testSB_C",-26.329312917098,2464525
4,2026-09-13 09:24:56,"ntc1_C",-25.7121078892996,2407875
4,2026-09-13 09:24:56,"ntc2_C",-25.654967837839,2396688
4,2026-09-13 09:24:56,"testSB_C",-26.3983460138982,2468484
5,2026-09-13 09:24:56,"ntc1_C",-26.5136058872244,2480961
5,2026-09-13 09:24:56,"ntc2_C",-26.0298707878908,2436273
5,2026-09-13 09:24:56,"testSB_C",-26.2513043357422,2459685
6,2026-09-13 09:24:56,"ntc1_C",-26.5924493742118,2488107
6,2026-09-13 09:24:56,"ntc2_C",-26.0292141824253,2437371
6,2026-09-13 09:24:56,"testSB_C",-26.5456627549354,2487628
7,2026-09-13 09:24:56,"ntc1_C",-26.2174902059071,2453188
7,2026-09-13 09:24:56,"ntc2_C",-25.5040133860063,2388787
7,2026-09-13 09:24:56,"testSB_C",-26.4911042303321,2483092
8,2026-09-13 09:24:56,"ntc1_C",-26.5380708374314,2492682
8,2026-09-13 09:24:56,"ntc2_C",-26.334373618588,2463292
8,2026-09-13 09:24:56,"testSB_C",-25.8186613292035,2409625
9,2026-09-13 09:24:56,"ntc1_C",-26.4077042957734,2469290
9,2026-09-13 09:24:56,"ntc2_C",-25.9679954325114,2436021
9,2026-09-13 09:24:56,"testSB_C",-26.4396693922413,2477681
10,2026-09-13 09:24:56,"ntc1_C",-26.3318994485986,2467148
10,2026-09-13 09:24:56,"ntc2_C",-25.6918237153564,2400380
10,2026-09-13 09:24:56,"testSB_C",-26.5298747475639,2483336
11,2026-09-13 09:24:56,"ntc1_C",-26.7422831208445,2507934
11,2026-09-13 09:24:56,"ntc2_C",-26.0610122511972,2441051
11,2026-09-13 09:24:56,"testSB_C",-26.3875302383243,2469338
12,2026-09-13 09:24:56,"ntc1_C",-25.6110902260105,2396678
12,2026-09-13 09:24:56,"ntc2_C",-25.9567837362567,2428380
12,2026-09-13 09:24:56,"testSB_C",-26.4474856199745,2476096
13,2026-09-13 09:24:56,"ntc1_C",-26.3325982343446,2473013
13,2026-09-13 09:24:56,"ntc2_C",-25.8648863412373,2416726
13,2026-09-13 09:24:56,"testSB_C",-26.2643459536777,2458575
14,2026-09-13 09:24:56,"ntc1_C",-26.2500807814488,2454286
14,2026-09-13 09:24:56,"ntc2_C",-25.8419455784811,2420455
14,2026-09-13 09:24:56,"testSB_C",-26.2303747962787,2457789
15,2026-09-13 09:24:56,"ntc1_C",-26.3832913599865,2465151
15,2026-09-13 09:24:56,"ntc2_C",-25.7779699279697,2415925
15,2026-09-13 09:24:56,"testSB_C",-25.8050722020577,2418683
16,2026-09-13 09:24:56,"ntc1_C",-26.4903503253388,2479055
16,2026-09-13 09:24:56,"ntc2_C",-26.2895387119902,2458511
16,2026-09-13 09:24:56,"testSB_C",-26.4357854915183,2472686
17,2026-09-13 09:24:56,"ntc1_C",-26.2772142929666,2458022
17,2026-09-13 09:24:56,"ntc2_C",-26.2224325018636,2450979
17,2026-09-13 09:24:56,"testSB_C",-26.6186737796162,2497100
18,2026-09-13 09:24:56,"ntc1_C",-26.3752378800076,2473653
18,2026-09-13 09:24:56,"ntc2_C",-26.0720450175848,2437678
18,2026-09-13 09:24:56,"testSB_C",-26.3940366398367,2469312
19,2026-09-13 09:24:56,"ntc1_C",-26.5021133704197,2486368
19,2026-09-13 09:24:56,"ntc2_C",-26.3747649720304,2471566
19,2026-09-13 09:24:56,"testSB_C",-26.2684321057005,2464639
20,2026-09-13 09:24:56,"ntc1_C",-26.4402641224529,2476706
20,2026-09-13 09:24:56,"ntc2_C",-25.8388112616709,2422269
20,2026-09-13 09:24:56,"testSB_C",-26.2623243916438,2455622
21,2026-09-13 09:24:56,"ntc1_C",-26.4863156545602,2474980
21,2026-09-13 09:24:56,"ntc2_C",-25.8525071759073,2420531
21,2026-09-13 09:24:56,"testSB_C",-26.7977442733799,2512953
22,2026-09-13 09:24:56,"ntc1_C",-26.4853394541717,2482661
22,2026-09-13 09:24:56,"ntc2_C",-25.8884829711278,2426600
22,2026-09-13 09:24:56,"testSB_C",-26.7342458167603,2503163
23,2026-09-13 09:24:56,"ntc1_C",-26.4327587911844,2481683
23,2026-09-13 09:24:56,"ntc2_C",-25.9638824884541,2431020
23,2026-09-13 09:24:56,"testSB_C",-26.6941185698541,2494817
24,2026-09-13 09:24:56,"ntc1_C",-26.6096421842982,2495117
24,2026-09-13 09:24:56,"ntc2_C",-26.2003315963045,2458386
24,2026-09-13 09:24:56,"testSB_C",-26.4214252189756,2470849
1,2026-09-13 12:24:56,"ntc1_C",-17.802504676095,1748015
1,2026-09-13 12:24:56,"testSB_C",-17.4691235826279,1728007
2,2026-09-13 12:24:56,"ntc1_C",-18.1477692781049,1775343
2,2026-09-13 12:24:56,"ntc2_C",-17.9313745807756,1759290
2,2026-09-13 12:24:56,"testSB_C",-17.5931153132101,1738357
3,2026-09-13 12:24:56,"ntc1_C",-16.6288780246015,1671460
3,2026-09-13 12:24:56,"ntc2_C",-16.4835624048903,1660206
3,2026-09-13 12:24:56,"testSB_C",-17.4229779890007,1723924
4,2026-09-13 12:24:56,"ntc1_C",-16.5186790223281,1663373
4,2026-09-13 12:24:56,"ntc2_C",-16.0913645946444,1630766
4,2026-09-13 12:24:56,"testSB_C",-17.1271420506285,1701241
5,2026-09-13 12:24:56,"ntc1_C",-16.4495117889169,1655528
5,2026-09-13 12:24:56,"ntc2_C",-16.3644188563103,1651664
5,2026-09-13 12:24:56,"testSB_C",-17.1580174539488,1707256
6,2026-09-13 12:24:56,"ntc1_C",-16.5723635960726,1664238
6,2026-09-13 12:24:56,"ntc2_C",-16.4231594136015,1656444
6,2026-09-13 12:24:56,"testSB_C",-17.6814078788363,1743578
7,2026-09-13 12:24:56,"ntc1_C",-16.3062781962263,1646678
7,2026-09-13 12:24:56,"ntc2_C",-16.0071657748348,1629479
7,2026-09-13 12:24:56,"testSB_C",-16.674707393704,1674133
8,2026-09-13 12:24:56,"ntc1_C",-16.4534764993878,1662561
8,2026-09-13 12:24:56,"ntc2_C",-16.9889762657159,1692471
8,2026-09-13 12:24:56,"testSB_C",-16.0437142956063,1625757
9,2026-09-13 12:24:56,"ntc1_C",-16.6244965736777,1666961
9,2026-09-13 12:24:56,"ntc2_C",-16.0633493669874,1635291
9,2026-09-13 12:24:56,"testSB_C",-17.2524688562937,1713511
10,2026-09-13 12:24:56,"ntc1_C",-16.3119998115,1649585
10,2026-09-13 12:24:56,"ntc2_C",-15.9799460870472,1623532
10,2026-09-13 12:24:56,"testSB_C",-16.4143062061357,1653803
11,2026-09-13 12:24:56,"ntc1_C",-16.5041026410511,1662827
11,2026-09-13 12:24:56,"ntc2_C",-16.231117749088,1643964
11,2026-09-13 12:24:56,"testSB_C",-16.2255587346511,1641311
12,2026-09-13 12:24:56,"ntc1_C",-15.7818018204803,1613390
12,2026-09-13 12:24:56,"ntc2_C",-15.9782656946011,1625453
12,2026-09-13 12:24:56,"testSB_C",-17.4692926958206,1726999
13,2026-09-13 12:24:56,"ntc1_C",-16.0698395708963,1637170
13,2026-09-13 12:24:56,"ntc2_C",-15.7532880515333,1608299
13,2026-09-13 12:24:56,"testSB_C",-16.089039391601,1632964
14,2026-09-13 12:24:56,"ntc1_C",-16.0817209172062,1630621
14,2026-09-13 12:24:56,"ntc2_C",-16.2615270082568,1646506
14,2026-09-13 12:24:56,"testSB_C",-16.1199383840565,1636977
15,2026-09-13 12:24:56,"ntc1_C",-16.3997109579327,1650499
15,2026-09-13 12:24:56,"ntc2_C",-15.9171422203962,1624293
15,2026-09-13 12:24:56,"testSB_C",-15.8700147697249,1621450
16,2026-09-13 12:24:56,"ntc1_C",-16.2977843838933,1645739
16,2026-09-13 12:24:56,"ntc2_C",-16.0100162619523,1625743
16,2026-09-13 12:24:56,"testSB_C",-16.1471688744277,1634802
17,2026-09-13 12:24:56,"ntc1_C",-15.9592472071055,1623054
17,2026-09-13 12:24:56,"ntc2_C",-16.0092006111263,1625434
17,2026-09-13 12:24:56,"testSB_C",-16.4444478908212,1659603
18,2026-09-13 12:24:56,"ntc1_C",-16.0526977368057,1633814
18,2026-09-13 12:24:56,"ntc2_C",-16.3130503080312,1646849
18,2026-09-13 12:24:56,"testSB_C",-16.0787772041438,1630806
19,2026-09-13 12:24:56,"ntc1_C",-16.0833302342398,1635666
19,2026-09-13 12:24:56,"ntc2_C",-16.0654990885257,1632847
19,2026-09-13 12:24:56,"testSB_C",-15.9924632091302,1630278
20,2026-09-13 12:24:56,"ntc1_C",-15.9828478557769,1626327
20,2026-09-13 12:24:56,"ntc2_C",-15.7330116700819,1612478
20,2026-09-13 12:24:56,"testSB_C",-15.760780573019,1609299
21,2026-09-13 12:24:56,"ntc1_C",-16.0187420079855,1625109
21,2026-09-13 12:24:56,"ntc2_C",-15.8324740818555,1617098
21,2026-09-13 12:24:56,"testSB_C",-16.3116968743499,1649259
22,2026-09-13 12:24:56,"ntc1_C",-16.0140561140726,1629658
22,2026-09-13 12:24:56,"ntc2_C",-15.580460217875,1602566
22,2026-09-13 12:24:56,"testSB_C",-16.2597077488642,1643261
23,2026-09-13 12:24:56,"ntc1_C",-16.1209578953369,1639855
23,2026-09-13 12:24:56,"ntc2_C",-15.6598510612156,1605543
23,2026-09-13 12:24:56,"testSB_C",-16.1117470548885,1631895
24,2026-09-13 12:24:56,"ntc1_C",-15.9169461119584,1623319
24,2026-09-13 12:24:56,"ntc2_C",-15.9093233638553,1625128
24,2026-09-13 12:24:56,"testSB_C",-16.0044344470815,1625324
1,2026-09-13 15:24:56,"ntc1_C",-13.8106652833029,1485644
1,2026-09-13 15:24:56,"testSB_C",-13.9350975337097,1496357
2,2026-09-13 15:24:56,"ntc1_C",-13.9028751381122,1493518
2,2026-09-13 15:24:56,"ntc2_C",-13.5322810633699,1470680
2,2026-09-13 15:24:56,"testSB_C",-13.6564521949242,1481027
3,2026-09-13 15:24:56,"ntc1_C",-12.8859295917973,1435017
3,2026-09-13 15:24:56,"ntc2_C",-12.8650997484831,1432494
3,2026-09-13 15:24:56,"testSB_C",-12.6666128229802,1420277
4,2026-09-13 15:24:56,"ntc1_C",-12.8601259990417,1432900
4,2026-09-13 15:24:56,"ntc2_C",-12.8570073492379,1429300
4,2026-09-13 15:24:56,"testSB_C",-12.6735617630982,1418886
5,2026-09-13 15:24:56,"ntc1_C",-12.7680584403475,1424720
5,2026-09-13 15:24:56,"ntc2_C",-12.8525859175145,1431367
5,2026-09-13 15:24:56,"testSB_C",-12.5906866081004,1417303
6,2026-09-13 15:24:56,"ntc1_C",-12.8920530006406,1432522
6,2026-09-13 15:24:56,"ntc2_C",-12.898533495141,1434736
6,2026-09-13 15:24:56,"testSB_C",-12.699303610279,1423362
7,2026-09-13 15:24:56,"ntc1_C",-12.6065741642255,1416046
7,2026-09-13 15:24:56,"ntc2_C",-12.9246296025084,1436982
7,2026-09-13 15:24:56,"testSB_C",-12.7189700106918,1424865
8,2026-09-13 15:24:56,"ntc1_C",-12.7602343078433,1430169
8,2026-09-13 15:24:56,"ntc2_C",-12.5902322651323,1414662
8,2026-09-13 15:24:56,"testSB_C",-12.8171701748925,1425318
9,2026-09-13 15:24:56,"ntc1_C",-12.6555386768827,1417981
9,2026-09-13 15:24:56,"ntc2_C",-12.5509755323157,1417004
9,2026-09-13 15:24:56,"testSB_C",-12.6625838726848,1421128
10,2026-09-13 15:24:56,"ntc1_C",-12.5847131248741,1417094
10,2026-09-13 15:24:56,"ntc2_C",-12.7514248195545,1423260
10,2026-09-13 15:24:56,"testSB_C",-12.7597632825362,1424837
11,2026-09-13 15:24:56,"ntc1_C",-12.7058434901272,1424378
11,2026-09-13 15:24:56,"ntc2_C",-12.5973984605124,1417602
11,2026-09-13 15:24:56,"testSB_C",-12.6174395800295,1416799
12,2026-09-13 15:24:56,"ntc1_C",-12.757450362176,1426246
12,2026-09-13 15:24:56,"ntc2_C",-12.5939817748114,1415978
12,2026-09-13 15:24:56,"testSB_C",-12.709803127115,1422543
13,2026-09-13 15:24:56,"ntc1_C",-12.6426090960277,1423709
13,2026-09-13 15:24:56,"ntc2_C",-12.4368294911887,1404784
13,2026-09-13 15:24:56,"testSB_C",-12.5433728380168,1413143
14,2026-09-13 15:24:56,"ntc1_C",-12.3649521871404,1401357
14,2026-09-13 15:24:56,"ntc2_C",-12.5459833351549,1415137
14,2026-09-13 15:24:56,"testSB_C",-12.6330668520995,1420073
15,2026-09-13 15:24:56,"ntc1_C",-12.6153025739425,1414598
15,2026-09-13 15:24:56,"ntc2_C",-12.6254352845064,1420244
15,2026-09-13 15:24:56,"testSB_C",-12.7020584828951,1424956
16,2026-09-13 15:24:56,"ntc1_C",-12.6949635858207,1420883
16,2026-09-13 15:24:56,"ntc2_C",-12.4213700316837,1404338
16,2026-09-13 15:24:56,"testSB_C",-12.5134665118402,1409578
17,2026-09-13 15:24:56,"ntc1_C",-12.3572293711882,1401309
17,2026-09-13 15:24:56,"ntc2_C",-12.5221163242297,1410044
17,2026-09-13 15:24:56,"testSB_C",-12.5189091109942,1414211
18,2026-09-13 15:24:56,"ntc1_C",-12.4662844053992,1411641
18,2026-09-13 15:24:56,"ntc2_C",-12.7700209661668,1425522
18,2026-09-13 15:24:56,"testSB_C",-12.5841429295174,1414150
19,2026-09-13 15:24:56,"ntc1_C",-12.5156867954937,1414220
19,2026-09-13 15:24:56,"ntc2_C",-12.670976050868,1421767
19,2026-09-13 15:24:56,"testSB_C",-12.5796006102873,1418449
20,2026-09-13 15:24:56,"ntc1_C",-12.3869586511208,1404440
20,2026-09-13 15:24:56,"ntc2_C",-12.6277217367111,1420648
20,2026-09-13 15:24:56,"testSB_C",-12.2510316976191,1394633
21,2026-09-13 15:24:56,"ntc1_C",-12.4197961934365,1403408
21,2026-09-13 15:24:56,"ntc2_C",-12.7529311692414,1426265
21,2026-09-13 15:24:56,"testSB_C",-12.6708527925836,1421726
22,2026-09-13 15:24:56,"ntc1_C",-12.3798674734621,1405170
22,2026-09-13 15:24:56,"ntc2_C",-12.4241853808564,1409059
22,2026-09-13 15:24:56,"testSB_C",-12.7455121767628,1423867
23,2026-09-13 15:24:56,"ntc1_C",-12.7815423073571,1431177
23,2026-09-13 15:24:56,"ntc2_C",-12.4859712411812,1410596
23,2026-09-13 15:24:56,"testSB_C",-12.6686469076624,1418358
24,2026-09-13 15:24:56,"ntc1_C",-12.3549202304027,1403806
24,2026-09-13 15:24:56,"ntc2_C",-12.6554860211956,1423208
24,2026-09-13 15:24:56,"testSB_C",-12.5234020414939,1410256
1,2026-09-13 18:24:56,"ntc1_C",-16.5749791818334,1662887
1,2026-09-13 18:24:56,"testSB_C",-16.606808633263,1668466
2,2026-09-13 18:24:56,"ntc1_C",-16.2637220122323,1644415
2,2026-09-13 18:24:56,"ntc2_C",-15.8716425325125,1617892
2,2026-09-13 18:24:56,"testSB_C",-16.2304445554318,1644717
3,2026-09-13 18:24:56,"ntc1_C",-15.7282347412168,1611308
3,2026-09-13 18:24:56,"ntc2_C",-15.496560594075,1594801
3,2026-09-13 18:24:56,"testSB_C",-15.1401207410744,1571007
4,2026-09-13 18:24:56,"ntc1_C",-15.5213104331127,1597175
4,2026-09-13 18:24:56,"ntc2_C",-15.5064981565157,1592382
4,2026-09-13 18:24:56,"testSB_C",-15.030336904865,1562051
5,2026-09-13 18:24:56,"ntc1_C",-15.1182690090392,1568123
5,2026-09-13 18:24:56,"ntc2_C",-15.3705311431061,1586155
5,2026-09-13 18:24:56,"testSB_C",-15.0244803641629,1565231
6,2026-09-13 18:24:56,"ntc1_C",-15.1375445046813,1569838
6,2026-09-13 18:24:56,"ntc2_C",-15.3616399534554,1586364
6,2026-09-13 18:24:56,"testSB_C",-15.0039920416741,1563630
7,2026-09-13 18:24:56,"ntc1_C",-14.9280502555471,1556750
7,2026-09-13 18:24:56,"ntc2_C",-15.5026345935267,1596329
7,2026-09-13 18:24:56,"testSB_C",-14.9512462006328,1560678
8,2026-09-13 18:24:56,"ntc1_C",-14.9675608503505,1564926
8,2026-09-13 18:24:56,"ntc2_C",-14.8085029478797,1548666
8,2026-09-13 18:24:56,"testSB_C",-15.2678404694468,1575172
9,2026-09-13 18:24:56,"ntc1_C",-14.7913971354913,1547055
9,2026-09-13 18:24:56,"ntc2_C",-14.9531082375931,1562950
9,2026-09-13 18:24:56,"testSB_C",-14.8547144682313,1554110
10,2026-09-13 18:24:56,"ntc1_C",-14.7773736242137,1549652
10,2026-09-13 18:24:56,"ntc2_C",-15.1813870829581,1571564
10,2026-09-13 18:24:56,"testSB_C",-14.9339926355158,1557011
11,2026-09-13 18:24:56,"ntc1_C",-14.7305076223632,1546975
11,2026-09-13 18:24:56,"ntc2_C",-14.9257214113921,1558835
11,2026-09-13 18:24:56,"testSB_C",-14.7187811500073,1543597
12,2026-09-13 18:24:56,"ntc1_C",-15.2202820986097,1576912
12,2026-09-13 18:24:56,"ntc2_C",-14.8687729508125,1553631
12,2026-09-13 18:24:56,"testSB_C",-14.8843494259721,1554506
13,2026-09-13 18:24:56,"ntc1_C",-14.8213770254206,1556005
13,2026-09-13 18:24:56,"ntc2_C",-14.7738967266534,1545358
13,2026-09-13 18:24:56,"testSB_C",-14.6741241616331,1541486
14,2026-09-13 18:24:56,"ntc1_C",-14.447978948951,1525628
14,2026-09-13 18:24:56,"ntc2_C",-14.8248407999612,1552947
14,2026-09-13 18:24:56,"testSB_C",-14.6882465027709,1544244
15,2026-09-13 18:24:56,"ntc1_C",-14.6525947914824,1537148
15,2026-09-13 18:24:56,"ntc2_C",-14.8121195948497,1552775
15,2026-09-13 18:24:56,"testSB_C",-14.9190741683707,1559831
16,2026-09-13 18:24:56,"ntc1_C",-14.6095844409972,1536336
16,2026-09-13 18:24:56,"ntc2_C",-14.5380850841188,1531062
16,2026-09-13 18:24:56,"testSB_C",-14.5201037766135,1529890
17,2026-09-13 18:24:56,"ntc1_C",-14.4057661005531,1523480
17,2026-09-13 18:24:56,"ntc2_C",-14.5216113081534,1529858
17,2026-09-13 18:24:56,"testSB_C",-14.407710390775,1527481
18,2026-09-13 18:24:56,"ntc1_C",-14.4253031326793,1529039
18,2026-09-13 18:24:56,"ntc2_C",-14.82450152899,1550034
18,2026-09-13 18:24:56,"testSB_C",-14.554582657481,1532572
19,2026-09-13 18:24:56,"ntc1_C",-14.4879734980378,1532722
19,2026-09-13 18:24:56,"ntc2_C",-14.7171812234661,1545558
19,2026-09-13 18:24:56,"testSB_C",-14.6141572647647,1541231
20,2026-09-13 18:24:56,"ntc1_C",-14.2909971945544,1517939
20,2026-09-13 18:24:56,"ntc2_C",-14.8260587631709,1553964
20,2026-09-13 18:24:56,"testSB_C",-14.2830992184996,1515220
21,2026-09-13 18:24:56,"ntc1_C",-14.3250886302863,1516788
21,2026-09-13 18:24:56,"ntc2_C",-14.8782126840044,1555431
21,2026-09-13 18:24:56,"testSB_C",-14.4524902410787,1528931
22,2026-09-13 18:24:56,"ntc1_C",-14.1934629449618,1513109
22,2026-09-13 18:24:56,"ntc2_C",-14.5957203215814,1539544
22,2026-09-13 18:24:56,"testSB_C",-14.4727583140487,1527845
23,2026-09-13 18:24:56,"ntc1_C",-14.6142938174708,1542249
23,2026-09-13 18:24:56,"ntc2_C",-14.5824012218144,1536563
23,2026-09-13 18:24:56,"testSB_C",-14.5232436371219,1529725
24,2026-09-13 18:24:56,"ntc1_C",-14.2187899965575,1514753
24,2026-09-13 18:24:56,"ntc2_C",-14.5515029021668,1537658
24,2026-09-13 18:24:56,"testSB_C",-14.2491059866667,1513124
1,2026-09-13 21:24:56,"ntc1_C",-21.5543163616747,2034549
1,2026-09-13 21:24:56,"testSB_C",-21.3877213503752,2024925
2,2026-09-13 21:24:56,"ntc1_C",-21.2707083316036,2014403
2,2026-09-13 21:24:56,"ntc2_C",-21.256625331481,2012652
2,2026-09-13 21:24:56,"testSB_C",-21.200065883308,2011309
3,2026-09-13 21:24:56,"ntc1_C",-21.2127364552057,2012344
3,2026-09-13 21:24:56,"ntc2_C",-21.1522214865415,2005926
3,2026-09-13 21:24:56,"testSB_C",-21.1485343292256,2004427
4,2026-09-13 21:24:56,"ntc1_C",-21.0750850418216,2000636
4,2026-09-13 21:24:56,"ntc2_C",-21.0680247863985,1995250
4,2026-09-13 21:24:56,"testSB_C",-21.0567247327618,1994668
5,2026-09-13 21:24:56,"ntc1_C",-21.0421826036289,1994317
5,2026-09-13 21:24:56,"ntc2_C",-21.0114378594328,1993892
5,2026-09-13 21:24:56,"testSB_C",-20.9939235324908,1994141
6,2026-09-13 21:24:56,"ntc1_C",-20.9748277463239,1989003
6,2026-09-13 21:24:56,"ntc2_C",-20.9662543294876,1991272
6,2026-09-13 21:24:56,"testSB_C",-20.9520918545928,1990287
7,2026-09-13 21:24:56,"ntc1_C",-20.9102069404096,1984627
7,2026-09-13 21:24:56,"ntc2_C",-20.9189469306156,1988610
7,2026-09-13 21:24:56,"testSB_C",-20.878067522802,1984931
8,2026-09-13 21:24:56,"ntc1_C",-20.8405177319495,1986033
8,2026-09-13 21:24:56,"ntc2_C",-20.8192647036977,1976568
8,2026-09-13 21:24:56,"testSB_C",-20.8233955251763,1973493
9,2026-09-13 21:24:56,"ntc1_C",-20.7571986471394,1970833
9,2026-09-13 21:24:56,"ntc2_C",-20.7527558146257,1977845
9,2026-09-13 21:24:56,"testSB_C",-20.7174530976591,1971741
10,2026-09-13 21:24:56,"ntc1_C",-20.6939161575687,1970121
10,2026-09-13 21:24:56,"ntc2_C",-20.68372310089,1964770
10,2026-09-13 21:24:56,"testSB_C",-20.6534734090009,1963993
11,2026-09-13 21:24:56,"ntc1_C",-20.5891286390091,1962190
11,2026-09-13 21:24:56,"ntc2_C",-20.6103850243165,1963377
11,2026-09-13 21:24:56,"testSB_C",-20.5485433325899,1955776
12,2026-09-13 21:24:56,"ntc1_C",-20.5753919761305,1959581
12,2026-09-13 21:24:56,"ntc2_C",-20.5077827514154,1953191
12,2026-09-13 21:24:56,"testSB_C",-20.4873168759538,1951596
13,2026-09-13 21:24:56,"ntc1_C",-20.4870821324905,1958271
13,2026-09-13 21:24:56,"ntc2_C",-20.4492310551462,1945983
13,2026-09-13 21:24:56,"testSB_C",-20.4142038549985,1946119
14,2026-09-13 21:24:56,"ntc1_C",-20.3967638589679,1942470
14,2026-09-13 21:24:56,"ntc2_C",-20.3951962481828,1946884
14,2026-09-13 21:24:56,"testSB_C",-20.376365085866,1945363
15,2026-09-13 21:24:56,"ntc1_C",-20.3565733373323,1937707
15,2026-09-13 21:24:56,"ntc2_C",-20.3564851138148,1944879
15,2026-09-13 21:24:56,"testSB_C",-20.3474654597042,1944426
16,2026-09-13 21:24:56,"ntc1_C",-20.333954620554,1938516
16,2026-09-13 21:24:56,"ntc2_C",-20.3318967272601,1937458
16,2026-09-13 21:24:56,"testSB_C",-20.3271438462492,1937040
17,2026-09-13 21:24:56,"ntc1_C",-20.3298164022603,1937982
17,2026-09-13 21:24:56,"ntc2_C",-20.323341835002,1936252
17,2026-09-13 21:24:56,"testSB_C",-20.3228107779635,1942191
18,2026-09-13 21:24:56,"ntc1_C",-20.3184117893858,1942284
18,2026-09-13 21:24:56,"ntc2_C",-20.3059113856811,1936113
18,2026-09-13 21:24:56,"testSB_C",-20.3079533967206,1936151
19,2026-09-13 21:24:56,"ntc1_C",-20.3026885012096,1941018
19,2026-09-13 21:24:56,"ntc2_C",-20.2927823558553,1938343
19,2026-09-13 21:24:56,"testSB_C",-20.2826811580574,1940270
20,2026-09-13 21:24:56,"ntc1_C",-20.2731815824129,1935669
20,2026-09-13 21:24:56,"ntc2_C",-20.2818122274323,1939423
20,2026-09-13 21:24:56,"testSB_C",-20.2541057342457,1931275
21,2026-09-13 21:24:56,"ntc1_C",-20.2575908867208,1929908
21,2026-09-13 21:24:56,"ntc2_C",-20.2610055485756,1935425
21,2026-09-13 21:24:56,"testSB_C",-20.2284034427759,1933263
22,2026-09-13 21:24:56,"ntc1_C",-20.2266339595321,1933442
22,2026-09-13 21:24:56,"ntc2_C",-20.2279857860022,1935121
22,2026-09-13 21:24:56,"testSB_C",-20.1736457478604,1926115
23,2026-09-13 21:24:56,"ntc1_C",-20.1737370046148,1932800
23,2026-09-13 21:24:56,"ntc2_C",-20.1747974406888,1928473
23,2026-09-13 21:24:56,"testSB_C",-20.1568854630029,1922539
24,2026-09-13 21:24:56,"ntc1_C",-20.1227785443713,1925480
24,2026-09-13 21:24:56,"ntc2_C",-20.1113480251983,1927248
24,2026-09-13 21:24:56,"testSB_C",-20.0934150365905,1918676
1,2026-09-14 00:24:56,"ntc1_C",-23.057085662713,2161081
1,2026-09-14 00:24:56,"testSB_C",-22.8951530629943,2151281
2,2026-09-14 00:24:56,"ntc1_C",-22.7388664185804,2136829
2,2026-09-14 00:24:56,"ntc2_C",-22.6825056018376,2131359
2,2026-09-14 00:24:56,"testSB_C",-22.6230175983515,2129574
3,2026-09-14 00:24:56,"ntc1_C",-22.6326767103326,2130456
3,2026-09-14 00:24:56,"ntc2_C",-22.5584835034815,2122580
3,2026-09-14 00:24:56,"testSB_C",-22.4843102236412,2114969
4,2026-09-14 00:24:56,"ntc1_C",-22.4932628320785,2118019
4,2026-09-14 00:24:56,"ntc2_C",-22.475074555106,2111382
4,2026-09-14 00:24:56,"testSB_C",-22.4140001428721,2106555
5,2026-09-14 00:24:56,"ntc1_C",-22.3974847579887,2106073
5,2026-09-14 00:24:56,"ntc2_C",-22.3704429534339,2105885
5,2026-09-14 00:24:56,"testSB_C",-22.3319748173255,2104384
6,2026-09-14 00:24:56,"ntc1_C",-22.312881285468,2098898
6,2026-09-14 00:24:56,"ntc2_C",-22.3102713876082,2101862
6,2026-09-14 00:24:56,"testSB_C",-22.2504870734337,2096964
7,2026-09-14 00:24:56,"ntc1_C",-22.2077996237782,2091023
7,2026-09-14 00:24:56,"ntc2_C",-22.2251879321895,2095922
7,2026-09-14 00:24:56,"testSB_C",-22.1356004720663,2087935
8,2026-09-14 00:24:56,"ntc1_C",-22.1068005068003,2089827
8,2026-09-14 00:24:56,"ntc2_C",-22.079279345981,2079382
8,2026-09-14 00:24:56,"testSB_C",-22.1098108539403,2078371
9,2026-09-14 00:24:56,"ntc1_C",-22.0277990286985,2074225
9,2026-09-14 00:24:56,"ntc2_C",-22.0288690032503,2082100
9,2026-09-14 00:24:56,"testSB_C",-22.0025311675543,2076438
10,2026-09-14 00:24:56,"ntc1_C",-21.975040566217,2074342
10,2026-09-14 00:24:56,"ntc2_C",-21.9796652911467,2070008
10,2026-09-14 00:24:56,"testSB_C",-21.9455323900366,2068903
11,2026-09-14 00:24:56,"ntc1_C",-21.8970412927608,2068266
11,2026-09-14 00:24:56,"ntc2_C",-21.9220863838851,2069856
11,2026-09-14 00:24:56,"testSB_C",-21.8982733560914,2065025
12,2026-09-14 00:24:56,"ntc1_C",-21.9358015679136,2069889
12,2026-09-14 00:24:56,"ntc2_C",-21.8778674653929,2063972
12,2026-09-14 00:24:56,"testSB_C",-21.8606103152279,2062603
13,2026-09-14 00:24:56,"ntc1_C",-21.8544453891479,2069101
13,2026-09-14 00:24:56,"ntc2_C",-21.8136968343347,2055986
13,2026-09-14 00:24:56,"testSB_C",-21.7639614537553,2054883
14,2026-09-14 00:24:56,"ntc1_C",-21.7464767925984,2051019
14,2026-09-14 00:24:56,"ntc2_C",-21.7376998861826,2055045
14,2026-09-14 00:24:56,"testSB_C",-21.720774108685,2053609
15,2026-09-14 00:24:56,"ntc1_C",-21.6720313701128,2043183
15,2026-09-14 00:24:56,"ntc2_C",-21.6686163037761,2050498
15,2026-09-14 00:24:56,"testSB_C",-21.6544862834285,2049575
16,2026-09-14 00:24:56,"ntc1_C",-21.6209717401043,2041746
16,2026-09-14 00:24:56,"ntc2_C",-21.5963612241533,2038808
16,2026-09-14 00:24:56,"testSB_C",-21.5902282655826,2038259
17,2026-09-14 00:24:56,"ntc1_C",-21.573646411144,2037635
17,2026-09-14 00:24:56,"ntc2_C",-21.5491422018886,2034307
17,2026-09-14 00:24:56,"testSB_C",-21.519102029188,2038113
18,2026-09-14 00:24:56,"ntc1_C",-21.5169057387261,2038362
18,2026-09-14 00:24:56,"ntc2_C",-21.4994245241544,2031469
18,2026-09-14 00:24:56,"testSB_C",-21.4850680992604,2030277
19,2026-09-14 00:24:56,"ntc1_C",-21.463346866322,2033996
19,2026-09-14 00:24:56,"ntc2_C",-21.4513818139146,2031038
19,2026-09-14 00:24:56,"testSB_C",-21.4305363528352,2032179
20,2026-09-14 00:24:56,"ntc1_C",-21.4186839571278,2027201
20,2026-09-14 00:24:56,"ntc2_C",-21.4207033578674,2030567
20,2026-09-14 00:24:56,"testSB_C",-21.3765190611011,2020714
21,2026-09-14 00:24:56,"ntc1_C",-21.3677872848785,2018234
21,2026-09-14 00:24:56,"ntc2_C",-21.3654736363033,2023565
21,2026-09-14 00:24:56,"testSB_C",-21.3163078673705,2019971
22,2026-09-14 00:24:56,"ntc1_C",-21.315280536232,2020221
22,2026-09-14 00:24:56,"ntc2_C",-21.3094437941759,2021351
22,2026-09-14 00:24:56,"testSB_C",-21.2845188988958,2014404
23,2026-09-14 00:24:56,"ntc1_C",-21.2776765369564,2020762
23,2026-09-14 00:24:56,"ntc2_C",-21.2734182989555,2015858
23,2026-09-14 00:24:56,"testSB_C",-21.2617334053095,2010011
24,2026-09-14 00:24:56,"ntc1_C",-21.2176134045488,2012438
24,2026-09-14 00:24:56,"ntc2_C",-21.205099918332,2014176
24,2026-09-14 00:24:56,"testSB_C",-21.1728380383044,2004082
1,2026-09-14 03:24:56,"ntc1_C",-23.4554290165957,2195798
1,2026-09-14 03:24:56,"testSB_C",-23.3427383602572,2190156
2,2026-09-14 03:24:56,"ntc1_C",-23.2237705431352,2178730
2,2026-09-14 03:24:56,"ntc2_C",-23.1841587221988,2174618
2,2026-09-14 03:24:56,"testSB_C",-23.1380953921922,2173924
3,2026-09-14 03:24:56,"ntc1_C",-23.109967230106,2171556
3,2026-09-14 03:24:56,"ntc2_C",-23.0598739688861,2165648
3,2026-09-14 03:24:56,"testSB_C",-23.0040238512277,2159463
4,2026-09-14 03:24:56,"ntc1_C",-22.9915117582387,2160731
4,2026-09-14 03:24:56,"ntc2_C",-22.9739168736439,2154017
4,2026-09-14 03:24:56,"testSB_C",-22.931843910167,2150736
5,2026-09-14 03:24:56,"ntc1_C",-22.9063247872462,2149490
5,2026-09-14 03:24:56,"ntc2_C",-22.8800973501325,2149348
5,2026-09-14 03:24:56,"testSB_C",-22.852398143521,2148748
6,2026-09-14 03:24:56,"ntc1_C",-22.8363587726959,2143383
6,2026-09-14 03:24:56,"ntc2_C",-22.8331934801966,2146387
6,2026-09-14 03:24:56,"testSB_C",-22.7726675042711,2141324
7,2026-09-14 03:24:56,"ntc1_C",-22.7340060038401,2135640
7,2026-09-14 03:24:56,"ntc2_C",-22.744950495607,2140078
7,2026-09-14 03:24:56,"testSB_C",-22.6715049011028,2133302
8,2026-09-14 03:24:56,"ntc1_C",-22.6361915755329,2134674
8,2026-09-14 03:24:56,"ntc2_C",-22.6077433448096,2123945
8,2026-09-14 03:24:56,"testSB_C",-22.6178213254662,2121178
9,2026-09-14 03:24:56,"ntc1_C",-22.5680169264741,2119673
9,2026-09-14 03:24:56,"ntc2_C",-22.5536802980129,2126419
9,2026-09-14 03:24:56,"testSB_C",-22.5323371158114,2121068
10,2026-09-14 03:24:56,"ntc1_C",-22.4993740590492,2118438
10,2026-09-14 03:24:56,"ntc2_C",-22.4879251348947,2112677
10,2026-09-14 03:24:56,"testSB_C",-22.4627534620576,2112325
11,2026-09-14 03:24:56,"ntc1_C",-22.4240127444906,2112476
11,2026-09-14 03:24:56,"ntc2_C",-22.4296290905626,2112462
11,2026-09-14 03:24:56,"testSB_C",-22.4035580735508,2107348
12,2026-09-14 03:24:56,"ntc1_C",-22.4035927111214,2109120
12,2026-09-14 03:24:56,"ntc2_C",-22.3541998203335,2103822
12,2026-09-14 03:24:56,"testSB_C",-22.3337127731939,2102172
13,2026-09-14 03:24:56,"ntc1_C",-22.3148429679611,2107698
13,2026-09-14 03:24:56,"ntc2_C",-22.2798424055174,2094861
13,2026-09-14 03:24:56,"testSB_C",-22.2582163220002,2096092
14,2026-09-14 03:24:56,"ntc1_C",-22.2377398993832,2091898
14,2026-09-14 03:24:56,"ntc2_C",-22.2067023924872,2094118
14,2026-09-14 03:24:56,"testSB_C",-22.1948486957159,2093084
15,2026-09-14 03:24:56,"ntc1_C",-22.1380171050041,2081801
15,2026-09-14 03:24:56,"ntc2_C",-22.1213946790989,2088155
15,2026-09-14 03:24:56,"testSB_C",-22.0983644664231,2086461
16,2026-09-14 03:24:56,"ntc1_C",-22.0487606890768,2077167
16,2026-09-14 03:24:56,"ntc2_C",-22.0124041614515,2073211
16,2026-09-14 03:24:56,"testSB_C",-21.9884375212338,2071169
17,2026-09-14 03:24:56,"ntc1_C",-21.9526332053595,2068927
17,2026-09-14 03:24:56,"ntc2_C",-21.9119079891397,2064194
17,2026-09-14 03:24:56,"testSB_C",-21.8348536693246,2064151
18,2026-09-14 03:24:56,"ntc1_C",-21.8206285469398,2063398
18,2026-09-14 03:24:56,"ntc2_C",-21.7970481568569,2055915
18,2026-09-14 03:24:56,"testSB_C",-21.7433708967866,2051490
19,2026-09-14 03:24:56,"ntc1_C",-21.674043705757,2051310
19,2026-09-14 03:24:56,"ntc2_C",-21.6540372168282,2047667
19,2026-09-14 03:24:56,"testSB_C",-21.5941777757223,2045605
20,2026-09-14 03:24:56,"ntc1_C",-21.5556912463928,2038413
20,2026-09-14 03:24:56,"ntc2_C",-21.5595155899267,2041943
20,2026-09-14 03:24:56,"testSB_C",-21.5020507001878,2030952
21,2026-09-14 03:24:56,"ntc1_C",-21.4973432286872,2028782
21,2026-09-14 03:24:56,"ntc2_C",-21.4721365898535,2032271
21,2026-09-14 03:24:56,"testSB_C",-21.4660042130328,2032180
22,2026-09-14 03:24:56,"ntc1_C",-21.4480290452424,2031046
22,2026-09-14 03:24:56,"ntc2_C",-21.4083091177801,2029409
22,2026-09-14 03:24:56,"testSB_C",-21.4198943494406,2025416
23,2026-09-14 03:24:56,"ntc1_C",-21.3913860353869,2030030
23,2026-09-14 03:24:56,"ntc2_C",-21.3565675330077,2022619
23,2026-09-14 03:24:56,"testSB_C",-21.3799128802466,2019582
24,2026-09-14 03:24:56,"ntc1_C",-21.3388364103458,2022287
24,2026-09-14 03:24:56,"ntc2_C",-21.3028337640482,2022118
24,2026-09-14 03:24:56,"testSB_C",-21.3057139644825,2014836
1,2026-09-14 06:24:56,"ntc1_C",-23.5086246248313,2200472
1,2026-09-14 06:24:56,"testSB_C",-23.359727490589,2191644
2,2026-09-14 06:24:56,"ntc1_C",-23.2217629399179,2178555
2,2026-09-14 06:24:56,"ntc2_C",-23.1624193563284,2172727
2,2026-09-14 06:24:56,"testSB_C",-23.0942218042646,2170114
3,2026-09-14 06:24:56,"ntc1_C",-23.0419336484658,2165654
3,2026-09-14 06:24:56,"ntc2_C",-22.9758527286658,2158376
3,2026-09-14 06:24:56,"testSB_C",-22.9041713587212,2150849
4,2026-09-14 06:24:56,"ntc1_C",-22.8736569404763,2150558
4,2026-09-14 06:24:56,"ntc2_C",-22.8354058614773,2142101
4,2026-09-14 06:24:56,"testSB_C",-22.7557906558131,2135622
5,2026-09-14 06:24:56,"ntc1_C",-22.7182788638226,2133351
5,2026-09-14 06:24:56,"ntc2_C",-22.6729362955042,2131584
5,2026-09-14 06:24:56,"testSB_C",-22.6144921299541,2128363
6,2026-09-14 06:24:56,"ntc1_C",-22.5827921999701,2121729
6,2026-09-14 06:24:56,"ntc2_C",-22.5597216533176,2122996
6,2026-09-14 06:24:56,"testSB_C",-22.492932839796,2117455
7,2026-09-14 06:24:56,"ntc1_C",-22.4414586037254,2110729
7,2026-09-14 06:24:56,"ntc2_C",-22.4236110248131,2112680
7,2026-09-14 06:24:56,"testSB_C",-22.3533334990644,2106260
8,2026-09-14 06:24:56,"ntc1_C",-22.3112015946029,2107040
8,2026-09-14 06:24:56,"ntc2_C",-22.2595896745546,2094490
8,2026-09-14 06:24:56,"testSB_C",-22.2288336503726,2088329
9,2026-09-14 06:24:56,"ntc1_C",-22.1535481405522,2084724
9,2026-09-14 06:24:56,"ntc2_C",-22.1119216004732,2089057
9,2026-09-14 06:24:56,"testSB_C",-22.0707481127521,2082136
10,2026-09-14 06:24:56,"ntc1_C",-22.0138394263888,2077576
10,2026-09-14 06:24:56,"ntc2_C",-21.975336479154,2069648
10,2026-09-14 06:24:56,"testSB_C",-21.9162466100042,2066469
11,2026-09-14 06:24:56,"ntc1_C",-21.8446467941436,2063917
11,2026-09-14 06:24:56,"ntc2_C",-21.7923238406025,2059090
11,2026-09-14 06:24:56,"testSB_C",-21.7367155051847,2051658
12,2026-09-14 06:24:56,"ntc1_C",-21.6745947798757,2048275
12,2026-09-14 06:24:56,"ntc2_C",-21.601969279824,2041208
12,2026-09-14 06:24:56,"testSB_C",-21.5427260057062,2036401
13,2026-09-14 06:24:56,"ntc1_C",-21.4592466200602,2036488
13,2026-09-14 06:24:56,"ntc2_C",-21.3449578531274,2017564
13,2026-09-14 06:24:56,"testSB_C",-21.2174664559666,2010186
14,2026-09-14 06:24:56,"ntc1_C",-21.114599376105,1999520
14,2026-09-14 06:24:56,"ntc2_C",-21.004524546876,1995305
14,2026-09-14 06:24:56,"testSB_C",-20.8909573648405,1986156
15,2026-09-14 06:24:56,"ntc1_C",-20.7289367193939,1967039
15,2026-09-14 06:24:56,"ntc2_C",-20.6198165122125,1965662
15,2026-09-14 06:24:56,"testSB_C",-20.4675408625083,1953873
16,2026-09-14 06:24:56,"ntc1_C",-20.2487621213305,1931857
16,2026-09-14 06:24:56,"ntc2_C",-20.0485327692909,1915398
16,2026-09-14 06:24:56,"testSB_C",-19.8751235895527,1901968
17,2026-09-14 06:24:56,"ntc1_C",-19.6930888988612,1888744
17,2026-09-14 06:24:56,"ntc2_C",-19.4673865459671,1870415
17,2026-09-14 06:24:56,"testSB_C",-19.2322623544403,1858432
18,2026-09-14 06:24:56,"ntc1_C",-18.9694060780385,1839204
18,2026-09-14 06:24:56,"ntc2_C",-18.7002495513879,1814419
18,2026-09-14 06:24:56,"testSB_C",-18.3925086094399,1791665
19,2026-09-14 06:24:56,"ntc1_C",-18.0717370332668,1773375
19,2026-09-14 06:24:56,"ntc2_C",-17.7466272018462,1748389
19,2026-09-14 06:24:56,"testSB_C",-17.3743314442826,1724557
20,2026-09-14 06:24:56,"ntc1_C",-17.0305118010323,1697179
20,2026-09-14 06:24:56,"ntc2_C",-16.6846105977968,1676174
20,2026-09-14 06:24:56,"testSB_C",-16.2809096119171,1643750
21,2026-09-14 06:24:56,"ntc1_C",-15.9395640825284,1619881
21,2026-09-14 06:24:56,"ntc2_C",-15.5875844708889,1601049
21,2026-09-14 06:24:56,"testSB_C",-15.3068848759297,1583125
22,2026-09-14 06:24:56,"ntc1_C",-14.9812803072876,1562507
22,2026-09-14 06:24:56,"ntc2_C",-14.6344948024019,1541979
22,2026-09-14 06:24:56,"testSB_C",-14.3297191867216,1518957
23,2026-09-14 06:24:56,"ntc1_C",-14.0038990172355,1504344
23,2026-09-14 06:24:56,"ntc2_C",-13.6895562646331,1481611
23,2026-09-14 06:24:56,"testSB_C",-13.3843873299225,1460356
24,2026-09-14 06:24:56,"ntc1_C",-13.0944295515094,1446828
24,2026-09-14 06:24:56,"ntc2_C",-12.8559872476322,1434901
24,2026-09-14 06:24:56,"testSB_C",-12.6005497545751,1414703
1,2026-09-14 09:24:56,"ntc1_C",-16.9865492877415,1690975
1,2026-09-14 09:24:56,"testSB_C",-16.9077869227859,1689020
2,2026-09-14 09:24:56,"ntc1_C",-17.1122612582882,1702191
2,2026-09-14 09:24:56,"ntc2_C",-17.0393812248462,1696653
2,2026-09-14 09:24:56,"testSB_C",-16.9958362682956,1696698
3,2026-09-14 09:24:56,"ntc1_C",-15.595937498938,1602651
3,2026-09-14 09:24:56,"ntc2_C",-15.9647005076468,1625505
3,2026-09-14 09:24:56,"testSB_C",-16.0722504624766,1631788
4,2026-09-14 09:24:56,"ntc1_C",-15.5459327608104,1598778
4,2026-09-14 09:24:56,"ntc2_C",-15.4808341393455,1590718
4,2026-09-14 09:24:56,"testSB_C",-16.0907701020245,1631004
5,2026-09-14 09:24:56,"ntc1_C",-16.1114213577305,1632892
5,2026-09-14 09:24:56,"ntc2_C",-15.836511183429,1616548
5,2026-09-14 09:24:56,"testSB_C",-16.1010777762964,1635403
6,2026-09-14 09:24:56,"ntc1_C",-16.1589060178907,1636485
6,2026-09-14 09:24:56,"ntc2_C",-15.7958212722646,1614673
6,2026-09-14 09:24:56,"testSB_C",-16.2166441759367,1642786
7,2026-09-14 09:24:56,"ntc1_C",-15.9400379910412,1622300
7,2026-09-14 09:24:56,"ntc2_C",-15.2958070148076,1582930
7,2026-09-14 09:24:56,"testSB_C",-16.1224046762494,1636930
8,2026-09-14 09:24:56,"ntc1_C",-16.097201743568,1638626
8,2026-09-14 09:24:56,"ntc2_C",-16.0394560232934,1628323
8,2026-09-14 09:24:56,"testSB_C",-15.5407532978566,1592788
9,2026-09-14 09:24:56,"ntc1_C",-16.0609702155903,1629170
9,2026-09-14 09:24:56,"ntc2_C",-15.770995236757,1615932
9,2026-09-14 09:24:56,"testSB_C",-15.9149984278667,1622739
10,2026-09-14 09:24:56,"ntc1_C",-15.913064456593,1623020
10,2026-09-14 09:24:56,"ntc2_C",-15.5030022610482,1592296
10,2026-09-14 09:24:56,"testSB_C",-15.8775380999799,1618048
11,2026-09-14 09:24:56,"ntc1_C",-16.0751547027232,1634058
11,2026-09-14 09:24:56,"ntc2_C",-15.5926828241563,1601779
11,2026-09-14 09:24:56,"testSB_C",-15.7547123074374,1610147
12,2026-09-14 09:24:56,"ntc1_C",-15.2946565945061,1581697
12,2026-09-14 09:24:56,"ntc2_C",-15.6215566891352,1602016
12,2026-09-14 09:24:56,"testSB_C",-15.7420783984865,1609801
13,2026-09-14 09:24:56,"ntc1_C",-15.6809585053653,1611456
13,2026-09-14 09:24:56,"ntc2_C",-15.494317190107,1591417
13,2026-09-14 09:24:56,"testSB_C",-15.7259626754238,1608998
14,2026-09-14 09:24:56,"ntc1_C",-15.6857398554295,1604544
14,2026-09-14 09:24:56,"ntc2_C",-15.4878143316371,1595459
14,2026-09-14 09:24:56,"testSB_C",-15.5829836735452,1601579
15,2026-09-14 09:24:56,"ntc1_C",-15.7991766052845,1610648
15,2026-09-14 09:24:56,"ntc2_C",-15.384734326508,1589443
15,2026-09-14 09:24:56,"testSB_C",-15.2549080290647,1581327
16,2026-09-14 09:24:56,"ntc1_C",-15.7010402678625,1606227
16,2026-09-14 09:24:56,"ntc2_C",-15.6852529257806,1604374
16,2026-09-14 09:24:56,"testSB_C",-15.6280818132469,1600592
17,2026-09-14 09:24:56,"ntc1_C",-15.6071727174643,1599945
17,2026-09-14 09:24:56,"ntc2_C",-15.6073770194502,1599058
17,2026-09-14 09:24:56,"testSB_C",-15.8869492765807,1622372
18,2026-09-14 09:24:56,"ntc1_C",-15.7008575855708,1610585
18,2026-09-14 09:24:56,"ntc2_C",-15.4368582537298,1589171
18,2026-09-14 09:24:56,"testSB_C",-15.6225503291732,1600776
19,2026-09-14 09:24:56,"ntc1_C",-15.7288251011047,1612224
19,2026-09-14 09:24:56,"ntc2_C",-15.6285498049667,1604046
19,2026-09-14 09:24:56,"testSB_C",-15.5635903919903,1602046
20,2026-09-14 09:24:56,"ntc1_C",-15.5954544216874,1600861
20,2026-09-14 09:24:56,"ntc2_C",-15.1683495844746,1575800
20,2026-09-14 09:24:56,"testSB_C",-15.4052466382645,1586155
21,2026-09-14 09:24:56,"ntc1_C",-15.6170449607714,1598754
21,2026-09-14 09:24:56,"ntc2_C",-15.2165945137777,1577031
21,2026-09-14 09:24:56,"testSB_C",-15.8444366782415,1618178
22,2026-09-14 09:24:56,"ntc1_C",-15.6375909701175,1604861
22,2026-09-14 09:24:56,"ntc2_C",-15.3293348827234,1586259
22,2026-09-14 09:24:56,"testSB_C",-15.7028661142711,1606413
23,2026-09-14 09:24:56,"ntc1_C",-15.5097585586564,1599555
23,2026-09-14 09:24:56,"ntc2_C",-15.3676571099699,1586543
23,2026-09-14 09:24:56,"testSB_C",-15.7306272376948,1606793
24,2026-09-14 09:24:56,"ntc1_C",-15.6864429152001,1608149
24,2026-09-14 09:24:56,"ntc2_C",-15.4774584936023,1596794
24,2026-09-14 09:24:56,"testSB_C",-15.480978374381,1591041
1,2026-09-14 12:24:56,"ntc1_C",-11.0536130343955,1327456
1,2026-09-14 12:24:56,"testSB_C",-10.7723491754883,1315148
2,2026-09-14 12:24:56,"ntc1_C",-11.0888613198774,1331422
2,2026-09-14 12:24:56,"ntc2_C",-10.9242515706287,1322139
2,2026-09-14 12:24:56,"testSB_C",-10.8481259128126,1320759
3,2026-09-14 12:24:56,"ntc1_C",-9.92680682451135,1271805
3,2026-09-14 12:24:56,"ntc2_C",-9.9176025132976,1270106
3,2026-09-14 12:24:56,"testSB_C",-10.0861546415592,1278342
4,2026-09-14 12:24:56,"ntc1_C",-9.72550344885627,1260816
4,2026-09-14 12:24:56,"ntc2_C",-9.58033409687056,1250411
4,2026-09-14 12:24:56,"testSB_C",-9.94185357803246,1269211
5,2026-09-14 12:24:56,"ntc1_C",-9.80297120151738,1262271
5,2026-09-14 12:24:56,"ntc2_C",-9.7433394495929,1260804
5,2026-09-14 12:24:56,"testSB_C",-9.99173980506981,1274667
6,2026-09-14 12:24:56,"ntc1_C",-9.82097812477264,1263852
6,2026-09-14 12:24:56,"ntc2_C",-9.77908012026575,1263204
6,2026-09-14 12:24:56,"testSB_C",-10.1472993231004,1282596
7,2026-09-14 12:24:56,"ntc1_C",-9.59722967323256,1252340
7,2026-09-14 12:24:56,"ntc2_C",-9.47813404379923,1248388
7,2026-09-14 12:24:56,"testSB_C",-9.84443401447248,1267162
8,2026-09-14 12:24:56,"ntc1_C",-9.73631671915052,1264102
8,2026-09-14 12:24:56,"ntc2_C",-9.81390325185288,1263103
8,2026-09-14 12:24:56,"testSB_C",-9.52664483604502,1246190
9,2026-09-14 12:24:56,"ntc1_C",-9.72750881936554,1258289
9,2026-09-14 12:24:56,"ntc2_C",-9.53256135470804,1252704
9,2026-09-14 12:24:56,"testSB_C",-9.80896739544596,1264846
10,2026-09-14 12:24:56,"ntc1_C",-9.57076269403319,1253123
10,2026-09-14 12:24:56,"ntc2_C",-9.429926525388,1242830
10,2026-09-14 12:24:56,"testSB_C",-9.34132368344257,1239271
11,2026-09-14 12:24:56,"ntc1_C",-9.65731983696679,1257800
11,2026-09-14 12:24:56,"ntc2_C",-9.46794373925297,1247652
11,2026-09-14 12:24:56,"testSB_C",-9.40068755550226,1242525
12,2026-09-14 12:24:56,"ntc1_C",-9.29149594627302,1238180
12,2026-09-14 12:24:56,"ntc2_C",-9.3383973234516,1239854
12,2026-09-14 12:24:56,"testSB_C",-9.83359901228204,1264978
13,2026-09-14 12:24:56,"ntc1_C",-9.41397183144454,1247985
13,2026-09-14 12:24:56,"ntc2_C",-9.23169756249274,1232506
13,2026-09-14 12:24:56,"testSB_C",-9.30219730357862,1238050
14,2026-09-14 12:24:56,"ntc1_C",-9.27476446050463,1235372
14,2026-09-14 12:24:56,"ntc2_C",-9.36072074776234,1242697
14,2026-09-14 12:24:56,"testSB_C",-9.19782602657671,1234343
15,2026-09-14 12:24:56,"ntc1_C",-9.40367522253479,1240895
15,2026-09-14 12:24:56,"ntc2_C",-9.05719786232237,1227768
15,2026-09-14 12:24:56,"testSB_C",-9.01004926069191,1225649
16,2026-09-14 12:24:56,"ntc1_C",-9.20507187275081,1232245
16,2026-09-14 12:24:56,"ntc2_C",-9.18734487892482,1230646
16,2026-09-14 12:24:56,"testSB_C",-9.19564608196498,1231010
17,2026-09-14 12:24:56,"ntc1_C",-9.10144997116964,1226951
17,2026-09-14 12:24:56,"ntc2_C",-9.11293156228402,1226955
17,2026-09-14 12:24:56,"testSB_C",-9.32651652575043,1241485
18,2026-09-14 12:24:56,"ntc1_C",-9.142626536477,1232670
18,2026-09-14 12:24:56,"ntc2_C",-9.18475947155906,1231640
18,2026-09-14 12:24:56,"testSB_C",-9.14696930229121,1229011
19,2026-09-14 12:24:56,"ntc1_C",-9.17883642869543,1234174
19,2026-09-14 12:24:56,"ntc2_C",-9.2370105833262,1235829
19,2026-09-14 12:24:56,"testSB_C",-9.10548511069294,1230921
20,2026-09-14 12:24:56,"ntc1_C",-9.03294380675152,1224733
20,2026-09-14 12:24:56,"ntc2_C",-8.97285184405382,1223766
20,2026-09-14 12:24:56,"testSB_C",-8.90450294850729,1216590
21,2026-09-14 12:24:56,"ntc1_C",-9.06716330971591,1224071
21,2026-09-14 12:24:56,"ntc2_C",-8.93185385716339,1220341
21,2026-09-14 12:24:56,"testSB_C",-9.19124358676322,1233493
22,2026-09-14 12:24:56,"ntc1_C",-9.01228732882146,1224735
22,2026-09-14 12:24:56,"ntc2_C",-8.9336006651298,1222061
22,2026-09-14 12:24:56,"testSB_C",-9.10682869005171,1227362
23,2026-09-14 12:24:56,"ntc1_C",-9.07433851748186,1230290
23,2026-09-14 12:24:56,"ntc2_C",-9.04288806734019,1225689
23,2026-09-14 12:24:56,"testSB_C",-9.23817329498564,1233217
24,2026-09-14 12:24:56,"ntc1_C",-9.18630900165709,1233499
24,2026-09-14 12:24:56,"ntc2_C",-9.12378292292885,1232193
24,2026-09-14 12:24:56,"testSB_C",-9.08453069767933,1225632
1,2026-09-14 15:24:56,"ntc1_C",-7.93712259175231,1168923
1,2026-09-14 15:24:56,"testSB_C",-7.82107180301955,1166006
2,2026-09-14 15:24:56,"ntc1_C",-7.97880895677292,1172742
2,2026-09-14 15:24:56,"ntc2_C",-7.8677769746198,1167139
2,2026-09-14 15:24:56,"testSB_C",-7.8791022222328,1170236
3,2026-09-14 15:24:56,"ntc1_C",-6.90647262951916,1124523
3,2026-09-14 15:24:56,"ntc2_C",-7.03708401058299,1129374
3,2026-09-14 15:24:56,"testSB_C",-6.95806082564087,1125350
4,2026-09-14 15:24:56,"ntc1_C",-6.85720573672813,1121706
4,2026-09-14 15:24:56,"ntc2_C",-6.86311462586787,1119355
4,2026-09-14 15:24:56,"testSB_C",-6.92094369621395,1122193
5,2026-09-14 15:24:56,"ntc1_C",-7.0677728204347,1129056
5,2026-09-14 15:24:56,"ntc2_C",-7.01661568643107,1128207
5,2026-09-14 15:24:56,"testSB_C",-7.01750607832781,1129135
6,2026-09-14 15:24:56,"ntc1_C",-7.07212595095859,1129952
6,2026-09-14 15:24:56,"ntc2_C",-7.06008809066202,1130667
6,2026-09-14 15:24:56,"testSB_C",-7.03999899829097,1130028
7,2026-09-14 15:24:56,"ntc1_C",-6.91565291091558,1122654
7,2026-09-14 15:24:56,"ntc2_C",-6.89158241169594,1123465
7,2026-09-14 15:24:56,"testSB_C",-7.04473000538798,1130528
8,2026-09-14 15:24:56,"ntc1_C",-7.06376908887455,1133614
8,2026-09-14 15:24:56,"ntc2_C",-6.92185317666872,1122652
8,2026-09-14 15:24:56,"testSB_C",-6.90299085481251,1119818
9,2026-09-14 15:24:56,"ntc1_C",-6.95465429092502,1123852
9,2026-09-14 15:24:56,"ntc2_C",-6.94200567952487,1127136
9,2026-09-14 15:24:56,"testSB_C",-6.90978231769219,1123841
10,2026-09-14 15:24:56,"ntc1_C",-6.97506180232642,1127359
10,2026-09-14 15:24:56,"ntc2_C",-6.93511784703219,1122683
10,2026-09-14 15:24:56,"testSB_C",-6.81503553461533,1118025
11,2026-09-14 15:24:56,"ntc1_C",-7.05750689512979,1131383
11,2026-09-14 15:24:56,"ntc2_C",-6.91697154401612,1124476
11,2026-09-14 15:24:56,"testSB_C",-6.8407001829508,1119464
12,2026-09-14 15:24:56,"ntc1_C",-6.86466530795656,1121627
12,2026-09-14 15:24:56,"ntc2_C",-6.89971247187913,1122593
12,2026-09-14 15:24:56,"testSB_C",-6.89726909587125,1122294
13,2026-09-14 15:24:56,"ntc1_C",-6.96125988131519,1129288
13,2026-09-14 15:24:56,"ntc2_C",-6.87161158465722,1119469
13,2026-09-14 15:24:56,"testSB_C",-6.88407852543048,1121863
14,2026-09-14 15:24:56,"ntc1_C",-6.84475454620343,1118943
14,2026-09-14 15:24:56,"ntc2_C",-6.88305250112433,1123390
14,2026-09-14 15:24:56,"testSB_C",-6.80977705759972,1119903
15,2026-09-14 15:24:56,"ntc1_C",-6.94367426374595,1122578
15,2026-09-14 15:24:56,"ntc2_C",-6.74680728490262,1117454
15,2026-09-14 15:24:56,"testSB_C",-6.74061142954048,1117393
16,2026-09-14 15:24:56,"ntc1_C",-6.80250466085147,1117313
16,2026-09-14 15:24:56,"ntc2_C",-6.90487998447452,1121311
16,2026-09-14 15:24:56,"testSB_C",-6.85364034810476,1118920
17,2026-09-14 15:24:56,"ntc1_C",-6.82042413807198,1118042
17,2026-09-14 15:24:56,"ntc2_C",-6.85046523717801,1118927
17,2026-09-14 15:24:56,"testSB_C",-6.92308888711676,1125662
18,2026-09-14 15:24:56,"ntc1_C",-6.86374377163105,1123401
18,2026-09-14 15:24:56,"ntc2_C",-6.82876196758968,1118986
18,2026-09-14 15:24:56,"testSB_C",-6.8172329586543,1117668
19,2026-09-14 15:24:56,"ntc1_C",-6.87913956181569,1123768
19,2026-09-14 15:24:56,"ntc2_C",-6.9658687827756,1126566
19,2026-09-14 15:24:56,"testSB_C",-6.8326540144235,1122021
20,2026-09-14 15:24:56,"ntc1_C",-6.73909610497856,1115419
20,2026-09-14 15:24:56,"ntc2_C",-6.74802461758821,1117689
20,2026-09-14 15:24:56,"testSB_C",-6.66810760645927,1110633
21,2026-09-14 15:24:56,"ntc1_C",-6.78661544953854,1115530
21,2026-09-14 15:24:56,"ntc2_C",-6.76107837037,1117044
21,2026-09-14 15:24:56,"testSB_C",-6.91949236816436,1124414
22,2026-09-14 15:24:56,"ntc1_C",-6.77985454543096,1118247
22,2026-09-14 15:24:56,"ntc2_C",-6.81841903347805,1121200
22,2026-09-14 15:24:56,"testSB_C",-6.85957732904404,1119964
23,2026-09-14 15:24:56,"ntc1_C",-6.82563207669648,1122594
23,2026-09-14 15:24:56,"ntc2_C",-6.88353179471528,1122454
23,2026-09-14 15:24:56,"testSB_C",-7.0283967520694,1127098
24,2026-09-14 15:24:56,"ntc1_C",-6.91396918371947,1124387
24,2026-09-14 15:24:56,"ntc2_C",-6.71499790257997,1117007
24,2026-09-14 15:24:56,"testSB_C",-6.42081593083657,1099619
1,2026-09-14 18:24:56,"ntc1_C",-6.90975110846915,1121002
1,2026-09-14 18:24:56,"testSB_C",-6.818534806191,1119365
2,2026-09-14 18:24:56,"ntc1_C",-6.82085027544412,1118703
2,2026-09-14 18:24:56,"ntc2_C",-6.75948643679368,1115623
2,2026-09-14 18:24:56,"testSB_C",-6.754602078066,1117897
3,2026-09-14 18:24:56,"ntc1_C",-6.4411015421685,1103432
3,2026-09-14 18:24:56,"ntc2_C",-6.45319321129034,1102848
3,2026-09-14 18:24:56,"testSB_C",-6.40738828416153,1100420
4,2026-09-14 18:24:56,"ntc1_C",-6.38446590307046,1100333
4,2026-09-14 18:24:56,"ntc2_C",-6.37294721048113,1097254
4,2026-09-14 18:24:56,"testSB_C",-6.36013464670395,1096879
5,2026-09-14 18:24:56,"ntc1_C",-6.39735788606032,1098657
5,2026-09-14 18:24:56,"ntc2_C",-6.38305676753862,1099496
5,2026-09-14 18:24:56,"testSB_C",-6.35980512568614,1099316
6,2026-09-14 18:24:56,"ntc1_C",-6.37645912375399,1098426
6,2026-09-14 18:24:56,"ntc2_C",-6.37745271912854,1099684
6,2026-09-14 18:24:56,"testSB_C",-6.34761893996006,1098638
7,2026-09-14 18:24:56,"ntc1_C",-6.30325119709414,1095017
7,2026-09-14 18:24:56,"ntc2_C",-6.31915364672022,1097593
7,2026-09-14 18:24:56,"testSB_C",-6.33728323134648,1098452
8,2026-09-14 18:24:56,"ntc1_C",-6.33797360563784,1100615
8,2026-09-14 18:24:56,"ntc2_C",-6.29784764465865,1094506
8,2026-09-14 18:24:56,"testSB_C",-6.30499966526537,1092900
9,2026-09-14 18:24:56,"ntc1_C",-6.29164778794336,1093945
9,2026-09-14 18:24:56,"ntc2_C",-6.28622470944123,1097444
9,2026-09-14 18:24:56,"testSB_C",-6.27561342636733,1095205
10,2026-09-14 18:24:56,"ntc1_C",-6.28817004374059,1096293
10,2026-09-14 18:24:56,"ntc2_C",-6.2843834607524,1093347
10,2026-09-14 18:24:56,"testSB_C",-6.26545284358622,1093299
11,2026-09-14 18:24:56,"ntc1_C",-6.30868082035244,1097440
11,2026-09-14 18:24:56,"ntc2_C",-6.27642915940226,1095551
11,2026-09-14 18:24:56,"testSB_C",-6.24707935177446,1092757
12,2026-09-14 18:24:56,"ntc1_C",-6.26736015038438,1094704
12,2026-09-14 18:24:56,"ntc2_C",-6.26566608553475,1094009
12,2026-09-14 18:24:56,"testSB_C",-6.2676578387925,1093908
13,2026-09-14 18:24:56,"ntc1_C",-6.27496554241077,1098190
13,2026-09-14 18:24:56,"ntc2_C",-6.23865086739966,1090999
13,2026-09-14 18:24:56,"testSB_C",-6.23184599527383,1092479
14,2026-09-14 18:24:56,"ntc1_C",-6.20634510658516,1090262
14,2026-09-14 18:24:56,"ntc2_C",-6.22917224928921,1093905
14,2026-09-14 18:24:56,"testSB_C",-6.20077519922529,1092497
15,2026-09-14 18:24:56,"ntc1_C",-6.2253062716344,1090255
15,2026-09-14 18:24:56,"ntc2_C",-6.17036016300494,1091549
15,2026-09-14 18:24:56,"testSB_C",-6.173971001045,1091925
16,2026-09-14 18:24:56,"ntc1_C",-6.17414536534034,1089107
16,2026-09-14 18:24:56,"ntc2_C",-6.19257130281261,1089268
16,2026-09-14 18:24:56,"testSB_C",-6.17499160643212,1088435
17,2026-09-14 18:24:56,"ntc1_C",-6.1635825391985,1088555
17,2026-09-14 18:24:56,"ntc2_C",-6.17015702687218,1088387
17,2026-09-14 18:24:56,"testSB_C",-6.18582682869351,1092396
18,2026-09-14 18:24:56,"ntc1_C",-6.16703625267473,1092014
18,2026-09-14 18:24:56,"ntc2_C",-6.17280952161826,1089540
18,2026-09-14 18:24:56,"testSB_C",-6.15862121994229,1088105
19,2026-09-14 18:24:56,"ntc1_C",-6.16093920634921,1091402
19,2026-09-14 18:24:56,"ntc2_C",-6.18843353732439,1091479
19,2026-09-14 18:24:56,"testSB_C",-6.14665332875541,1091130
20,2026-09-14 18:24:56,"ntc1_C",-6.10289388060403,1086909
20,2026-09-14 18:24:56,"ntc2_C",-6.11979185231746,1089476
20,2026-09-14 18:24:56,"testSB_C",-6.05372887401546,1083216
21,2026-09-14 18:24:56,"ntc1_C",-6.08101205746226,1083986
21,2026-09-14 18:24:56,"ntc2_C",-6.09808975535935,1087316
21,2026-09-14 18:24:56,"testSB_C",-6.12372644943594,1088585
22,2026-09-14 18:24:56,"ntc1_C",-6.08255127662051,1086969
22,2026-09-14 18:24:56,"ntc2_C",-6.10272266137332,1089040
22,2026-09-14 18:24:56,"testSB_C",-6.1038370414737,1086053
23,2026-09-14 18:24:56,"ntc1_C",-6.09182905246934,1089580
23,2026-09-14 18:24:56,"ntc2_C",-6.09960641266025,1087219
23,2026-09-14 18:24:56,"testSB_C",-6.12997800936381,1086671
24,2026-09-14 18:24:56,"ntc1_C",-6.04961854248955,1085524
24,2026-09-14 18:24:56,"ntc2_C",-5.99920922605133,1084951
24,2026-09-14 18:24:56,"testSB_C",-5.96528275529101,1079438
1,2026-09-14 21:24:56,"ntc1_C",-5.89874553127106,1075814
1,2026-09-14 21:24:56,"testSB_C",-5.86924592702098,1076969
2,2026-09-14 21:24:56,"ntc1_C",-5.83988541893882,1074928
2,2026-09-14 21:24:56,"ntc2_C",-5.84086044262693,1074697
2,2026-09-14 21:24:56,"testSB_C",-5.82754917737532,1076560
3,2026-09-14 21:24:56,"ntc1_C",-5.8947590505274,1079190
3,2026-09-14 21:24:56,"ntc2_C",-5.88357740808601,1077588
3,2026-09-14 21:24:56,"testSB_C",-5.93774940556989,1079608
4,2026-09-14 21:24:56,"ntc1_C",-5.83220502942049,1075895
4,2026-09-14 21:24:56,"ntc2_C",-5.85068483486822,1074200
4,2026-09-14 21:24:56,"testSB_C",-5.87414198815509,1075418
5,2026-09-14 21:24:56,"ntc1_C",-5.8588472380203,1074850
5,2026-09-14 21:24:56,"ntc2_C",-5.81590820243235,1074433
5,2026-09-14 21:24:56,"testSB_C",-5.84163779236701,1076395
6,2026-09-14 21:24:56,"ntc1_C",-5.83523411539022,1074526
6,2026-09-14 21:24:56,"ntc2_C",-5.85366214546917,1076504
6,2026-09-14 21:24:56,"testSB_C",-5.81045263163281,1074904
7,2026-09-14 21:24:56,"ntc1_C",-5.81968613257266,1073690
7,2026-09-14 21:24:56,"ntc2_C",-5.81643508858025,1075378
7,2026-09-14 21:24:56,"testSB_C",-5.83069372390895,1076060
8,2026-09-14 21:24:56,"ntc1_C",-5.82938148194137,1078082
8,2026-09-14 21:24:56,"ntc2_C",-5.85911397830557,1075153
8,2026-09-14 21:24:56,"testSB_C",-5.83171766316116,1072069
9,2026-09-14 21:24:56,"ntc1_C",-5.79067663313833,1071892
9,2026-09-14 21:24:56,"ntc2_C",-5.80113990080451,1076000
9,2026-09-14 21:24:56,"testSB_C",-5.74815941535127,1071961
10,2026-09-14 21:24:56,"ntc1_C",-5.8192098468316,1075591
10,2026-09-14 21:24:56,"ntc2_C",-5.74980385095836,1069839
10,2026-09-14 21:24:56,"testSB_C",-5.85505608236969,1075203
11,2026-09-14 21:24:56,"ntc1_C",-5.82727118066674,1076174
11,2026-09-14 21:24:56,"ntc2_C",-5.81236598350762,1075075
11,2026-09-14 21:24:56,"testSB_C",-5.78763448725203,1072538
12,2026-09-14 21:24:56,"ntc1_C",-5.79049318930396,1073688
12,2026-09-14 21:24:56,"ntc2_C",-5.80879667188049,1073878
12,2026-09-14 21:24:56,"testSB_C",-5.82780542865919,1074517
13,2026-09-14 21:24:56,"ntc1_C",-5.70945478497629,1073228
13,2026-09-14 21:24:56,"ntc2_C",-5.73595073344592,1068920
13,2026-09-14 21:24:56,"testSB_C",-5.72585520565968,1070230
14,2026-09-14 21:24:56,"ntc1_C",-5.7049940779246,1068270
14,2026-09-14 21:24:56,"ntc2_C",-5.68458470331484,1069957
14,2026-09-14 21:24:56,"testSB_C",-5.67874474852226,1069555
15,2026-09-14 21:24:56,"ntc1_C",-5.68209729560965,1066451
15,2026-09-14 21:24:56,"ntc2_C",-5.69133162224534,1070493
15,2026-09-14 21:24:56,"testSB_C",-5.67560575784228,1070020
16,2026-09-14 21:24:56,"ntc1_C",-5.69332689532894,1068020
16,2026-09-14 21:24:56,"ntc2_C",-5.69746941348569,1067553
16,2026-09-14 21:24:56,"testSB_C",-5.77802191128086,1071001
17,2026-09-14 21:24:56,"ntc1_C",-5.77778002281138,1071610
17,2026-09-14 21:24:56,"ntc2_C",-5.69272417808503,1067468
17,2026-09-14 21:24:56,"testSB_C",-5.68109633544742,1070207
18,2026-09-14 21:24:56,"ntc1_C",-5.71418047983616,1072098
18,2026-09-14 21:24:56,"ntc2_C",-5.67122784201143,1067563
18,2026-09-14 21:24:56,"testSB_C",-5.67069919682342,1066724
19,2026-09-14 21:24:56,"ntc1_C",-5.72823872280145,1072367
19,2026-09-14 21:24:56,"ntc2_C",-5.75720693220717,1072504
19,2026-09-14 21:24:56,"testSB_C",-5.71548998314404,1072164
20,2026-09-14 21:24:56,"ntc1_C",-5.70445231535109,1069437
20,2026-09-14 21:24:56,"ntc2_C",-5.72743788214387,1072229
20,2026-09-14 21:24:56,"testSB_C",-5.70739290699981,1068069
21,2026-09-14 21:24:56,"ntc1_C",-5.68013980549443,1066476
21,2026-09-14 21:24:56,"ntc2_C",-5.66454576351816,1068318
21,2026-09-14 21:24:56,"testSB_C",-5.69365833466929,1069713
22,2026-09-14 21:24:56,"ntc1_C",-5.73413847963718,1071680
22,2026-09-14 21:24:56,"ntc2_C",-5.67944360182162,1070469
22,2026-09-14 21:24:56,"testSB_C",-5.66639280801041,1066910
23,2026-09-14 21:24:56,"ntc1_C",-5.67294039714591,1071184
23,2026-09-14 21:24:56,"ntc2_C",-5.73262595304567,1071118
23,2026-09-14 21:24:56,"testSB_C",-5.66884286389825,1066504
24,2026-09-14 21:24:56,"ntc1_C",-5.66274123563358,1068580
24,2026-09-14 21:24:56,"ntc2_C",-5.67451842650041,1070724
24,2026-09-14 21:24:56,"testSB_C",-5.62406577075939,1064572
1,2026-09-15 00:24:56,"ntc1_C",-9.0943846203873,1225418
1,2026-09-15 00:24:56,"testSB_C",-8.99976874539925,1223394
2,2026-09-15 00:24:56,"ntc1_C",-8.87625327851975,1216454
2,2026-09-15 00:24:56,"ntc2_C",-8.81382728133974,1213036
2,2026-09-15 00:24:56,"testSB_C",-8.77541408994614,1213745
3,2026-09-15 00:24:56,"ntc1_C",-8.74020263180745,1211731
3,2026-09-15 00:24:56,"ntc2_C",-8.67397348572968,1207277
3,2026-09-15 00:24:56,"testSB_C",-8.60589726193297,1203466
4,2026-09-15 00:24:56,"ntc1_C",-8.62056804114513,1205256
4,2026-09-15 00:24:56,"ntc2_C",-8.5769256482418,1200283
4,2026-09-15 00:24:56,"testSB_C",-8.4806507086264,1195794
5,2026-09-15 00:24:56,"ntc1_C",-8.45445260369786,1194700
5,2026-09-15 00:24:56,"ntc2_C",-8.43511976973809,1195311
5,2026-09-15 00:24:56,"testSB_C",-8.34752501355933,1191997
6,2026-09-15 00:24:56,"ntc1_C",-8.33105860846786,1189383
6,2026-09-15 00:24:56,"ntc2_C",-8.33475944522354,1190939
6,2026-09-15 00:24:56,"testSB_C",-8.23955921681414,1186606
7,2026-09-15 00:24:56,"ntc1_C",-8.22677394835404,1184256
7,2026-09-15 00:24:56,"ntc2_C",-8.27618864248785,1188664
7,2026-09-15 00:24:56,"testSB_C",-8.17769899940356,1183913
8,2026-09-15 00:24:56,"ntc1_C",-8.16116452980737,1185447
8,2026-09-15 00:24:56,"ntc2_C",-8.13645698277435,1179588
8,2026-09-15 00:24:56,"testSB_C",-8.17674324373775,1179448
9,2026-09-15 00:24:56,"ntc1_C",-8.11311776260544,1178139
9,2026-09-15 00:24:56,"ntc2_C",-8.11630371181212,1182382
9,2026-09-15 00:24:56,"testSB_C",-8.12477795561978,1180871
10,2026-09-15 00:24:56,"ntc1_C",-8.09849470749407,1180129
10,2026-09-15 00:24:56,"ntc2_C",-8.09643414993195,1177061
10,2026-09-15 00:24:56,"testSB_C",-8.11012301436551,1178588
11,2026-09-15 00:24:56,"ntc1_C",-8.04505236309905,1177801
11,2026-09-15 00:24:56,"ntc2_C",-8.0636443016104,1178230
11,2026-09-15 00:24:56,"testSB_C",-8.03013782231216,1175013
12,2026-09-15 00:24:56,"ntc1_C",-8.0358822484402,1176409
12,2026-09-15 00:24:56,"ntc2_C",-7.98923270711953,1173514
12,2026-09-15 00:24:56,"testSB_C",-7.9998861729128,1173841
13,2026-09-15 00:24:56,"ntc1_C",-7.9852243133605,1177375
13,2026-09-15 00:24:56,"ntc2_C",-7.96339992503505,1170382
13,2026-09-15 00:24:56,"testSB_C",-7.95788344478325,1172018
14,2026-09-15 00:24:56,"ntc1_C",-7.95002571615646,1170443
14,2026-09-15 00:24:56,"ntc2_C",-7.94454329129252,1173003
14,2026-09-15 00:24:56,"testSB_C",-7.95274593633644,1173259
15,2026-09-15 00:24:56,"ntc1_C",-7.92476920638501,1168319
15,2026-09-15 00:24:56,"ntc2_C",-7.92370547680872,1172321
15,2026-09-15 00:24:56,"testSB_C",-7.93510907636738,1173097
16,2026-09-15 00:24:56,"ntc1_C",-7.92665463567346,1169660
16,2026-09-15 00:24:56,"ntc2_C",-7.9062072546962,1168000
16,2026-09-15 00:24:56,"testSB_C",-7.90588217394094,1167931
17,2026-09-15 00:24:56,"ntc1_C",-7.89337081936907,1167984
17,2026-09-15 00:24:56,"ntc2_C",-7.86822799588748,1166267
17,2026-09-15 00:24:56,"testSB_C",-7.83851480958009,1168418
18,2026-09-15 00:24:56,"ntc1_C",-7.83656839203991,1168783
18,2026-09-15 00:24:56,"ntc2_C",-7.84352536350906,1166158
18,2026-09-15 00:24:56,"testSB_C",-7.81821774643879,1164187
19,2026-09-15 00:24:56,"ntc1_C",-7.78081752205617,1165802
19,2026-09-15 00:24:56,"ntc2_C",-7.7794627826043,1164526
19,2026-09-15 00:24:56,"testSB_C",-7.75237308242941,1164851
20,2026-09-15 00:24:56,"ntc1_C",-7.73577712190109,1161636
20,2026-09-15 00:24:56,"ntc2_C",-7.76869394149463,1165135
20,2026-09-15 00:24:56,"testSB_C",-7.71245169610802,1158885
21,2026-09-15 00:24:56,"ntc1_C",-7.68926339452958,1157263
21,2026-09-15 00:24:56,"ntc2_C",-7.71293151368349,1161191
21,2026-09-15 00:24:56,"testSB_C",-7.62551990006784,1157216
22,2026-09-15 00:24:56,"ntc1_C",-7.61110004789987,1156745
22,2026-09-15 00:24:56,"ntc2_C",-7.6143012790609,1158112
22,2026-09-15 00:24:56,"testSB_C",-7.56342779894334,1152526
23,2026-09-15 00:24:56,"ntc1_C",-7.56799067652798,1157039
23,2026-09-15 00:24:56,"ntc2_C",-7.54838849679982,1153256
23,2026-09-15 00:24:56,"testSB_C",-7.51292982022733,1149539
24,2026-09-15 00:24:56,"ntc1_C",-7.45941234396071,1149644
24,2026-09-15 00:24:56,"ntc2_C",-7.47253124286169,1151994
24,2026-09-15 00:24:56,"testSB_C",-7.46720003860088,1147459
1,2026-09-15 03:24:56,"ntc1_C",-12.5875034014416,1413272
1,2026-09-15 03:24:56,"testSB_C",-12.5378532364288,1413423
2,2026-09-15 03:24:56,"ntc1_C",-12.5069152092286,1410790
2,2026-09-15 03:24:56,"ntc2_C",-12.4871924952344,1409258
2,2026-09-15 03:24:56,"testSB_C",-12.4737443076751,1411296
3,2026-09-15 03:24:56,"ntc1_C",-12.4405850066501,1409177
3,2026-09-15 03:24:56,"ntc2_C",-12.4188446733419,1406636
3,2026-09-15 03:24:56,"testSB_C",-12.4013208298258,1404986
4,2026-09-15 03:24:56,"ntc1_C",-12.3951007256307,1405959
4,2026-09-15 03:24:56,"ntc2_C",-12.3818147745652,1401849
4,2026-09-15 03:24:56,"testSB_C",-12.3795677591816,1401964
5,2026-09-15 03:24:56,"ntc1_C",-12.3630991248638,1401356
5,2026-09-15 03:24:56,"ntc2_C",-12.3549886723549,1402594
5,2026-09-15 03:24:56,"testSB_C",-12.3437954703481,1403093
6,2026-09-15 03:24:56,"ntc1_C",-12.3428050925182,1400784
6,2026-09-15 03:24:56,"ntc2_C",-12.3262212930416,1401608
6,2026-09-15 03:24:56,"testSB_C",-12.3269154365165,1401897
7,2026-09-15 03:24:56,"ntc1_C",-12.3076349589304,1398868
7,2026-09-15 03:24:56,"ntc2_C",-12.3099085387881,1401369
7,2026-09-15 03:24:56,"testSB_C",-12.2900610844418,1400143
8,2026-09-15 03:24:56,"ntc1_C",-12.2731886544178,1402017
8,2026-09-15 03:24:56,"ntc2_C",-12.2666059401514,1396097
8,2026-09-15 03:24:56,"testSB_C",-12.2608578149695,1393316
9,2026-09-15 03:24:56,"ntc1_C",-12.2436391287267,1394345
9,2026-09-15 03:24:56,"ntc2_C",-12.2314299063669,1398635
9,2026-09-15 03:24:56,"testSB_C",-12.2395378132044,1396793
10,2026-09-15 03:24:56,"ntc1_C",-12.2165308917981,1395964
10,2026-09-15 03:24:56,"ntc2_C",-12.2205439341274,1392751
10,2026-09-15 03:24:56,"testSB_C",-12.2053164040915,1392949
11,2026-09-15 03:24:56,"ntc1_C",-12.196640937946,1395091
11,2026-09-15 03:24:56,"ntc2_C",-12.1917421575661,1394326
11,2026-09-15 03:24:56,"testSB_C",-12.1903294047555,1392318
12,2026-09-15 03:24:56,"ntc1_C",-12.1744692412782,1392720
12,2026-09-15 03:24:56,"ntc2_C",-12.1678095647151,1391567
12,2026-09-15 03:24:56,"testSB_C",-12.1623491344742,1391108
13,2026-09-15 03:24:56,"ntc1_C",-12.1605586640788,1395978
13,2026-09-15 03:24:56,"ntc2_C",-12.1472271065848,1388272
13,2026-09-15 03:24:56,"testSB_C",-12.1438830605807,1390287
14,2026-09-15 03:24:56,"ntc1_C",-12.1413791669445,1388631
14,2026-09-15 03:24:56,"ntc2_C",-12.1354257925043,1391630
14,2026-09-15 03:24:56,"testSB_C",-12.1332753989351,1391403
15,2026-09-15 03:24:56,"ntc1_C",-12.1171387778004,1386137
15,2026-09-15 03:24:56,"ntc2_C",-12.1165361433121,1391045
15,2026-09-15 03:24:56,"testSB_C",-12.1170963028774,1391337
16,2026-09-15 03:24:56,"ntc1_C",-12.1063163395501,1387147
16,2026-09-15 03:24:56,"ntc2_C",-12.0929259789126,1385630
16,2026-09-15 03:24:56,"testSB_C",-12.0847961335981,1385119
17,2026-09-15 03:24:56,"ntc1_C",-12.0836161850957,1385745
17,2026-09-15 03:24:56,"ntc2_C",-12.0796377950734,1384814
17,2026-09-15 03:24:56,"testSB_C",-12.0667317336537,1388354
18,2026-09-15 03:24:56,"ntc1_C",-12.0679186389173,1388885
18,2026-09-15 03:24:56,"ntc2_C",-12.0535338226379,1384472
18,2026-09-15 03:24:56,"testSB_C",-12.0539088051259,1383863
19,2026-09-15 03:24:56,"ntc1_C",-12.0380968615644,1386919
19,2026-09-15 03:24:56,"ntc2_C",-12.0323539604456,1385182
19,2026-09-15 03:24:56,"testSB_C",-12.0328517876337,1387140
20,2026-09-15 03:24:56,"ntc1_C",-12.031640972815,1384212
20,2026-09-15 03:24:56,"ntc2_C",-12.0236604897675,1386043
20,2026-09-15 03:24:56,"testSB_C",-12.022511456824,1381683
21,2026-09-15 03:24:56,"ntc1_C",-12.0287478321956,1381200
21,2026-09-15 03:24:56,"ntc2_C",-12.0174169560967,1384085
21,2026-09-15 03:24:56,"testSB_C",-12.0038208531384,1383536
22,2026-09-15 03:24:56,"ntc1_C",-11.9930760021128,1383158
22,2026-09-15 03:24:56,"ntc2_C",-11.9778011363427,1383628
22,2026-09-15 03:24:56,"testSB_C",-11.9814530776437,1380141
23,2026-09-15 03:24:56,"ntc1_C",-11.9770381840095,1384959
23,2026-09-15 03:24:56,"ntc2_C",-11.9595482034096,1380609
23,2026-09-15 03:24:56,"testSB_C",-11.9786605502691,1379007
24,2026-09-15 03:24:56,"ntc1_C",-11.951080534422,1380852
24,2026-09-15 03:24:56,"ntc2_C",-11.9355994835104,1382001
24,2026-09-15 03:24:56,"testSB_C",-11.907968119977,1375276
1,2026-09-15 06:24:56,"ntc1_C",-8.81801001254172,1211678
1,2026-09-15 06:24:56,"testSB_C",-8.75952691209261,1211468
2,2026-09-15 06:24:56,"ntc1_C",-8.73683640101711,1209556
2,2026-09-15 06:24:56,"ntc2_C",-8.72387544417342,1208594
2,2026-09-15 06:24:56,"testSB_C",-8.70341727902928,1210190
3,2026-09-15 06:24:56,"ntc1_C",-8.70160414700723,1209826
3,2026-09-15 06:24:56,"ntc2_C",-8.69845791807609,1208483
3,2026-09-15 06:24:56,"testSB_C",-8.67940571806355,1207077
4,2026-09-15 06:24:56,"ntc1_C",-8.6650721881424,1207445
4,2026-09-15 06:24:56,"ntc2_C",-8.65006845477808,1203867
4,2026-09-15 06:24:56,"testSB_C",-8.64812897630964,1203985
5,2026-09-15 06:24:56,"ntc1_C",-8.64069945668706,1203809
5,2026-09-15 06:24:56,"ntc2_C",-8.63062079409269,1204874
5,2026-09-15 06:24:56,"testSB_C",-8.62495642886103,1205554
6,2026-09-15 06:24:56,"ntc1_C",-8.63058305969747,1203987
6,2026-09-15 06:24:56,"ntc2_C",-8.62240334475985,1204988
6,2026-09-15 06:24:56,"testSB_C",-8.61495742684474,1204900
7,2026-09-15 06:24:56,"ntc1_C",-8.60157361618781,1202493
7,2026-09-15 06:24:56,"ntc2_C",-8.59305625465106,1204121
7,2026-09-15 06:24:56,"testSB_C",-8.59497249913028,1204218
8,2026-09-15 06:24:56,"ntc1_C",-8.59828401299626,1206762
8,2026-09-15 06:24:56,"ntc2_C",-8.59227992232189,1201710
8,2026-09-15 06:24:56,"testSB_C",-8.5827089833266,1199128
9,2026-09-15 06:24:56,"ntc1_C",-8.58297744770073,1200915
9,2026-09-15 06:24:56,"ntc2_C",-8.58019348734535,1204962
9,2026-09-15 06:24:56,"testSB_C",-8.58262656748252,1203122
10,2026-09-15 06:24:56,"ntc1_C",-8.58468873466205,1203743
10,2026-09-15 06:24:56,"ntc2_C",-8.57566357641775,1200279
10,2026-09-15 06:24:56,"testSB_C",-8.58237074752276,1201498
11,2026-09-15 06:24:56,"ntc1_C",-8.57884230903625,1203697
11,2026-09-15 06:24:56,"ntc2_C",-8.57259587448465,1202924
11,2026-09-15 06:24:56,"testSB_C",-8.5684783994883,1201074
12,2026-09-15 06:24:56,"ntc1_C",-8.56300782534726,1201950
12,2026-09-15 06:24:56,"ntc2_C",-8.56286627166304,1201267
12,2026-09-15 06:24:56,"testSB_C",-8.55139250452987,1200526
13,2026-09-15 06:24:56,"ntc1_C",-8.54764195161658,1204672
13,2026-09-15 06:24:56,"ntc2_C",-8.53382218752239,1197918
13,2026-09-15 06:24:56,"testSB_C",-8.52866281091195,1199605
14,2026-09-15 06:24:56,"ntc1_C",-8.52759864145571,1198313
14,2026-09-15 06:24:56,"ntc2_C",-8.51714054742604,1200690
14,2026-09-15 06:24:56,"testSB_C",-8.51514592181388,1200460
15,2026-09-15 06:24:56,"ntc1_C",-8.51220993712457,1196615
15,2026-09-15 06:24:56,"ntc2_C",-8.49686628976713,1200032
15,2026-09-15 06:24:56,"testSB_C",-8.50600575517672,1200715
16,2026-09-15 06:24:56,"ntc1_C",-8.50731968484462,1197675
16,2026-09-15 06:24:56,"ntc2_C",-8.50673261747784,1196950
16,2026-09-15 06:24:56,"testSB_C",-8.50538530921034,1196831
17,2026-09-15 06:24:56,"ntc1_C",-8.51588945914409,1198000
17,2026-09-15 06:24:56,"ntc2_C",-8.50800663153808,1197069
17,2026-09-15 06:24:56,"testSB_C",-8.51574354098727,1201114
18,2026-09-15 06:24:56,"ntc1_C",-8.51806484259106,1201687
18,2026-09-15 06:24:56,"ntc2_C",-8.5082706708302,1198157
18,2026-09-15 06:24:56,"testSB_C",-8.51644093020553,1197804
19,2026-09-15 06:24:56,"ntc1_C",-8.53342827120713,1202116
19,2026-09-15 06:24:56,"ntc2_C",-8.53267210214153,1200834
19,2026-09-15 06:24:56,"testSB_C",-8.54044589251498,1202879
20,2026-09-15 06:24:56,"ntc1_C",-8.54482583703953,1200590
20,2026-09-15 06:24:56,"ntc2_C",-8.54379575279972,1202538
20,2026-09-15 06:24:56,"testSB_C",-8.54522370479793,1198896
21,2026-09-15 06:24:56,"ntc1_C",-8.55577559924092,1198829
21,2026-09-15 06:24:56,"ntc2_C",-8.55961708733031,1201959
21,2026-09-15 06:24:56,"testSB_C",-8.56392038229114,1202335
22,2026-09-15 06:24:56,"ntc1_C",-8.5762459243872,1203151
22,2026-09-15 06:24:56,"ntc2_C",-8.57615138531628,1204387
22,2026-09-15 06:24:56,"testSB_C",-8.57429123284527,1200996
23,2026-09-15 06:24:56,"ntc1_C",-8.58169976598907,1205828
23,2026-09-15 06:24:56,"ntc2_C",-8.59044504953386,1203284
23,2026-09-15 06:24:56,"testSB_C",-8.59352083096292,1201247
24,2026-09-15 06:24:56,"ntc1_C",-8.59165201713836,1203942
24,2026-09-15 06:24:56,"ntc2_C",-8.59264734536652,1205794
24,2026-09-15 06:24:56,"testSB_C",-8.59114348677144,1201225
1,2026-09-15 09:24:56,"ntc1_C",-12.7941052424063,1425246
1,2026-09-15 09:24:56,"testSB_C",-12.7910364490286,1428105
2,2026-09-15 09:24:56,"ntc1_C",-12.806305736766,1428141
2,2026-09-15 09:24:56,"ntc2_C",-12.7713001666663,1425699
2,2026-09-15 09:24:56,"testSB_C",-12.804361463465,1430454
3,2026-09-15 09:24:56,"ntc1_C",-12.7372447429875,1426338
3,2026-09-15 09:24:56,"ntc2_C",-12.7181959939547,1423930
3,2026-09-15 09:24:56,"testSB_C",-12.6821215133969,1421176
4,2026-09-15 09:24:56,"ntc1_C",-12.6795500105312,1422378
4,2026-09-15 09:24:56,"ntc2_C",-12.6918143120628,1419697
4,2026-09-15 09:24:56,"testSB_C",-12.6731127344359,1418860
5,2026-09-15 09:24:56,"ntc1_C",-12.7034392294613,1420966
5,2026-09-15 09:24:56,"ntc2_C",-12.6973290963874,1422327
5,2026-09-15 09:24:56,"testSB_C",-12.6914745846116,1423145
6,2026-09-15 09:24:56,"ntc1_C",-12.6936886000964,1420978
6,2026-09-15 09:24:56,"ntc2_C",-12.7359741068714,1425248
6,2026-09-15 09:24:56,"testSB_C",-12.7022305305391,1423532
7,2026-09-15 09:24:56,"ntc1_C",-12.6832023545172,1420483
7,2026-09-15 09:24:56,"ntc2_C",-12.7495094229462,1426746
7,2026-09-15 09:24:56,"testSB_C",-12.7328114095378,1425670
8,2026-09-15 09:24:56,"ntc1_C",-12.7452574770629,1429295
8,2026-09-15 09:24:56,"ntc2_C",-12.7378919287961,1423214
8,2026-09-15 09:24:56,"testSB_C",-12.7561604952984,1421773
9,2026-09-15 09:24:56,"ntc1_C",-12.7130028475133,1421310
9,2026-09-15 09:24:56,"ntc2_C",-12.7444112437759,1428240
9,2026-09-15 09:24:56,"testSB_C",-12.7293335956701,1425006
10,2026-09-15 09:24:56,"ntc1_C",-12.7399478315024,1426098
10,2026-09-15 09:24:56,"ntc2_C",-12.7592734086323,1423716
10,2026-09-15 09:24:56,"testSB_C",-12.7777577731788,1425884
11,2026-09-15 09:24:56,"ntc1_C",-12.7412496746788,1426437
11,2026-09-15 09:24:56,"ntc2_C",-12.7687893341566,1427552
11,2026-09-15 09:24:56,"testSB_C",-12.7329826269338,1423495
12,2026-09-15 09:24:56,"ntc1_C",-12.7870763670686,1427971
12,2026-09-15 09:24:56,"ntc2_C",-12.7609044047048,1425655
12,2026-09-15 09:24:56,"testSB_C",-12.7675708969633,1425901
13,2026-09-15 09:24:56,"ntc1_C",-12.7444269165063,1429636
13,2026-09-15 09:24:56,"ntc2_C",-12.7475914334211,1422720
13,2026-09-15 09:24:56,"testSB_C",-12.7373587949164,1424376
14,2026-09-15 09:24:56,"ntc1_C",-12.7156242260555,1421552
14,2026-09-15 09:24:56,"ntc2_C",-12.7213519184956,1425298
14,2026-09-15 09:24:56,"testSB_C",-12.7018775214827,1424066
15,2026-09-15 09:24:56,"ntc1_C",-12.7289677443444,1421173
15,2026-09-15 09:24:56,"ntc2_C",-12.6880582532825,1423879
15,2026-09-15 09:24:56,"testSB_C",-12.7316329410399,1426677
16,2026-09-15 09:24:56,"ntc1_C",-12.7165062161173,1422133
16,2026-09-15 09:24:56,"ntc2_C",-12.7457432797215,1423061
16,2026-09-15 09:24:56,"testSB_C",-12.7204927416761,1421544
17,2026-09-15 09:24:56,"ntc1_C",-12.7310004296424,1422852
17,2026-09-15 09:24:56,"ntc2_C",-12.7134841306741,1421097
17,2026-09-15 09:24:56,"testSB_C",-12.7212470745251,1425936
18,2026-09-15 09:24:56,"ntc1_C",-12.7421598117879,1427617
18,2026-09-15 09:24:56,"ntc2_C",-12.7419645401645,1423892
18,2026-09-15 09:24:56,"testSB_C",-12.7240685569813,1422252
19,2026-09-15 09:24:56,"ntc1_C",-12.7522782563959,1427942
19,2026-09-15 09:24:56,"ntc2_C",-12.7663221666785,1427311
19,2026-09-15 09:24:56,"testSB_C",-12.7505705590326,1428383
20,2026-09-15 09:24:56,"ntc1_C",-12.7218408311444,1423774
20,2026-09-15 09:24:56,"ntc2_C",-12.7678565198597,1428798
20,2026-09-15 09:24:56,"testSB_C",-12.7230681534535,1421767
21,2026-09-15 09:24:56,"ntc1_C",-12.7250391736264,1420990
21,2026-09-15 09:24:56,"ntc2_C",-12.7673063701908,1427102
21,2026-09-15 09:24:56,"testSB_C",-12.7440129070316,1425978
22,2026-09-15 09:24:56,"ntc1_C",-12.7402160387224,1425991
22,2026-09-15 09:24:56,"ntc2_C",-12.7611982252662,1428567
22,2026-09-15 09:24:56,"testSB_C",-12.7533736971599,1424324
23,2026-09-15 09:24:56,"ntc1_C",-12.7709563807346,1430559
23,2026-09-15 09:24:56,"ntc2_C",-12.8100945679366,1429381
23,2026-09-15 09:24:56,"testSB_C",-12.7986964835098,1425899
24,2026-09-15 09:24:56,"ntc1_C",-12.7522021042776,1426758
24,2026-09-15 09:24:56,"ntc2_C",-12.7726272992751,1430028
24,2026-09-15 09:24:56,"testSB_C",-12.7043268112779,1420707
1,2026-09-15 12:24:56,"ntc1_C",-12.2380987280459,1393249
1,2026-09-15 12:24:56,"testSB_C",-12.1833030084927,1393115
2,2026-09-15 12:24:56,"ntc1_C",-12.2532453926479,1396253
2,2026-09-15 12:24:56,"ntc2_C",-12.1296778136108,1388837
2,2026-09-15 12:24:56,"testSB_C",-12.2531211493242,1398654
3,2026-09-15 12:24:56,"ntc1_C",-12.000390431417,1384091
3,2026-09-15 12:24:56,"ntc2_C",-12.0162355126231,1383706
3,2026-09-15 12:24:56,"testSB_C",-11.9114594471666,1377181
4,2026-09-15 12:24:56,"ntc1_C",-11.8873396331607,1377118
4,2026-09-15 12:24:56,"ntc2_C",-11.918855354988,1375610
4,2026-09-15 12:24:56,"testSB_C",-11.8975186874568,1374652
5,2026-09-15 12:24:56,"ntc1_C",-11.9342361760831,1377029
5,2026-09-15 12:24:56,"ntc2_C",-11.9707199409515,1380769
5,2026-09-15 12:24:56,"testSB_C",-11.9528020582505,1380879
6,2026-09-15 12:24:56,"ntc1_C",-11.9471321897257,1378355
6,2026-09-15 12:24:56,"ntc2_C",-12.0734163529029,1387218
6,2026-09-15 12:24:56,"testSB_C",-11.9970583318476,1383153
7,2026-09-15 12:24:56,"ntc1_C",-11.8805474893044,1374686
7,2026-09-15 12:24:56,"ntc2_C",-12.046393203281,1386373
7,2026-09-15 12:24:56,"testSB_C",-11.9984980867221,1383582
8,2026-09-15 12:24:56,"ntc1_C",-12.0255612182515,1387916
8,2026-09-15 12:24:56,"ntc2_C",-11.9345166689623,1377299
8,2026-09-15 12:24:56,"testSB_C",-12.0182654760371,1379586
9,2026-09-15 12:24:56,"ntc1_C",-11.8895938086261,1374343
9,2026-09-15 12:24:56,"ntc2_C",-11.9794062071976,1384315
9,2026-09-15 12:24:56,"testSB_C",-11.9490836720752,1380326
10,2026-09-15 12:24:56,"ntc1_C",-11.9260659035063,1379516
10,2026-09-15 12:24:56,"ntc2_C",-12.0094212868964,1380800
10,2026-09-15 12:24:56,"testSB_C",-12.0178337270448,1382328
11,2026-09-15 12:24:56,"ntc1_C",-11.933085264768,1380169
11,2026-09-15 12:24:56,"ntc2_C",-11.9759536165486,1382100
11,2026-09-15 12:24:56,"testSB_C",-11.8650117689676,1373955
12,2026-09-15 12:24:56,"ntc1_C",-12.0127182164349,1383558
12,2026-09-15 12:24:56,"ntc2_C",-11.9421206081644,1378810
12,2026-09-15 12:24:56,"testSB_C",-12.0318593917376,1383718
13,2026-09-15 12:24:56,"ntc1_C",-11.935678630487,1383226
13,2026-09-15 12:24:56,"ntc2_C",-11.9277081092781,1375885
13,2026-09-15 12:24:56,"testSB_C",-11.9060452912307,1376855
14,2026-09-15 12:24:56,"ntc1_C",-11.8648838536108,1373052
14,2026-09-15 12:24:56,"ntc2_C",-11.9059841427443,1378663
14,2026-09-15 12:24:56,"testSB_C",-11.7982975700043,1372511
15,2026-09-15 12:24:56,"ntc1_C",-11.922539948457,1375175
15,2026-09-15 12:24:56,"ntc2_C",-11.8160864198274,1374088
15,2026-09-15 12:24:56,"testSB_C",-11.9010814962076,1379123
16,2026-09-15 12:24:56,"ntc1_C",-11.9029776805195,1375680
16,2026-09-15 12:24:56,"ntc2_C",-11.9805433428863,1379286
16,2026-09-15 12:24:56,"testSB_C",-11.9344992773474,1376644
17,2026-09-15 12:24:56,"ntc1_C",-11.9435422485166,1377844
17,2026-09-15 12:24:56,"ntc2_C",-11.9242133790977,1376059
17,2026-09-15 12:24:56,"testSB_C",-11.9255375262098,1380377
18,2026-09-15 12:24:56,"ntc1_C",-11.9572076336747,1382626
18,2026-09-15 12:24:56,"ntc2_C",-12.000238008095,1381466
18,2026-09-15 12:24:56,"testSB_C",-11.9412552591274,1377512
19,2026-09-15 12:24:56,"ntc1_C",-12.0058732113864,1385096
19,2026-09-15 12:24:56,"ntc2_C",-12.0917728698689,1388546
19,2026-09-15 12:24:56,"testSB_C",-11.9972260504582,1385124
20,2026-09-15 12:24:56,"ntc1_C",-11.9345782353286,1378737
20,2026-09-15 12:24:56,"ntc2_C",-12.0617674362774,1388201
20,2026-09-15 12:24:56,"testSB_C",-11.9323370503644,1376606
21,2026-09-15 12:24:56,"ntc1_C",-11.9466263906452,1376581
21,2026-09-15 12:24:56,"ntc2_C",-12.065392753642,1386798
21,2026-09-15 12:24:56,"testSB_C",-12.0357404733331,1385340
22,2026-09-15 12:24:56,"ntc1_C",-11.9888427122656,1382919
22,2026-09-15 12:24:56,"ntc2_C",-12.0933026712873,1390164
22,2026-09-15 12:24:56,"testSB_C",-12.0815451800039,1385792
23,2026-09-15 12:24:56,"ntc1_C",-12.1268773108692,1393453
23,2026-09-15 12:24:56,"ntc2_C",-12.2143987440755,1395046
23,2026-09-15 12:24:56,"testSB_C",-12.169203008728,1389764
24,2026-09-15 12:24:56,"ntc1_C",-12.053150518472,1386618
24,2026-09-15 12:24:56,"ntc2_C",-12.1067541464049,1391689
24,2026-09-15 12:24:56,"testSB_C",-11.9888629119564,1379824
1,2026-09-15 15:24:56,"ntc1_C",-10.9366013260636,1321128
1,2026-09-15 15:24:56,"testSB_C",-10.9566831996829,1325080
2,2026-09-15 15:24:56,"ntc1_C",-11.0813734516006,1331015
2,2026-09-15 15:24:56,"ntc2_C",-10.9829093335242,1325309
2,2026-09-15 15:24:56,"testSB_C",-11.1216320399885,1335574
3,2026-09-15 15:24:56,"ntc1_C",-10.787384603597,1317250
3,2026-09-15 15:24:56,"ntc2_C",-10.8092075676082,1317177
3,2026-09-15 15:24:56,"testSB_C",-10.6659264480053,1308938
4,2026-09-15 15:24:56,"ntc1_C",-10.6388941559072,1308698
4,2026-09-15 15:24:56,"ntc2_C",-10.677370434333,1307648
4,2026-09-15 15:24:56,"testSB_C",-10.6561283541283,1306744
5,2026-09-15 15:24:56,"ntc1_C",-10.7153647844356,1310172
5,2026-09-15 15:24:56,"ntc2_C",-10.7509741573872,1313718
5,2026-09-15 15:24:56,"testSB_C",-10.7359501956326,1313971
6,2026-09-15 15:24:56,"ntc1_C",-10.7536145130602,1312852
6,2026-09-15 15:24:56,"ntc2_C",-10.9079631566218,1322765
6,2026-09-15 15:24:56,"testSB_C",-10.8259751892454,1318608
7,2026-09-15 15:24:56,"ntc1_C",-10.6904759893646,1309488
7,2026-09-15 15:24:56,"ntc2_C",-10.8605876648613,1320853
7,2026-09-15 15:24:56,"testSB_C",-10.8369722825633,1319529
8,2026-09-15 15:24:56,"ntc1_C",-10.8795502165135,1324481
8,2026-09-15 15:24:56,"ntc2_C",-10.8073663564472,1315365
8,2026-09-15 15:24:56,"testSB_C",-10.8665864443415,1316229
9,2026-09-15 15:24:56,"ntc1_C",-10.8070491774241,1314948
9,2026-09-15 15:24:56,"ntc2_C",-10.8562863899521,1322261
9,2026-09-15 15:24:56,"testSB_C",-10.8421972041895,1319333
10,2026-09-15 15:24:56,"ntc1_C",-10.8271819809002,1319025
10,2026-09-15 15:24:56,"ntc2_C",-10.9318022337096,1321379
10,2026-09-15 15:24:56,"testSB_C",-10.9339425936926,1322494
11,2026-09-15 15:24:56,"ntc1_C",-10.905490016771,1323498
11,2026-09-15 15:24:56,"ntc2_C",-10.9230061768835,1323964
11,2026-09-15 15:24:56,"testSB_C",-10.7975141735639,1315385
12,2026-09-15 15:24:56,"ntc1_C",-10.9640586104287,1325604
12,2026-09-15 15:24:56,"ntc2_C",-10.8368178853416,1318003
12,2026-09-15 15:24:56,"testSB_C",-11.0238999677192,1327942
13,2026-09-15 15:24:56,"ntc1_C",-10.8562516550704,1323619
13,2026-09-15 15:24:56,"ntc2_C",-10.8385158445554,1316041
13,2026-09-15 15:24:56,"testSB_C",-10.8292929164924,1317651
14,2026-09-15 15:24:56,"ntc1_C",-10.8055386297321,1314966
14,2026-09-15 15:24:56,"ntc2_C",-10.8606784282848,1321100
14,2026-09-15 15:24:56,"testSB_C",-10.717704675289,1313300
15,2026-09-15 15:24:56,"ntc1_C",-10.8597110235035,1316818
15,2026-09-15 15:24:56,"ntc2_C",-10.7449152871276,1315299
15,2026-09-15 15:24:56,"testSB_C",-10.8103078777175,1319067
16,2026-09-15 15:24:56,"ntc1_C",-10.8261159324571,1316515
16,2026-09-15 15:24:56,"ntc2_C",-10.8959863128463,1319537
16,2026-09-15 15:24:56,"testSB_C",-10.8331857803507,1316106
17,2026-09-15 15:24:56,"ntc1_C",-10.8337363132067,1316817
17,2026-09-15 15:24:56,"ntc2_C",-10.822881702634,1315588
17,2026-09-15 15:24:56,"testSB_C",-10.853497975991,1321287
18,2026-09-15 15:24:56,"ntc1_C",-10.8413450049689,1321095
18,2026-09-15 15:24:56,"ntc2_C",-10.9433767688415,1323187
18,2026-09-15 15:24:56,"testSB_C",-10.8314261711956,1316482
19,2026-09-15 15:24:56,"ntc1_C",-10.9007280694892,1324004
19,2026-09-15 15:24:56,"ntc2_C",-11.0226049102146,1329245
19,2026-09-15 15:24:56,"testSB_C",-10.9281077451303,1325969
20,2026-09-15 15:24:56,"ntc1_C",-10.8361107911476,1318266
20,2026-09-15 15:24:56,"ntc2_C",-10.9753190833904,1327973
20,2026-09-15 15:24:56,"testSB_C",-10.8082813557479,1314865
21,2026-09-15 15:24:56,"ntc1_C",-10.8464177310898,1316170
21,2026-09-15 15:24:56,"ntc2_C",-10.9522301619999,1325198
21,2026-09-15 15:24:56,"testSB_C",-10.880667194577,1321533
22,2026-09-15 15:24:56,"ntc1_C",-10.8968998327343,1322631
22,2026-09-15 15:24:56,"ntc2_C",-11.0215243358143,1330682
22,2026-09-15 15:24:56,"testSB_C",-10.9618431751314,1323874
23,2026-09-15 15:24:56,"ntc1_C",-11.0315760931637,1332544
23,2026-09-15 15:24:56,"ntc2_C",-11.1174829840179,1333961
23,2026-09-15 15:24:56,"testSB_C",-11.0817334069814,1329478
24,2026-09-15 15:24:56,"ntc1_C",-10.9907128598742,1327761
24,2026-09-15 15:24:56,"ntc2_C",-11.0213323055099,1331381
24,2026-09-15 15:24:56,"testSB_C",-10.7070984844189,1309501
1,2026-09-15 18:24:56,"ntc1_C",-11.9981581656326,1379663
1,2026-09-15 18:24:56,"testSB_C",-12.0284350331502,1384336
2,2026-09-15 18:24:56,"ntc1_C",-12.0829363265277,1386577
2,2026-09-15 18:24:56,"ntc2_C",-12.0436967420751,1383970
2,2026-09-15 18:24:56,"testSB_C",-12.1061136592789,1390293
3,2026-09-15 18:24:56,"ntc1_C",-11.9765117797679,1382743
3,2026-09-15 18:24:56,"ntc2_C",-11.9948765590865,1382500
3,2026-09-15 18:24:56,"testSB_C",-11.9421715805245,1378908
4,2026-09-15 18:24:56,"ntc1_C",-11.9037532823682,1378041
4,2026-09-15 18:24:56,"ntc2_C",-11.9303766319924,1376257
4,2026-09-15 18:24:56,"testSB_C",-11.924365062431,1376159
5,2026-09-15 18:24:56,"ntc1_C",-11.9407976202559,1377398
5,2026-09-15 18:24:56,"ntc2_C",-11.9457395445947,1379362
5,2026-09-15 18:24:56,"testSB_C",-11.9386575125388,1380082
6,2026-09-15 18:24:56,"ntc1_C",-11.9504397784709,1378541
6,2026-09-15 18:24:56,"ntc2_C",-12.0238511013796,1384414
6,2026-09-15 18:24:56,"testSB_C",-11.9994322529996,1383287
7,2026-09-15 18:24:56,"ntc1_C",-11.9225039416139,1377043
7,2026-09-15 18:24:56,"ntc2_C",-11.9983980351507,1383659
7,2026-09-15 18:24:56,"testSB_C",-12.0135826571211,1384434
8,2026-09-15 18:24:56,"ntc1_C",-12.0366251423339,1388543
8,2026-09-15 18:24:56,"ntc2_C",-11.9852262769523,1380153
8,2026-09-15 18:24:56,"testSB_C",-12.0183720142609,1379592
9,2026-09-15 18:24:56,"ntc1_C",-11.985130353303,1379712
9,2026-09-15 18:24:56,"ntc2_C",-12.0053968505413,1385785
9,2026-09-15 18:24:56,"testSB_C",-12.0001845132214,1383209
10,2026-09-15 18:24:56,"ntc1_C",-11.9997132962685,1383668
10,2026-09-15 18:24:56,"ntc2_C",-12.0224049141188,1381532
10,2026-09-15 18:24:56,"testSB_C",-12.0654180473663,1385016
11,2026-09-15 18:24:56,"ntc1_C",-12.022260386055,1385200
11,2026-09-15 18:24:56,"ntc2_C",-12.027699603548,1385022
11,2026-09-15 18:24:56,"testSB_C",-11.989922970227,1380977
12,2026-09-15 18:24:56,"ntc1_C",-12.0554397844489,1385972
12,2026-09-15 18:24:56,"ntc2_C",-12.0106816836916,1382673
12,2026-09-15 18:24:56,"testSB_C",-12.0874420621357,1386861
13,2026-09-15 18:24:56,"ntc1_C",-11.9983304880935,1386767
13,2026-09-15 18:24:56,"ntc2_C",-11.9872344299494,1379233
13,2026-09-15 18:24:56,"testSB_C",-11.9840851703227,1381248
14,2026-09-15 18:24:56,"ntc1_C",-11.9817258829011,1379614
14,2026-09-15 18:24:56,"ntc2_C",-11.9942490830899,1383637
14,2026-09-15 18:24:56,"testSB_C",-11.9392145336191,1380427
15,2026-09-15 18:24:56,"ntc1_C",-11.9976011920927,1379393
15,2026-09-15 18:24:56,"ntc2_C",-11.9475484511174,1381482
15,2026-09-15 18:24:56,"testSB_C",-11.9735044720954,1383206
16,2026-09-15 18:24:56,"ntc1_C",-11.9951650045276,1380867
16,2026-09-15 18:24:56,"ntc2_C",-12.0122340696814,1381072
16,2026-09-15 18:24:56,"testSB_C",-12.0070405037195,1380728
17,2026-09-15 18:24:56,"ntc1_C",-11.9938417215632,1380676
17,2026-09-15 18:24:56,"ntc2_C",-11.9693532007807,1378596
17,2026-09-15 18:24:56,"testSB_C",-11.9769442605015,1383276
18,2026-09-15 18:24:56,"ntc1_C",-11.9704647566152,1383374
18,2026-09-15 18:24:56,"ntc2_C",-12.0028114869431,1381611
18,2026-09-15 18:24:56,"testSB_C",-11.9471393083226,1377843
19,2026-09-15 18:24:56,"ntc1_C",-12.0047057906663,1385030
19,2026-09-15 18:24:56,"ntc2_C",-12.0408410833779,1385662
19,2026-09-15 18:24:56,"testSB_C",-11.9944140812904,1384965
20,2026-09-15 18:24:56,"ntc1_C",-11.9579793303212,1380055
20,2026-09-15 18:24:56,"ntc2_C",-12.0186410808349,1385759
20,2026-09-15 18:24:56,"testSB_C",-11.9481864254699,1377497
21,2026-09-15 18:24:56,"ntc1_C",-11.9670802157018,1377730
21,2026-09-15 18:24:56,"ntc2_C",-12.019965762125,1384229
21,2026-09-15 18:24:56,"testSB_C",-11.9915480027097,1382843
22,2026-09-15 18:24:56,"ntc1_C",-11.9987959823231,1383481
22,2026-09-15 18:24:56,"ntc2_C",-12.0476512234561,1387577
22,2026-09-15 18:24:56,"testSB_C",-12.0058628319944,1381517
23,2026-09-15 18:24:56,"ntc1_C",-12.0441501085801,1388757
23,2026-09-15 18:24:56,"ntc2_C",-12.1063878975421,1388909
23,2026-09-15 18:24:56,"testSB_C",-12.0837769451734,1384931
24,2026-09-15 18:24:56,"ntc1_C",-12.0399333276473,1385870
24,2026-09-15 18:24:56,"ntc2_C",-12.0507055879787,1388509
24,2026-09-15 18:24:56,"testSB_C",-11.9498895660101,1377631
1,2026-09-15 21:24:56,"ntc1_C",-12.5745742208318,1412526
1,2026-09-15 21:24:56,"testSB_C",-12.5872212446051,1416274
2,2026-09-15 21:24:56,"ntc1_C",-12.5984936154715,1416075
2,2026-09-15 21:24:56,"ntc2_C",-12.6062906972465,1416127
2,2026-09-15 21:24:56,"testSB_C",-12.6182161191082,1419636
3,2026-09-15 21:24:56,"ntc1_C",-12.6457461611138,1421023
3,2026-09-15 21:24:56,"ntc2_C",-12.6489181476344,1419909
3,2026-09-15 21:24:56,"testSB_C",-12.6492639634128,1419272
4,2026-09-15 21:24:56,"ntc1_C",-12.6351218094767,1419801
4,2026-09-15 21:24:56,"ntc2_C",-12.6446148184066,1416965
4,2026-09-15 21:24:56,"testSB_C",-12.6565793291153,1417903
5,2026-09-15 21:24:56,"ntc1_C",-12.6542329914072,1418114
5,2026-09-15 21:24:56,"ntc2_C",-12.6437243184758,1419219
5,2026-09-15 21:24:56,"testSB_C",-12.6494980600284,1420709
6,2026-09-15 21:24:56,"ntc1_C",-12.6571205834336,1418860
6,2026-09-15 21:24:56,"ntc2_C",-12.6707561075435,1421459
6,2026-09-15 21:24:56,"testSB_C",-12.6723941070389,1421800
7,2026-09-15 21:24:56,"ntc1_C",-12.6574444440856,1418990
7,2026-09-15 21:24:56,"ntc2_C",-12.6673384762949,1421968
7,2026-09-15 21:24:56,"testSB_C",-12.6747286241746,1422295
8,2026-09-15 21:24:56,"ntc1_C",-12.6890390184904,1426019
8,2026-09-15 21:24:56,"ntc2_C",-12.6817777793964,1419958
8,2026-09-15 21:24:56,"testSB_C",-12.681072473188,1417422
9,2026-09-15 21:24:56,"ntc1_C",-12.6766480290942,1419203
9,2026-09-15 21:24:56,"ntc2_C",-12.6808634308625,1424539
9,2026-09-15 21:24:56,"testSB_C",-12.6839985899121,1422371
10,2026-09-15 21:24:56,"ntc1_C",-12.691451453214,1423279
10,2026-09-15 21:24:56,"ntc2_C",-12.682124972048,1419240
10,2026-09-15 21:24:56,"testSB_C",-12.6991522989193,1421316
11,2026-09-15 21:24:56,"ntc1_C",-12.6873033288359,1423301
11,2026-09-15 21:24:56,"ntc2_C",-12.690114737746,1422976
11,2026-09-15 21:24:56,"testSB_C",-12.6947181055212,1421274
12,2026-09-15 21:24:56,"ntc1_C",-12.6984359222919,1422816
12,2026-09-15 21:24:56,"ntc2_C",-12.7012649591837,1422190
12,2026-09-15 21:24:56,"testSB_C",-12.6948488518037,1421675
13,2026-09-15 21:24:56,"ntc1_C",-12.6849367609043,1426170
13,2026-09-15 21:24:56,"ntc2_C",-12.6829072496315,1418968
13,2026-09-15 21:24:56,"testSB_C",-12.682700626806,1421202
14,2026-09-15 21:24:56,"ntc1_C",-12.6837244329612,1419703
14,2026-09-15 21:24:56,"ntc2_C",-12.6715140586161,1422403
14,2026-09-15 21:24:56,"testSB_C",-12.6743452749744,1422467
15,2026-09-15 21:24:56,"ntc1_C",-12.6755974363384,1418082
15,2026-09-15 21:24:56,"ntc2_C",-12.6725852867341,1422980
15,2026-09-15 21:24:56,"testSB_C",-12.683636007961,1423885
16,2026-09-15 21:24:56,"ntc1_C",-12.6874450847839,1420447
16,2026-09-15 21:24:56,"ntc2_C",-12.6866895960566,1419634
16,2026-09-15 21:24:56,"testSB_C",-12.6872016503717,1419613
17,2026-09-15 21:24:56,"ntc1_C",-12.6971590037665,1420888
17,2026-09-15 21:24:56,"ntc2_C",-12.6868064219985,1419551
17,2026-09-15 21:24:56,"testSB_C",-12.686334044124,1423906
18,2026-09-15 21:24:56,"ntc1_C",-12.6955799768355,1424907
18,2026-09-15 21:24:56,"ntc2_C",-12.6793854715275,1420263
18,2026-09-15 21:24:56,"testSB_C",-12.6825468547,1419843
19,2026-09-15 21:24:56,"ntc1_C",-12.7031537727933,1425082
19,2026-09-15 21:24:56,"ntc2_C",-12.6973775945499,1423300
19,2026-09-15 21:24:56,"testSB_C",-12.6975855365502,1425297
20,2026-09-15 21:24:56,"ntc1_C",-12.6997930568242,1422493
20,2026-09-15 21:24:56,"ntc2_C",-12.6913195509083,1424341
20,2026-09-15 21:24:56,"testSB_C",-12.6943104181568,1420099
21,2026-09-15 21:24:56,"ntc1_C",-12.6987472899972,1419467
21,2026-09-15 21:24:56,"ntc2_C",-12.6953119949285,1422915
21,2026-09-15 21:24:56,"testSB_C",-12.6945865105442,1423104
22,2026-09-15 21:24:56,"ntc1_C",-12.7046600760502,1423923
22,2026-09-15 21:24:56,"ntc2_C",-12.6917476996331,1424525
22,2026-09-15 21:24:56,"testSB_C",-12.6850478023357,1420357
23,2026-09-15 21:24:56,"ntc1_C",-12.6942699733622,1426090
23,2026-09-15 21:24:56,"ntc2_C",-12.7016082676634,1423066
23,2026-09-15 21:24:56,"testSB_C",-12.7018753963829,1420281
24,2026-09-15 21:24:56,"ntc1_C",-12.6862308983472,1422921
24,2026-09-15 21:24:56,"ntc2_C",-12.6847891534653,1424911
24,2026-09-15 21:24:56,"testSB_C",-12.684155290298,1419538
1,2026-09-16 00:24:56,"ntc1_C",-12.1449161842456,1387957
1,2026-09-16 00:24:56,"testSB_C",-12.2026391126965,1394215
2,2026-09-16 00:24:56,"ntc1_C",-12.221687683204,1394455
2,2026-09-16 00:24:56,"ntc2_C",-12.2335233417041,1394738
2,2026-09-16 00:24:56,"testSB_C",-12.2437407743543,1398119
3,2026-09-16 00:24:56,"ntc1_C",-12.2751954138541,1399699
3,2026-09-16 00:24:56,"ntc2_C",-12.2811061214528,1398749
3,2026-09-16 00:24:56,"testSB_C",-12.3018673816274,1399296
4,2026-09-16 00:24:56,"ntc1_C",-12.2592652583014,1398185
4,2026-09-16 00:24:56,"ntc2_C",-12.2704506445459,1395492
4,2026-09-16 00:24:56,"testSB_C",-12.2891996047618,1396803
5,2026-09-16 00:24:56,"ntc1_C",-12.2881349828629,1397073
5,2026-09-16 00:24:56,"ntc2_C",-12.2734440937913,1397934
5,2026-09-16 00:24:56,"testSB_C",-12.2879412512302,1399898
6,2026-09-16 00:24:56,"ntc1_C",-12.2982273152916,1398239
6,2026-09-16 00:24:56,"ntc2_C",-12.304993753192,1400394
6,2026-09-16 00:24:56,"testSB_C",-12.3186982405875,1401427
7,2026-09-16 00:24:56,"ntc1_C",-12.300157627061,1398441
7,2026-09-16 00:24:56,"ntc2_C",-12.3098561033196,1401366
7,2026-09-16 00:24:56,"testSB_C",-12.3277650755801,1402299
8,2026-09-16 00:24:56,"ntc1_C",-12.3371607620409,1405683
8,2026-09-16 00:24:56,"ntc2_C",-12.3452497137758,1400586
8,2026-09-16 00:24:56,"testSB_C",-12.3375352087592,1397684
9,2026-09-16 00:24:56,"ntc1_C",-12.3359199257616,1399606
9,2026-09-16 00:24:56,"ntc2_C",-12.3355129054892,1404592
9,2026-09-16 00:24:56,"testSB_C",-12.3322262735795,1402089
10,2026-09-16 00:24:56,"ntc1_C",-12.3539753587398,1403815
10,2026-09-16 00:24:56,"ntc2_C",-12.3314267195993,1399069
10,2026-09-16 00:24:56,"testSB_C",-12.3910295853158,1403550
11,2026-09-16 00:24:56,"ntc1_C",-12.3852439086919,1405868
11,2026-09-16 00:24:56,"ntc2_C",-12.3801873915622,1405091
11,2026-09-16 00:24:56,"testSB_C",-12.3773447950284,1402985
12,2026-09-16 00:24:56,"ntc1_C",-12.3725803715279,1404024
12,2026-09-16 00:24:56,"ntc2_C",-12.3807970264799,1403714
12,2026-09-16 00:24:56,"testSB_C",-12.372495229947,1403092
13,2026-09-16 00:24:56,"ntc1_C",-12.344280162977,1406483
13,2026-09-16 00:24:56,"ntc2_C",-12.3446822059591,1399509
13,2026-09-16 00:24:56,"testSB_C",-12.342411396725,1401599
14,2026-09-16 00:24:56,"ntc1_C",-12.3433443146234,1400122
14,2026-09-16 00:24:56,"ntc2_C",-12.33262578672,1402872
14,2026-09-16 00:24:56,"testSB_C",-12.3380443211335,1403079
15,2026-09-16 00:24:56,"ntc1_C",-12.3379107579506,1398679
15,2026-09-16 00:24:56,"ntc2_C",-12.3341660161074,1403458
15,2026-09-16 00:24:56,"testSB_C",-12.3412108975782,1404123
16,2026-09-16 00:24:56,"ntc1_C",-12.3562956314486,1401375
16,2026-09-16 00:24:56,"ntc2_C",-12.3609550724304,1400878
16,2026-09-16 00:24:56,"testSB_C",-12.3816436815407,1402011
17,2026-09-16 00:24:56,"ntc1_C",-12.3823387510594,1402746
17,2026-09-16 00:24:56,"ntc2_C",-12.3606569031892,1400785
17,2026-09-16 00:24:56,"testSB_C",-12.3519438799938,1404608
18,2026-09-16 00:24:56,"ntc1_C",-12.3632679870467,1405721
18,2026-09-16 00:24:56,"ntc2_C",-12.3492332397613,1401269
18,2026-09-16 00:24:56,"testSB_C",-12.3475838584411,1400557
19,2026-09-16 00:24:56,"ntc1_C",-12.3835082457889,1406611
19,2026-09-16 00:24:56,"ntc2_C",-12.3836453720329,1405189
19,2026-09-16 00:24:56,"testSB_C",-12.3760588791883,1406712
20,2026-09-16 00:24:56,"ntc1_C",-12.3734395068535,1403665
20,2026-09-16 00:24:56,"ntc2_C",-12.384217546165,1406596
20,2026-09-16 00:24:56,"testSB_C",-12.3748301453405,1401699
21,2026-09-16 00:24:56,"ntc1_C",-12.3762945000755,1400920
21,2026-09-16 00:24:56,"ntc2_C",-12.3672691631843,1403991
21,2026-09-16 00:24:56,"testSB_C",-12.3781827717425,1404842
22,2026-09-16 00:24:56,"ntc1_C",-12.3981318153589,1406218
22,2026-09-16 00:24:56,"ntc2_C",-12.3715808092663,1406038
22,2026-09-16 00:24:56,"testSB_C",-12.3578887766985,1401514
23,2026-09-16 00:24:56,"ntc1_C",-12.3685784355994,1407264
23,2026-09-16 00:24:56,"ntc2_C",-12.3979472108326,1405537
23,2026-09-16 00:24:56,"testSB_C",-12.3746832657907,1401458
24,2026-09-16 00:24:56,"ntc1_C",-12.3600324517305,1404099
24,2026-09-16 00:24:56,"ntc2_C",-12.357106350222,1405982
24,2026-09-16 00:24:56,"testSB_C",-12.3556971984752,1400637
1,2026-09-16 03:24:56,"ntc1_C",-7.81288133051135,1163018
1,2026-09-16 03:24:56,"testSB_C",-7.69703383793546,1160129
2,2026-09-16 03:24:56,"ntc1_C",-7.6356615254204,1156455
2,2026-09-16 03:24:56,"ntc2_C",-7.61624018348323,1155237
2,2026-09-16 03:24:56,"testSB_C",-7.60378946939755,1157194
3,2026-09-16 03:24:56,"ntc1_C",-7.62034967045224,1157684
3,2026-09-16 03:24:56,"ntc2_C",-7.59602362772432,1155380
3,2026-09-16 03:24:56,"testSB_C",-7.61210914426516,1155715
4,2026-09-16 03:24:56,"ntc1_C",-7.55870194530416,1154210
4,2026-09-16 03:24:56,"ntc2_C",-7.55665792650109,1151410
4,2026-09-16 03:24:56,"testSB_C",-7.56369152912538,1151945
5,2026-09-16 03:24:56,"ntc1_C",-7.55068398631323,1151487
5,2026-09-16 03:24:56,"ntc2_C",-7.52830974358352,1151957
5,2026-09-16 03:24:56,"testSB_C",-7.52919943917084,1152908
6,2026-09-16 03:24:56,"ntc1_C",-7.52293016331129,1150876
6,2026-09-16 03:24:56,"ntc2_C",-7.52517243962683,1152288
6,2026-09-16 03:24:56,"testSB_C",-7.5034011266024,1151550
7,2026-09-16 03:24:56,"ntc1_C",-7.47716122299329,1148624
7,2026-09-16 03:24:56,"ntc2_C",-7.48931546425075,1151150
7,2026-09-16 03:24:56,"testSB_C",-7.47588238425021,1150547
8,2026-09-16 03:24:56,"ntc1_C",-7.4598713238197,1152050
8,2026-09-16 03:24:56,"ntc2_C",-7.4553670518402,1147306
8,2026-09-16 03:24:56,"testSB_C",-7.46888428668962,1145919
9,2026-09-16 03:24:56,"ntc1_C",-7.42058303424437,1145371
9,2026-09-16 03:24:56,"ntc2_C",-7.42332167099335,1149453
9,2026-09-16 03:24:56,"testSB_C",-7.39587709934011,1146311
10,2026-09-16 03:24:56,"ntc1_C",-7.4181065730582,1147875
10,2026-09-16 03:24:56,"ntc2_C",-7.39570690083883,1143935
10,2026-09-16 03:24:56,"testSB_C",-7.43980626986018,1146833
11,2026-09-16 03:24:56,"ntc1_C",-7.42992966904177,1148664
11,2026-09-16 03:24:56,"ntc2_C",-7.42552473677358,1147999
11,2026-09-16 03:24:56,"testSB_C",-7.4117271561571,1145788
12,2026-09-16 03:24:56,"ntc1_C",-7.41416497796018,1146996
12,2026-09-16 03:24:56,"ntc2_C",-7.41618391365154,1146443
12,2026-09-16 03:24:56,"testSB_C",-7.39893846836469,1145453
13,2026-09-16 03:24:56,"ntc1_C",-7.37711416540111,1148570
13,2026-09-16 03:24:56,"ntc2_C",-7.38027854806558,1142901
13,2026-09-16 03:24:56,"testSB_C",-7.37810486891436,1144659
14,2026-09-16 03:24:56,"ntc1_C",-7.38020866626948,1143596
14,2026-09-16 03:24:56,"ntc2_C",-7.36903564801707,1145832
14,2026-09-16 03:24:56,"testSB_C",-7.36488725295618,1145499
15,2026-09-16 03:24:56,"ntc1_C",-7.37155798114082,1142297
15,2026-09-16 03:24:56,"ntc2_C",-7.35921449642791,1145668
15,2026-09-16 03:24:56,"testSB_C",-7.35848185600429,1145860
16,2026-09-16 03:24:56,"ntc1_C",-7.36811199211053,1143344
16,2026-09-16 03:24:56,"ntc2_C",-7.37327344453087,1142908
16,2026-09-16 03:24:56,"testSB_C",-7.39904811692361,1144055
17,2026-09-16 03:24:56,"ntc1_C",-7.38295486019132,1143947
17,2026-09-16 03:24:56,"ntc2_C",-7.35113536089921,1141964
17,2026-09-16 03:24:56,"testSB_C",-7.32502358987273,1144234
18,2026-09-16 03:24:56,"ntc1_C",-7.34140877896897,1145454
18,2026-09-16 03:24:56,"ntc2_C",-7.33027927419681,1142050
18,2026-09-16 03:24:56,"testSB_C",-7.31919877500712,1140753
19,2026-09-16 03:24:56,"ntc1_C",-7.34633346655846,1145350
19,2026-09-16 03:24:56,"ntc2_C",-7.35276794245425,1144457
19,2026-09-16 03:24:56,"testSB_C",-7.34450157582575,1145654
20,2026-09-16 03:24:56,"ntc1_C",-7.33630724435841,1142881
20,2026-09-16 03:24:56,"ntc2_C",-7.34592421278512,1145237
20,2026-09-16 03:24:56,"testSB_C",-7.33581285028754,1141240
21,2026-09-16 03:24:56,"ntc1_C",-7.33553105362171,1140721
21,2026-09-16 03:24:56,"ntc2_C",-7.32762637633834,1143109
21,2026-09-16 03:24:56,"testSB_C",-7.31998215777475,1142902
22,2026-09-16 03:24:56,"ntc1_C",-7.34454524278027,1144254
22,2026-09-16 03:24:56,"ntc2_C",-7.32333747125557,1144475
22,2026-09-16 03:24:56,"testSB_C",-7.29765583570213,1140118
23,2026-09-16 03:24:56,"ntc1_C",-7.30355842745553,1144647
23,2026-09-16 03:24:56,"ntc2_C",-7.34299651002914,1143649
23,2026-09-16 03:24:56,"testSB_C",-7.30889744309661,1140034
24,2026-09-16 03:24:56,"ntc1_C",-7.29822100320894,1142120
24,2026-09-16 03:24:56,"ntc2_C",-7.28877044815113,1143405
24,2026-09-16 03:24:56,"testSB_C",-7.27514661631278,1138521
1,2026-09-16 06:24:56,"ntc1_C",-9.09696444726927,1225547
1,2026-09-16 06:24:56,"testSB_C",-8.94106768661544,1220469
2,2026-09-16 06:24:56,"ntc1_C",-8.87189986847841,1216238
2,2026-09-16 06:24:56,"ntc2_C",-8.85900039173589,1215273
2,2026-09-16 06:24:56,"testSB_C",-8.82773248172339,1216335
3,2026-09-16 06:24:56,"ntc1_C",-8.8211900762899,1215738
3,2026-09-16 06:24:56,"ntc2_C",-8.80071466241907,1213533
3,2026-09-16 06:24:56,"testSB_C",-8.7891587088215,1212489
4,2026-09-16 06:24:56,"ntc1_C",-8.75743661637421,1212001
4,2026-09-16 06:24:56,"ntc2_C",-8.74477862282964,1208524
4,2026-09-16 06:24:56,"testSB_C",-8.73241818265251,1208129
5,2026-09-16 06:24:56,"ntc1_C",-8.72812110991703,1208109
5,2026-09-16 06:24:56,"ntc2_C",-8.7087605134081,1208718
5,2026-09-16 06:24:56,"testSB_C",-8.70874040077268,1209679
6,2026-09-16 06:24:56,"ntc1_C",-8.69948034531785,1207372
6,2026-09-16 06:24:56,"ntc2_C",-8.70221572957786,1208916
6,2026-09-16 06:24:56,"testSB_C",-8.70458348556099,1209310
7,2026-09-16 06:24:56,"ntc1_C",-8.6820906639627,1206448
7,2026-09-16 06:24:56,"ntc2_C",-8.69274280209618,1209026
7,2026-09-16 06:24:56,"testSB_C",-8.6956701631924,1209171
8,2026-09-16 06:24:56,"ntc1_C",-8.68063223277534,1210821
8,2026-09-16 06:24:56,"ntc2_C",-8.68328348302163,1206177
8,2026-09-16 06:24:56,"testSB_C",-8.68965641351264,1204368
9,2026-09-16 06:24:56,"ntc1_C",-8.66317240998848,1204847
9,2026-09-16 06:24:56,"ntc2_C",-8.66949542708556,1209359
9,2026-09-16 06:24:56,"testSB_C",-8.65251660465964,1206556
10,2026-09-16 06:24:56,"ntc1_C",-8.6677070588633,1207823
10,2026-09-16 06:24:56,"ntc2_C",-8.65511087585395,1204173
10,2026-09-16 06:24:56,"testSB_C",-8.67947944563468,1206265
11,2026-09-16 06:24:56,"ntc1_C",-8.67661853615459,1208503
11,2026-09-16 06:24:56,"ntc2_C",-8.67564971955414,1207988
11,2026-09-16 06:24:56,"testSB_C",-8.66789786399471,1205951
12,2026-09-16 06:24:56,"ntc1_C",-8.67417102119924,1207408
12,2026-09-16 06:24:56,"ntc2_C",-8.67156698950106,1206601
12,2026-09-16 06:24:56,"testSB_C",-8.66116909889223,1205911
13,2026-09-16 06:24:56,"ntc1_C",-8.64515535539715,1209470
13,2026-09-16 06:24:56,"ntc2_C",-8.64770319721737,1203494
13,2026-09-16 06:24:56,"testSB_C",-8.63709279264231,1204920
14,2026-09-16 06:24:56,"ntc1_C",-8.62884970517825,1203268
14,2026-09-16 06:24:56,"ntc2_C",-8.62208101773172,1205836
14,2026-09-16 06:24:56,"testSB_C",-8.60668875892662,1204948
15,2026-09-16 06:24:56,"ntc1_C",-8.61031045862484,1201408
15,2026-09-16 06:24:56,"ntc2_C",-8.59935407633532,1205057
15,2026-09-16 06:24:56,"testSB_C",-8.59968971829898,1205310
16,2026-09-16 06:24:56,"ntc1_C",-8.59150390173045,1201793
16,2026-09-16 06:24:56,"ntc2_C",-8.59264348069541,1201151
16,2026-09-16 06:24:56,"testSB_C",-8.61258308830531,1202075
17,2026-09-16 06:24:56,"ntc1_C",-8.60419373519505,1202321
17,2026-09-16 06:24:56,"ntc2_C",-8.58133599763107,1200652
17,2026-09-16 06:24:56,"testSB_C",-8.55782164812683,1203176
18,2026-09-16 06:24:56,"ntc1_C",-8.57222266069255,1204342
18,2026-09-16 06:24:56,"ntc2_C",-8.55915465634018,1200643
18,2026-09-16 06:24:56,"testSB_C",-8.55362911536872,1199622
19,2026-09-16 06:24:56,"ntc1_C",-8.5772780992736,1204267
19,2026-09-16 06:24:56,"ntc2_C",-8.5826785489412,1203285
19,2026-09-16 06:24:56,"testSB_C",-8.57530409108841,1204590
20,2026-09-16 06:24:56,"ntc1_C",-8.56177172992614,1201420
20,2026-09-16 06:24:56,"ntc2_C",-8.56603398368367,1203629
20,2026-09-16 06:24:56,"testSB_C",-8.54469180871212,1198870
21,2026-09-16 06:24:56,"ntc1_C",-8.52473481849432,1197314
21,2026-09-16 06:24:56,"ntc2_C",-8.5275564094236,1200389
21,2026-09-16 06:24:56,"testSB_C",-8.47215945974358,1197845
22,2026-09-16 06:24:56,"ntc1_C",-8.50217177140672,1199523
22,2026-09-16 06:24:56,"ntc2_C",-8.49420512864305,1200372
22,2026-09-16 06:24:56,"testSB_C",-8.44066175199072,1194471
23,2026-09-16 06:24:56,"ntc1_C",-8.45280988392329,1199510
23,2026-09-16 06:24:56,"ntc2_C",-8.49100782725753,1198416
23,2026-09-16 06:24:56,"testSB_C",-8.45351734877966,1194416
24,2026-09-16 06:24:56,"ntc1_C",-8.44569366412327,1196798
24,2026-09-16 06:24:56,"ntc2_C",-8.43764672613702,1198199
24,2026-09-16 06:24:56,"testSB_C",-8.43826041591706,1193763
1,2026-09-16 09:24:56,"ntc1_C",-9.45355330053951,1243511
1,2026-09-16 09:24:56,"testSB_C",-9.47820370525977,1247501
2,2026-09-16 09:24:56,"ntc1_C",-9.45564843778135,1245552
2,2026-09-16 09:24:56,"ntc2_C",-9.45222770166572,1245042
2,2026-09-16 09:24:56,"testSB_C",-9.41642366015816,1245868
3,2026-09-16 09:24:56,"ntc1_C",-9.08156460823142,1228712
3,2026-09-16 09:24:56,"ntc2_C",-9.18246083925408,1232576
3,2026-09-16 09:24:56,"testSB_C",-9.31426989824809,1238726
4,2026-09-16 09:24:56,"ntc1_C",-9.05763871199218,1226930
4,2026-09-16 09:24:56,"ntc2_C",-9.04462480515508,1223389
4,2026-09-16 09:24:56,"testSB_C",-9.23468304258034,1233125
5,2026-09-16 09:24:56,"ntc1_C",-9.25463461583081,1234339
5,2026-09-16 09:24:56,"ntc2_C",-9.12364868115105,1229338
5,2026-09-16 09:24:56,"testSB_C",-9.18682243915845,1233493
6,2026-09-16 09:24:56,"ntc1_C",-9.25749716279017,1235147
6,2026-09-16 09:24:56,"ntc2_C",-9.14297747995857,1230844
6,2026-09-16 09:24:56,"testSB_C",-9.25109058860204,1236558
7,2026-09-16 09:24:56,"ntc1_C",-9.15777084650932,1230085
7,2026-09-16 09:24:56,"ntc2_C",-9.0269051374504,1225617
7,2026-09-16 09:24:56,"testSB_C",-9.21177906514754,1234884
8,2026-09-16 09:24:56,"ntc1_C",-9.20525463560165,1237008
8,2026-09-16 09:24:56,"ntc2_C",-9.2059728638294,1232163
8,2026-09-16 09:24:56,"testSB_C",-9.07276709176955,1223331
9,2026-09-16 09:24:56,"ntc1_C",-9.17939022388333,1230473
9,2026-09-16 09:24:56,"ntc2_C",-9.08477955064933,1230022
9,2026-09-16 09:24:56,"testSB_C",-9.11379163356577,1229472
10,2026-09-16 09:24:56,"ntc1_C",-9.1613766714396,1232377
10,2026-09-16 09:24:56,"ntc2_C",-8.99917812662511,1221186
10,2026-09-16 09:24:56,"testSB_C",-9.26554726405988,1235446
11,2026-09-16 09:24:56,"ntc1_C",-9.30831945333614,1240027
11,2026-09-16 09:24:56,"ntc2_C",-9.15528631590217,1231844
11,2026-09-16 09:24:56,"testSB_C",-9.19257868111487,1232025
12,2026-09-16 09:24:56,"ntc1_C",-9.04421198720479,1225759
12,2026-09-16 09:24:56,"ntc2_C",-9.12040273636626,1228882
12,2026-09-16 09:24:56,"testSB_C",-9.18064982314826,1231729
13,2026-09-16 09:24:56,"ntc1_C",-9.05509608526069,1229854
13,2026-09-16 09:24:56,"ntc2_C",-8.99643623194675,1220734
13,2026-09-16 09:24:56,"testSB_C",-9.08121342680386,1226941
14,2026-09-16 09:24:56,"ntc1_C",-9.02726776673569,1222969
14,2026-09-16 09:24:56,"ntc2_C",-8.96026854245906,1222573
14,2026-09-16 09:24:56,"testSB_C",-9.01198224554275,1225024
15,2026-09-16 09:24:56,"ntc1_C",-9.08898653287059,1225077
15,2026-09-16 09:24:56,"ntc2_C",-8.92393398467601,1221113
15,2026-09-16 09:24:56,"testSB_C",-8.88953654368453,1219640
16,2026-09-16 09:24:56,"ntc1_C",-9.11076624148501,1227514
16,2026-09-16 09:24:56,"ntc2_C",-9.08587772623696,1225562
16,2026-09-16 09:24:56,"testSB_C",-9.16199603091894,1229321
17,2026-09-16 09:24:56,"ntc1_C",-9.10510648250528,1227134
17,2026-09-16 09:24:56,"ntc2_C",-9.05992112196299,1224306
17,2026-09-16 09:24:56,"testSB_C",-9.10388222124561,1230264
18,2026-09-16 09:24:56,"ntc1_C",-9.05740481290047,1228395
18,2026-09-16 09:24:56,"ntc2_C",-9.02650709819005,1223723
18,2026-09-16 09:24:56,"testSB_C",-9.05461666491072,1224389
19,2026-09-16 09:24:56,"ntc1_C",-9.13525141427272,1231982
19,2026-09-16 09:24:56,"ntc2_C",-9.15685919216043,1231795
19,2026-09-16 09:24:56,"testSB_C",-9.11609781621013,1231454
20,2026-09-16 09:24:56,"ntc1_C",-9.0869027505837,1227432
20,2026-09-16 09:24:56,"ntc2_C",-9.06462905808701,1228356
20,2026-09-16 09:24:56,"testSB_C",-9.06153891050508,1224407
21,2026-09-16 09:24:56,"ntc1_C",-9.08283437418646,1224853
21,2026-09-16 09:24:56,"ntc2_C",-9.0090542968357,1224189
21,2026-09-16 09:24:56,"testSB_C",-9.19368798768056,1233616
22,2026-09-16 09:24:56,"ntc1_C",-9.15435414507726,1231852
22,2026-09-16 09:24:56,"ntc2_C",-9.00836592164404,1225791
22,2026-09-16 09:24:56,"testSB_C",-9.14295890748497,1229172
23,2026-09-16 09:24:56,"ntc1_C",-9.09073934141327,1231113
23,2026-09-16 09:24:56,"ntc2_C",-9.09546547900453,1228320
23,2026-09-16 09:24:56,"testSB_C",-9.16865029186414,1229728
24,2026-09-16 09:24:56,"ntc1_C",-9.10461153393351,1229395
24,2026-09-16 09:24:56,"ntc2_C",-9.08319310466538,1230155
24,2026-09-16 09:24:56,"testSB_C",-9.0884722755975,1225829
1,2026-09-16 12:24:56,"ntc1_C",-8.63650824049847,1202740
1,2026-09-16 12:24:56,"testSB_C",-8.71591994679255,1209316
2,2026-09-16 12:24:56,"ntc1_C",-8.72860546121308,1209150
2,2026-09-16 12:24:56,"ntc2_C",-8.69072208628381,1206961
2,2026-09-16 12:24:56,"testSB_C",-8.63447992637163,1206796
3,2026-09-16 12:24:56,"ntc1_C",-8.14660066782881,1182769
3,2026-09-16 12:24:56,"ntc2_C",-8.25859606430635,1187003
3,2026-09-16 12:24:56,"testSB_C",-8.57713316421336,1202056
4,2026-09-16 12:24:56,"ntc1_C",-8.10427477332814,1180155
4,2026-09-16 12:24:56,"ntc2_C",-8.10556963122457,1177446
4,2026-09-16 12:24:56,"testSB_C",-8.36337231111378,1190092
5,2026-09-16 12:24:56,"ntc1_C",-8.39765229803845,1191936
5,2026-09-16 12:24:56,"ntc2_C",-8.2325739388242,1185485
5,2026-09-16 12:24:56,"testSB_C",-8.30717012239768,1190038
6,2026-09-16 12:24:56,"ntc1_C",-8.44052003153206,1194699
6,2026-09-16 12:24:56,"ntc2_C",-8.3101332325902,1189744
6,2026-09-16 12:24:56,"testSB_C",-8.47083824371515,1197843
7,2026-09-16 12:24:56,"ntc1_C",-8.26406909940118,1186058
7,2026-09-16 12:24:56,"ntc2_C",-8.22018046019468,1185953
7,2026-09-16 12:24:56,"testSB_C",-8.44738597884873,1196996
8,2026-09-16 12:24:56,"ntc1_C",-8.43351563495264,1198682
8,2026-09-16 12:24:56,"ntc2_C",-8.47013746251992,1195741
8,2026-09-16 12:24:56,"testSB_C",-8.33920915830726,1187284
9,2026-09-16 12:24:56,"ntc1_C",-8.43142547903676,1193520
9,2026-09-16 12:24:56,"ntc2_C",-8.29974429837188,1191259
9,2026-09-16 12:24:56,"testSB_C",-8.34729092238877,1191632
10,2026-09-16 12:24:56,"ntc1_C",-8.43172090700978,1196262
10,2026-09-16 12:24:56,"ntc2_C",-8.240226311897,1183979
10,2026-09-16 12:24:56,"testSB_C",-8.69051611233641,1206808
11,2026-09-16 12:24:56,"ntc1_C",-8.73190214398892,1211229
11,2026-09-16 12:24:56,"ntc2_C",-8.51295151799945,1200003
11,2026-09-16 12:24:56,"testSB_C",-8.44052823559497,1194827
12,2026-09-16 12:24:56,"ntc1_C",-8.31820744316707,1190019
12,2026-09-16 12:24:56,"ntc2_C",-8.40361919276779,1193496
12,2026-09-16 12:24:56,"testSB_C",-8.56217827145053,1201054
13,2026-09-16 12:24:56,"ntc1_C",-8.2415969010201,1189739
13,2026-09-16 12:24:56,"ntc2_C",-8.14097196793114,1178884
13,2026-09-16 12:24:56,"testSB_C",-8.23307710232257,1185237
14,2026-09-16 12:24:56,"ntc1_C",-8.12452946930512,1178793
14,2026-09-16 12:24:56,"ntc2_C",-8.12135015633089,1181482
14,2026-09-16 12:24:56,"testSB_C",-8.1370897695395,1182105
15,2026-09-16 12:24:56,"ntc1_C",-8.25488483020746,1184135
15,2026-09-16 12:24:56,"ntc2_C",-8.03301498954272,1177555
15,2026-09-16 12:24:56,"testSB_C",-7.97935280933967,1175214
16,2026-09-16 12:24:56,"ntc1_C",-8.23126550595629,1184272
16,2026-09-16 12:24:56,"ntc2_C",-8.11523941784765,1177995
16,2026-09-16 12:24:56,"testSB_C",-8.30810277096572,1187241
17,2026-09-16 12:24:56,"ntc1_C",-8.11682477141119,1178669
17,2026-09-16 12:24:56,"ntc2_C",-7.98359620681822,1171761
17,2026-09-16 12:24:56,"testSB_C",-8.08729336396993,1180322
18,2026-09-16 12:24:56,"ntc1_C",-7.93832452867167,1173637
18,2026-09-16 12:24:56,"ntc2_C",-8.01487651312584,1174322
18,2026-09-16 12:24:56,"testSB_C",-7.96415798448976,1171133
19,2026-09-16 12:24:56,"ntc1_C",-8.03911182315585,1178137
19,2026-09-16 12:24:56,"ntc2_C",-8.12397616338819,1180992
19,2026-09-16 12:24:56,"testSB_C",-8.02940160337613,1178077
20,2026-09-16 12:24:56,"ntc1_C",-7.92878148085026,1170810
20,2026-09-16 12:24:56,"ntc2_C",-8.03966476605694,1178074
20,2026-09-16 12:24:56,"testSB_C",-7.86782209052313,1166245
21,2026-09-16 12:24:56,"ntc1_C",-7.96622238545547,1170386
21,2026-09-16 12:24:56,"ntc2_C",-7.8799359056153,1169119
21,2026-09-16 12:24:56,"testSB_C",-8.23416438849864,1186279
22,2026-09-16 12:24:56,"ntc1_C",-8.11213560391019,1180603
22,2026-09-16 12:24:56,"ntc2_C",-7.8846090989112,1170930
22,2026-09-16 12:24:56,"testSB_C",-8.14653109856835,1180236
23,2026-09-16 12:24:56,"ntc1_C",-8.09415178889361,1182106
23,2026-09-16 12:24:56,"ntc2_C",-8.06702506740947,1177884
23,2026-09-16 12:24:56,"testSB_C",-8.21914406767877,1183069
24,2026-09-16 12:24:56,"ntc1_C",-8.08738408126504,1179443
24,2026-09-16 12:24:56,"ntc2_C",-8.11360241134275,1182478
24,2026-09-16 12:24:56,"testSB_C",-8.12600950793455,1178669
1,2026-09-16 15:24:56,"ntc1_C",-9.33707649491561,1237614
1,2026-09-16 15:24:56,"testSB_C",-9.63951040003138,1255737
2,2026-09-16 15:24:56,"ntc1_C",-9.55709552509154,1250719
2,2026-09-16 15:24:56,"ntc2_C",-9.26415636749425,1235525
2,2026-09-16 15:24:56,"testSB_C",-9.29564345962035,1239750
3,2026-09-16 15:24:56,"ntc1_C",-9.21944110928837,1235639
3,2026-09-16 15:24:56,"ntc2_C",-9.02924926740837,1224897
3,2026-09-16 15:24:56,"testSB_C",-9.16809449183506,1231365
4,2026-09-16 15:24:56,"ntc1_C",-8.97692815839764,1222898
4,2026-09-16 15:24:56,"ntc2_C",-9.00785169756796,1221556
4,2026-09-16 15:24:56,"testSB_C",-8.87621140866844,1215232
5,2026-09-16 15:24:56,"ntc1_C",-8.9561753407956,1219400
5,2026-09-16 15:24:56,"ntc2_C",-8.97433091885836,1221876
5,2026-09-16 15:24:56,"testSB_C",-8.73401130776739,1210926
6,2026-09-16 15:24:56,"ntc1_C",-9.04168725056593,1224329
6,2026-09-16 15:24:56,"ntc2_C",-9.05477920925,1226424
6,2026-09-16 15:24:56,"testSB_C",-8.85505843157409,1216751
7,2026-09-16 15:24:56,"ntc1_C",-8.75204682087826,1209895
7,2026-09-16 15:24:56,"ntc2_C",-9.16645675015576,1232614
7,2026-09-16 15:24:56,"testSB_C",-8.9371443412677,1221133
8,2026-09-16 15:24:56,"ntc1_C",-8.92766613811392,1223081
8,2026-09-16 15:24:56,"ntc2_C",-8.89165680158618,1216469
8,2026-09-16 15:24:56,"testSB_C",-9.15228826616385,1227305
9,2026-09-16 15:24:56,"ntc1_C",-8.82956116401488,1213047
9,2026-09-16 15:24:56,"ntc2_C",-8.78216752087889,1214930
9,2026-09-16 15:24:56,"testSB_C",-8.77914002289458,1212803
10,2026-09-16 15:24:56,"ntc1_C",-8.86357606186931,1217505
10,2026-09-16 15:24:56,"ntc2_C",-8.97720043070268,1220092
10,2026-09-16 15:24:56,"testSB_C",-9.24541915533098,1234432
11,2026-09-16 15:24:56,"ntc1_C",-9.15920212115304,1232511
11,2026-09-16 15:24:56,"ntc2_C",-9.08021999917872,1228079
11,2026-09-16 15:24:56,"testSB_C",-8.91419302369042,1218120
12,2026-09-16 15:24:56,"ntc1_C",-9.14555383535287,1230834
12,2026-09-16 15:24:56,"ntc2_C",-9.02421262200266,1224072
12,2026-09-16 15:24:56,"testSB_C",-9.12788163840702,1229081
13,2026-09-16 15:24:56,"ntc1_C",-8.86183309100682,1220201
13,2026-09-16 15:24:56,"ntc2_C",-8.70913753945075,1206513
13,2026-09-16 15:24:56,"testSB_C",-8.76061503121895,1211004
14,2026-09-16 15:24:56,"ntc1_C",-8.5419078987411,1199012
14,2026-09-16 15:24:56,"ntc2_C",-8.74724357889028,1212003
14,2026-09-16 15:24:56,"testSB_C",-8.79437467137791,1214203
15,2026-09-16 15:24:56,"ntc1_C",-8.78024525629189,1209757
15,2026-09-16 15:24:56,"ntc2_C",-8.85040945783157,1217457
15,2026-09-16 15:24:56,"testSB_C",-8.90967387540115,1220642
16,2026-09-16 15:24:56,"ntc1_C",-8.90998842105802,1217503
16,2026-09-16 15:24:56,"ntc2_C",-8.72391224176954,1207599
16,2026-09-16 15:24:56,"testSB_C",-9.01039876349091,1221741
17,2026-09-16 15:24:56,"ntc1_C",-8.77708314915435,1210827
17,2026-09-16 15:24:56,"ntc2_C",-8.76588974575321,1209718
17,2026-09-16 15:24:56,"testSB_C",-8.70739677471767,1210535
18,2026-09-16 15:24:56,"ntc1_C",-8.67516396497513,1209405
18,2026-09-16 15:24:56,"ntc2_C",-8.96858042143083,1220838
18,2026-09-16 15:24:56,"testSB_C",-8.77001069686054,1210256
19,2026-09-16 15:24:56,"ntc1_C",-8.77435834962097,1213983
19,2026-09-16 15:24:56,"ntc2_C",-8.95864045257292,1221876
19,2026-09-16 15:24:56,"testSB_C",-8.8195220386487,1216647
20,2026-09-16 15:24:56,"ntc1_C",-8.57803265609266,1202217
20,2026-09-16 15:24:56,"ntc2_C",-9.05532726766586,1227890
20,2026-09-16 15:24:56,"testSB_C",-8.45379020411275,1194435
21,2026-09-16 15:24:56,"ntc1_C",-8.56185613566981,1199126
21,2026-09-16 15:24:56,"ntc2_C",-8.93792166491045,1220643
21,2026-09-16 15:24:56,"testSB_C",-8.83793134797133,1215845
22,2026-09-16 15:24:56,"ntc1_C",-8.59128607553004,1203889
22,2026-09-16 15:24:56,"ntc2_C",-8.66391089008664,1208702
22,2026-09-16 15:24:56,"testSB_C",-8.85354078573783,1214749
23,2026-09-16 15:24:56,"ntc1_C",-8.90582077572452,1221866
23,2026-09-16 15:24:56,"ntc2_C",-8.78281888911044,1212759
23,2026-09-16 15:24:56,"testSB_C",-8.80814191227967,1211796
24,2026-09-16 15:24:56,"ntc1_C",-8.48206165190953,1198574
24,2026-09-16 15:24:56,"ntc2_C",-8.80746261763124,1216401
24,2026-09-16 15:24:56,"testSB_C",-8.64473585960462,1203852
1,2026-09-16 18:24:56,"ntc1_C",-12.4343614448774,1404461
1,2026-09-16 18:24:56,"testSB_C",-12.3635042102076,1403400
2,2026-09-16 18:24:56,"ntc1_C",-12.2677469347129,1397080
2,2026-09-16 18:24:56,"ntc2_C",-12.1695539193006,1391100
2,2026-09-16 18:24:56,"testSB_C",-12.2101524982393,1396205
3,2026-09-16 18:24:56,"ntc1_C",-12.100558457172,1389760
3,2026-09-16 18:24:56,"ntc2_C",-12.052534945791,1385758
3,2026-09-16 18:24:56,"testSB_C",-12.0361141040273,1384204
4,2026-09-16 18:24:56,"ntc1_C",-11.9854799787043,1382646
4,2026-09-16 18:24:56,"ntc2_C",-11.976709765578,1378862
4,2026-09-16 18:24:56,"testSB_C",-11.9367540029466,1376855
5,2026-09-16 18:24:56,"ntc1_C",-11.939997538164,1377353
5,2026-09-16 18:24:56,"ntc2_C",-11.9384199264076,1378950
5,2026-09-16 18:24:56,"testSB_C",-11.9190688478903,1378979
6,2026-09-16 18:24:56,"ntc1_C",-11.9381496603833,1377850
6,2026-09-16 18:24:56,"ntc2_C",-11.9500072319238,1380247
6,2026-09-16 18:24:56,"testSB_C",-11.9356108820962,1379689
7,2026-09-16 18:24:56,"ntc1_C",-11.8882071855316,1375116
7,2026-09-16 18:24:56,"ntc2_C",-11.9515857674599,1381017
7,2026-09-16 18:24:56,"testSB_C",-11.9313372025316,1379795
8,2026-09-16 18:24:56,"ntc1_C",-11.9210996179646,1382010
8,2026-09-16 18:24:56,"ntc2_C",-11.9222766458848,1376611
8,2026-09-16 18:24:56,"testSB_C",-11.9478490858285,1375626
9,2026-09-16 18:24:56,"ntc1_C",-11.8961361085463,1374710
9,2026-09-16 18:24:56,"ntc2_C",-11.9083129983396,1380302
9,2026-09-16 18:24:56,"testSB_C",-11.8871877394249,1376842
10,2026-09-16 18:24:56,"ntc1_C",-11.9082416891252,1378513
10,2026-09-16 18:24:56,"ntc2_C",-11.9147098605867,1375472
10,2026-09-16 18:24:56,"testSB_C",-11.9696597934879,1379612
11,2026-09-16 18:24:56,"ntc1_C",-11.9534267807132,1381315
11,2026-09-16 18:24:56,"ntc2_C",-11.9445730994211,1380331
11,2026-09-16 18:24:56,"testSB_C",-11.9060133653612,1376256
12,2026-09-16 18:24:56,"ntc1_C",-11.9343912445236,1379143
12,2026-09-16 18:24:56,"ntc2_C",-11.8923770150362,1376014
12,2026-09-16 18:24:56,"testSB_C",-11.8878885164247,1375610
13,2026-09-16 18:24:56,"ntc1_C",-11.8342053108065,1377510
13,2026-09-16 18:24:56,"ntc2_C",-11.8238494124552,1370063
13,2026-09-16 18:24:56,"testSB_C",-11.8101322603733,1371475
14,2026-09-16 18:24:56,"ntc1_C",-11.7719859292392,1367857
14,2026-09-16 18:24:56,"ntc2_C",-11.796142142037,1372498
14,2026-09-16 18:24:56,"testSB_C",-11.7828143360823,1371644
15,2026-09-16 18:24:56,"ntc1_C",-11.8016718646209,1368410
15,2026-09-16 18:24:56,"ntc2_C",-11.7811021003859,1372127
15,2026-09-16 18:24:56,"testSB_C",-11.7886630712435,1372809
16,2026-09-16 18:24:56,"ntc1_C",-11.8030058874061,1370077
16,2026-09-16 18:24:56,"ntc2_C",-11.8040954349692,1369384
16,2026-09-16 18:24:56,"testSB_C",-11.8336977253702,1370989
17,2026-09-16 18:24:56,"ntc1_C",-11.8046486391251,1370054
17,2026-09-16 18:24:56,"ntc2_C",-11.7722963900857,1367555
17,2026-09-16 18:24:56,"testSB_C",-11.7335730926827,1369605
18,2026-09-16 18:24:56,"ntc1_C",-11.7454910770596,1370735
18,2026-09-16 18:24:56,"ntc2_C",-11.7668322417143,1368378
18,2026-09-16 18:24:56,"testSB_C",-11.7321953023853,1365803
19,2026-09-16 18:24:56,"ntc1_C",-11.753501693981,1370901
19,2026-09-16 18:24:56,"ntc2_C",-11.7916038967048,1371635
19,2026-09-16 18:24:56,"testSB_C",-11.7622287960818,1371899
20,2026-09-16 18:24:56,"ntc1_C",-11.7086187794934,1366075
20,2026-09-16 18:24:56,"ntc2_C",-11.7685843707636,1371684
20,2026-09-16 18:24:56,"testSB_C",-11.7025922263472,1363755
21,2026-09-16 18:24:56,"ntc1_C",-11.6967461063089,1362621
21,2026-09-16 18:24:56,"ntc2_C",-11.7222370262311,1367509
21,2026-09-16 18:24:56,"testSB_C",-11.7159852177028,1367374
22,2026-09-16 18:24:56,"ntc1_C",-11.7012759457191,1366780
22,2026-09-16 18:24:56,"ntc2_C",-11.7099184133198,1368587
22,2026-09-16 18:24:56,"testSB_C",-11.6916884353616,1363911
23,2026-09-16 18:24:56,"ntc1_C",-11.6924953219973,1368971
23,2026-09-16 18:24:56,"ntc2_C",-11.7284213386205,1367645
23,2026-09-16 18:24:56,"testSB_C",-11.69750495619,1363286
24,2026-09-16 18:24:56,"ntc1_C",-11.6284064402974,1362781
24,2026-09-16 18:24:56,"ntc2_C",-11.6594193655704,1366510
24,2026-09-16 18:24:56,"testSB_C",-11.6024824767113,1358236
1,2026-09-16 21:24:56,"ntc1_C",-12.8845915166626,1430522
1,2026-09-16 21:24:56,"testSB_C",-12.8318857680164,1430488
2,2026-09-16 21:24:56,"ntc1_C",-12.8190624435037,1428885
2,2026-09-16 21:24:56,"ntc2_C",-12.8070454553512,1427781
2,2026-09-16 21:24:56,"testSB_C",-12.8037271914463,1430417
3,2026-09-16 21:24:56,"ntc1_C",-12.8078699258024,1430454
3,2026-09-16 21:24:56,"ntc2_C",-12.7963368051882,1428479
3,2026-09-16 21:24:56,"testSB_C",-12.7891223066983,1427394
4,2026-09-16 21:24:56,"ntc1_C",-12.7762321722792,1428002
4,2026-09-16 21:24:56,"ntc2_C",-12.7716332371379,1424329
4,2026-09-16 21:24:56,"testSB_C",-12.7711864314746,1424550
5,2026-09-16 21:24:56,"ntc1_C",-12.7711526046717,1424900
5,2026-09-16 21:24:56,"ntc2_C",-12.7633639843556,1426165
5,2026-09-16 21:24:56,"testSB_C",-12.7617577277672,1427233
6,2026-09-16 21:24:56,"ntc1_C",-12.7576815706515,1424692
6,2026-09-16 21:24:56,"ntc2_C",-12.7590834488372,1426593
6,2026-09-16 21:24:56,"testSB_C",-12.7509557462236,1426365
7,2026-09-16 21:24:56,"ntc1_C",-12.7388702064697,1423715
7,2026-09-16 21:24:56,"ntc2_C",-12.7432247171644,1426380
7,2026-09-16 21:24:56,"testSB_C",-12.7312127379928,1425577
8,2026-09-16 21:24:56,"ntc1_C",-12.7188459532585,1427755
8,2026-09-16 21:24:56,"ntc2_C",-12.7100748651332,1421599
8,2026-09-16 21:24:56,"testSB_C",-12.7203966747438,1419699
9,2026-09-16 21:24:56,"ntc1_C",-12.6966178955205,1420360
9,2026-09-16 21:24:56,"ntc2_C",-12.7034956827302,1425856
9,2026-09-16 21:24:56,"testSB_C",-12.6956370809398,1423047
10,2026-09-16 21:24:56,"ntc1_C",-12.6993887427642,1423740
10,2026-09-16 21:24:56,"ntc2_C",-12.6918939088483,1419806
10,2026-09-16 21:24:56,"testSB_C",-12.6932743516093,1420975
11,2026-09-16 21:24:56,"ntc1_C",-12.6788118608098,1422808
11,2026-09-16 21:24:56,"ntc2_C",-12.6852236769143,1422692
11,2026-09-16 21:24:56,"testSB_C",-12.6667013529973,1419650
12,2026-09-16 21:24:56,"ntc1_C",-12.6759802534039,1421513
12,2026-09-16 21:24:56,"ntc2_C",-12.6647388701782,1420072
12,2026-09-16 21:24:56,"testSB_C",-12.6458738664209,1418836
13,2026-09-16 21:24:56,"ntc1_C",-12.6448296202892,1423838
13,2026-09-16 21:24:56,"ntc2_C",-12.6327602708537,1416066
13,2026-09-16 21:24:56,"testSB_C",-12.6180186980143,1417455
14,2026-09-16 21:24:56,"ntc1_C",-12.6174985904495,1415872
14,2026-09-16 21:24:56,"ntc2_C",-12.6131473178212,1419020
14,2026-09-16 21:24:56,"testSB_C",-12.5991510105669,1418109
15,2026-09-16 21:24:56,"ntc1_C",-12.5870079977176,1412966
15,2026-09-16 21:24:56,"ntc2_C",-12.5896161587759,1418169
15,2026-09-16 21:24:56,"testSB_C",-12.5834565070953,1418075
16,2026-09-16 21:24:56,"ntc1_C",-12.5604051390058,1413100
16,2026-09-16 21:24:56,"ntc2_C",-12.5525833169542,1411882
16,2026-09-16 21:24:56,"testSB_C",-12.5570370544698,1412088
17,2026-09-16 21:24:56,"ntc1_C",-12.5531938140727,1412563
17,2026-09-16 21:24:56,"ntc2_C",-12.5425306037063,1411219
17,2026-09-16 21:24:56,"testSB_C",-12.525735390867,1414605
18,2026-09-16 21:24:56,"ntc1_C",-12.5375517646274,1415751
18,2026-09-16 21:24:56,"ntc2_C",-12.5311087150666,1411701
18,2026-09-16 21:24:56,"testSB_C",-12.5261751748163,1410807
19,2026-09-16 21:24:56,"ntc1_C",-12.5274128921114,1414897
19,2026-09-16 21:24:56,"ntc2_C",-12.5258751607496,1413371
19,2026-09-16 21:24:56,"testSB_C",-12.5255367362107,1415322
20,2026-09-16 21:24:56,"ntc1_C",-12.5266162378534,1412471
20,2026-09-16 21:24:56,"ntc2_C",-12.5261732006557,1414771
20,2026-09-16 21:24:56,"testSB_C",-12.514209639754,1409697
21,2026-09-16 21:24:56,"ntc1_C",-12.5201786183563,1409166
21,2026-09-16 21:24:56,"ntc2_C",-12.517635698777,1412634
21,2026-09-16 21:24:56,"testSB_C",-12.50161000899,1411938
22,2026-09-16 21:24:56,"ntc1_C",-12.5097753911857,1412641
22,2026-09-16 21:24:56,"ntc2_C",-12.5090798644934,1413948
22,2026-09-16 21:24:56,"testSB_C",-12.4946776696569,1409362
23,2026-09-16 21:24:56,"ntc1_C",-12.4947221685667,1414526
23,2026-09-16 21:24:56,"ntc2_C",-12.5067177408243,1411791
23,2026-09-16 21:24:56,"testSB_C",-12.5073308525231,1409059
24,2026-09-16 21:24:56,"ntc1_C",-12.4957019580157,1411897
24,2026-09-16 21:24:56,"ntc2_C",-12.4881726785262,1413523
24,2026-09-16 21:24:56,"testSB_C",-12.4867298703251,1408147
1,2026-09-17 00:24:56,"ntc1_C",-21.0718729291991,1995391
1,2026-09-17 00:24:56,"testSB_C",-20.9308320405447,1987996
2,2026-09-17 00:24:56,"ntc1_C",-20.7941065868284,1976070
2,2026-09-17 00:24:56,"ntc2_C",-20.7593247716024,1972704
2,2026-09-17 00:24:56,"testSB_C",-20.6961214390473,1970897
3,2026-09-17 00:24:56,"ntc1_C",-20.6762019093689,1969307
3,2026-09-17 00:24:56,"ntc2_C",-20.6122847827628,1962729
3,2026-09-17 00:24:56,"testSB_C",-20.577777224077,1958840
4,2026-09-17 00:24:56,"ntc1_C",-20.547481759812,1958520
4,2026-09-17 00:24:56,"ntc2_C",-20.5211846091311,1951730
4,2026-09-17 00:24:56,"testSB_C",-20.4354673703814,1945309
5,2026-09-17 00:24:56,"ntc1_C",-20.4245037987902,1945224
5,2026-09-17 00:24:56,"ntc2_C",-20.384322601025,1944091
5,2026-09-17 00:24:56,"testSB_C",-20.3307568198028,1941503
6,2026-09-17 00:24:56,"ntc1_C",-20.306861326549,1936155
6,2026-09-17 00:24:56,"ntc2_C",-20.3035373835217,1938743
6,2026-09-17 00:24:56,"testSB_C",-20.2434555485506,1934204
7,2026-09-17 00:24:56,"ntc1_C",-20.1944510252603,1928105
7,2026-09-17 00:24:56,"ntc2_C",-20.2138990644863,1932822
7,2026-09-17 00:24:56,"testSB_C",-20.1348339448489,1926286
8,2026-09-17 00:24:56,"ntc1_C",-20.0955959521339,1927222
8,2026-09-17 00:24:56,"ntc2_C",-20.0676186693955,1917498
8,2026-09-17 00:24:56,"testSB_C",-20.0803978490258,1915174
9,2026-09-17 00:24:56,"ntc1_C",-19.999548698349,1911475
9,2026-09-17 00:24:56,"ntc2_C",-19.9929393306836,1918087
9,2026-09-17 00:24:56,"testSB_C",-19.9634229885892,1912608
10,2026-09-17 00:24:56,"ntc1_C",-19.9410621884599,1911161
10,2026-09-17 00:24:56,"ntc2_C",-19.922492062673,1905290
10,2026-09-17 00:24:56,"testSB_C",-19.9071381316332,1905666
11,2026-09-17 00:24:56,"ntc1_C",-19.8440157133221,1904040
11,2026-09-17 00:24:56,"ntc2_C",-19.8279688697557,1902308
11,2026-09-17 00:24:56,"testSB_C",-19.8124673761668,1898484
12,2026-09-17 00:24:56,"ntc1_C",-19.804705525324,1899538
12,2026-09-17 00:24:56,"ntc2_C",-19.7452899864813,1893957
12,2026-09-17 00:24:56,"testSB_C",-19.7287895792612,1892689
13,2026-09-17 00:24:56,"ntc1_C",-19.6846821771961,1895828
13,2026-09-17 00:24:56,"ntc2_C",-19.6387748739207,1883263
13,2026-09-17 00:24:56,"testSB_C",-19.6052372295,1883525
14,2026-09-17 00:24:56,"ntc1_C",-19.5733297189057,1878900
14,2026-09-17 00:24:56,"ntc2_C",-19.534046755695,1880319
14,2026-09-17 00:24:56,"testSB_C",-19.5225920197396,1879402
15,2026-09-17 00:24:56,"ntc1_C",-19.4674511841867,1869315
15,2026-09-17 00:24:56,"ntc2_C",-19.4561524694156,1875363
15,2026-09-17 00:24:56,"testSB_C",-19.4440171592386,1874704
16,2026-09-17 00:24:56,"ntc1_C",-19.4118810263335,1867572
16,2026-09-17 00:24:56,"ntc2_C",-19.3696815581286,1863503
16,2026-09-17 00:24:56,"testSB_C",-19.3473083540448,1861769
17,2026-09-17 00:24:56,"ntc1_C",-19.3218280605513,1860579
17,2026-09-17 00:24:56,"ntc2_C",-19.2920373799439,1857190
17,2026-09-17 00:24:56,"testSB_C",-19.2418586055028,1859154
18,2026-09-17 00:24:56,"ntc1_C",-19.2098560921862,1857192
18,2026-09-17 00:24:56,"ntc2_C",-19.1702340997731,1849272
18,2026-09-17 00:24:56,"testSB_C",-19.1548326685702,1847906
19,2026-09-17 00:24:56,"ntc1_C",-19.1154970694446,1850030
19,2026-09-17 00:24:56,"ntc2_C",-19.0863121026027,1846026
19,2026-09-17 00:24:56,"testSB_C",-19.0380488735877,1845005
20,2026-09-17 00:24:56,"ntc1_C",-18.9941932141348,1838040
20,2026-09-17 00:24:56,"ntc2_C",-18.9701974531932,1839195
20,2026-09-17 00:24:56,"testSB_C",-18.9074165989369,1828850
21,2026-09-17 00:24:56,"ntc1_C",-18.8790641868219,1825266
21,2026-09-17 00:24:56,"ntc2_C",-18.8505231458189,1828078
21,2026-09-17 00:24:56,"testSB_C",-18.7826293324246,1823409
22,2026-09-17 00:24:56,"ntc1_C",-18.7375690547586,1820378
22,2026-09-17 00:24:56,"ntc2_C",-18.6984788735471,1819024
22,2026-09-17 00:24:56,"testSB_C",-18.6621125454829,1811789
23,2026-09-17 00:24:56,"ntc1_C",-18.6055763069201,1813991
23,2026-09-17 00:24:56,"ntc2_C",-18.5383330985813,1804862
23,2026-09-17 00:24:56,"testSB_C",-18.4814864251116,1796653
24,2026-09-17 00:24:56,"ntc1_C",-18.360705257582,1792883
24,2026-09-17 00:24:56,"ntc2_C",-18.3034128334668,1791225
24,2026-09-17 00:24:56,"testSB_C",-18.1577882619716,1774018
1,2026-09-17 03:24:56,"ntc1_C",-16.4338562436423,1653360
1,2026-09-17 03:24:56,"testSB_C",-16.3174445879445,1648933
2,2026-09-17 03:24:56,"ntc1_C",-16.2651855497248,1644513
2,2026-09-17 03:24:56,"ntc2_C",-16.2277234939497,1641526
2,2026-09-17 03:24:56,"testSB_C",-16.2097329314761,1643332
3,2026-09-17 03:24:56,"ntc1_C",-16.1978790466748,1642408
3,2026-09-17 03:24:56,"ntc2_C",-16.1740543650469,1639421
3,2026-09-17 03:24:56,"testSB_C",-16.1516985689606,1637073
4,2026-09-17 03:24:56,"ntc1_C",-16.1375472621243,1637768
4,2026-09-17 03:24:56,"ntc2_C",-16.1278793775748,1633192
4,2026-09-17 03:24:56,"testSB_C",-16.1105969919556,1632321
5,2026-09-17 03:24:56,"ntc1_C",-16.0991790718656,1632078
5,2026-09-17 03:24:56,"ntc2_C",-16.0809813792935,1632719
5,2026-09-17 03:24:56,"testSB_C",-16.0720428290688,1633471
6,2026-09-17 03:24:56,"ntc1_C",-16.0647836846064,1630230
6,2026-09-17 03:24:56,"ntc2_C",-16.0602065475059,1632151
6,2026-09-17 03:24:56,"testSB_C",-16.0550461271924,1632017
7,2026-09-17 03:24:56,"ntc1_C",-16.0255438346459,1627960
7,2026-09-17 03:24:56,"ntc2_C",-16.0276057738532,1630836
7,2026-09-17 03:24:56,"testSB_C",-16.0145657710592,1629760
8,2026-09-17 03:24:56,"ntc1_C",-15.9987812686024,1632073
8,2026-09-17 03:24:56,"ntc2_C",-15.9937911920559,1625298
8,2026-09-17 03:24:56,"testSB_C",-15.9898084884166,1622192
9,2026-09-17 03:24:56,"ntc1_C",-15.9738934357743,1623405
9,2026-09-17 03:24:56,"ntc2_C",-15.9700707385795,1629090
9,2026-09-17 03:24:56,"testSB_C",-15.9630635284522,1625919
10,2026-09-17 03:24:56,"ntc1_C",-15.9534910550554,1625693
10,2026-09-17 03:24:56,"ntc2_C",-15.9531440670244,1621761
10,2026-09-17 03:24:56,"testSB_C",-15.9424545951892,1622332
11,2026-09-17 03:24:56,"ntc1_C",-15.9223112291959,1623924
11,2026-09-17 03:24:56,"ntc2_C",-15.9232426462891,1623488
11,2026-09-17 03:24:56,"testSB_C",-15.9094238463843,1620323
12,2026-09-17 03:24:56,"ntc1_C",-15.9059017022042,1621562
12,2026-09-17 03:24:56,"ntc2_C",-15.8915952249005,1619728
12,2026-09-17 03:24:56,"testSB_C",-15.8807674878253,1618920
13,2026-09-17 03:24:56,"ntc1_C",-15.8738624220456,1624162
13,2026-09-17 03:24:56,"ntc2_C",-15.8575986684342,1615148
13,2026-09-17 03:24:56,"testSB_C",-15.8547856944671,1617462
14,2026-09-17 03:24:56,"ntc1_C",-15.8477548701686,1615164
14,2026-09-17 03:24:56,"ntc2_C",-15.8392786936296,1618454
14,2026-09-17 03:24:56,"testSB_C",-15.8350412439577,1618102
15,2026-09-17 03:24:56,"ntc1_C",-15.817957339606,1611880
15,2026-09-17 03:24:56,"ntc2_C",-15.8193872219043,1617839
15,2026-09-17 03:24:56,"testSB_C",-15.8166926700258,1617933
16,2026-09-17 03:24:56,"ntc1_C",-15.7995577305118,1612686
16,2026-09-17 03:24:56,"ntc2_C",-15.7925099640047,1611401
16,2026-09-17 03:24:56,"testSB_C",-15.7926696109315,1611363
17,2026-09-17 03:24:56,"ntc1_C",-15.7835264661791,1611480
17,2026-09-17 03:24:56,"ntc2_C",-15.7768317229352,1610130
17,2026-09-17 03:24:56,"testSB_C",-15.7634696210822,1614236
18,2026-09-17 03:24:56,"ntc1_C",-15.7634674736237,1614695
18,2026-09-17 03:24:56,"ntc2_C",-15.7556725198856,1609927
18,2026-09-17 03:24:56,"testSB_C",-15.7499613896766,1609108
19,2026-09-17 03:24:56,"ntc1_C",-15.7477174560268,1613465
19,2026-09-17 03:24:56,"ntc2_C",-15.7492334050584,1611951
19,2026-09-17 03:24:56,"testSB_C",-15.7454345448045,1613958
20,2026-09-17 03:24:56,"ntc1_C",-15.7422512903107,1610465
20,2026-09-17 03:24:56,"ntc2_C",-15.7448227032509,1613254
20,2026-09-17 03:24:56,"testSB_C",-15.7205541763871,1606664
21,2026-09-17 03:24:56,"ntc1_C",-15.7315054997493,1606221
21,2026-09-17 03:24:56,"ntc2_C",-15.7263046852038,1610121
21,2026-09-17 03:24:56,"testSB_C",-15.7148898940353,1609662
22,2026-09-17 03:24:56,"ntc1_C",-15.7112387955536,1609683
22,2026-09-17 03:24:56,"ntc2_C",-15.7041380541212,1610657
22,2026-09-17 03:24:56,"testSB_C",-15.6945067771251,1605866
23,2026-09-17 03:24:56,"ntc1_C",-15.6963512045735,1611755
23,2026-09-17 03:24:56,"ntc2_C",-15.695710767643,1607890
23,2026-09-17 03:24:56,"testSB_C",-15.6976855117179,1604641
24,2026-09-17 03:24:56,"ntc1_C",-15.6801532681068,1607737
24,2026-09-17 03:24:56,"ntc2_C",-15.6695042138869,1609334
24,2026-09-17 03:24:56,"testSB_C",-15.6680745336088,1603213
1,2026-09-17 06:24:56,"ntc1_C",-16.3640051626144,1648664
1,2026-09-17 06:24:56,"testSB_C",-16.320841288192,1649161
2,2026-09-17 06:24:56,"ntc1_C",-16.2925441241271,1646346
2,2026-09-17 06:24:56,"ntc2_C",-16.2837653926034,1645276
2,2026-09-17 06:24:56,"testSB_C",-16.2763983709606,1647794
3,2026-09-17 06:24:56,"ntc1_C",-16.2442039413089,1645507
3,2026-09-17 06:24:56,"ntc2_C",-16.2273047914007,1642979
3,2026-09-17 06:24:56,"testSB_C",-16.2108558576649,1641019
4,2026-09-17 06:24:56,"ntc1_C",-16.2058134914982,1642326
4,2026-09-17 06:24:56,"ntc2_C",-16.1986366855447,1637903
4,2026-09-17 06:24:56,"testSB_C",-16.1929298897364,1637801
5,2026-09-17 06:24:56,"ntc1_C",-16.1813624990449,1637550
5,2026-09-17 06:24:56,"ntc2_C",-16.1743290839347,1638935
5,2026-09-17 06:24:56,"testSB_C",-16.1641276272962,1639606
6,2026-09-17 06:24:56,"ntc1_C",-16.1545199007993,1636193
6,2026-09-17 06:24:56,"ntc2_C",-16.1442607721901,1637746
6,2026-09-17 06:24:56,"testSB_C",-16.1421180270881,1637811
7,2026-09-17 06:24:56,"ntc1_C",-16.1153607169408,1633926
7,2026-09-17 06:24:56,"ntc2_C",-16.1190595773599,1636921
7,2026-09-17 06:24:56,"testSB_C",-16.1055146813973,1635805
8,2026-09-17 06:24:56,"ntc1_C",-16.093289043669,1638365
8,2026-09-17 06:24:56,"ntc2_C",-16.0909094508496,1631738
8,2026-09-17 06:24:56,"testSB_C",-16.0822021261014,1628307
9,2026-09-17 06:24:56,"ntc1_C",-16.0724272452551,1629930
9,2026-09-17 06:24:56,"ntc2_C",-16.0720114560629,1635868
9,2026-09-17 06:24:56,"testSB_C",-16.0745460297535,1633318
10,2026-09-17 06:24:56,"ntc1_C",-16.0615978923271,1632862
10,2026-09-17 06:24:56,"ntc2_C",-16.0600917743506,1628839
10,2026-09-17 06:24:56,"testSB_C",-16.0389751630449,1628722
11,2026-09-17 06:24:56,"ntc1_C",-16.0349745324872,1631388
11,2026-09-17 06:24:56,"ntc2_C",-16.0278911033644,1630420
11,2026-09-17 06:24:56,"testSB_C",-16.0253070052047,1627986
12,2026-09-17 06:24:56,"ntc1_C",-16.0280088171205,1629642
12,2026-09-17 06:24:56,"ntc2_C",-16.0127905729966,1627739
12,2026-09-17 06:24:56,"testSB_C",-16.006070700829,1627202
13,2026-09-17 06:24:56,"ntc1_C",-15.9912873505798,1631944
13,2026-09-17 06:24:56,"ntc2_C",-15.9757346808104,1622939
13,2026-09-17 06:24:56,"testSB_C",-15.9644606785805,1624702
14,2026-09-17 06:24:56,"ntc1_C",-15.9486330355413,1621811
14,2026-09-17 06:24:56,"ntc2_C",-15.9333774212154,1624665
14,2026-09-17 06:24:56,"testSB_C",-15.9246820388923,1624018
15,2026-09-17 06:24:56,"ntc1_C",-15.8946273606803,1616919
15,2026-09-17 06:24:56,"ntc2_C",-15.8811528637273,1621914
15,2026-09-17 06:24:56,"testSB_C",-15.8730436427689,1621650
16,2026-09-17 06:24:56,"ntc1_C",-15.8590097146649,1616596
16,2026-09-17 06:24:56,"ntc2_C",-15.8486201211033,1615089
16,2026-09-17 06:24:56,"testSB_C",-15.8474262455574,1614962
17,2026-09-17 06:24:56,"ntc1_C",-15.8396670043832,1615169
17,2026-09-17 06:24:56,"ntc2_C",-15.8259156819421,1613351
17,2026-09-17 06:24:56,"testSB_C",-15.8225376523797,1618123
18,2026-09-17 06:24:56,"ntc1_C",-15.8146435270746,1618062
18,2026-09-17 06:24:56,"ntc2_C",-15.7998675467214,1612825
18,2026-09-17 06:24:56,"testSB_C",-15.7967454368421,1612178
19,2026-09-17 06:24:56,"ntc1_C",-15.785946061154,1615979
19,2026-09-17 06:24:56,"ntc2_C",-15.7714446542765,1613410
19,2026-09-17 06:24:56,"testSB_C",-15.762160854985,1615058
20,2026-09-17 06:24:56,"ntc1_C",-15.7552481639709,1611318
20,2026-09-17 06:24:56,"ntc2_C",-15.7355387216326,1612644
20,2026-09-17 06:24:56,"testSB_C",-15.7316743707597,1607392
21,2026-09-17 06:24:56,"ntc1_C",-15.7255553791499,1605832
21,2026-09-17 06:24:56,"ntc2_C",-15.7072361318874,1608871
21,2026-09-17 06:24:56,"testSB_C",-15.7053255546781,1609035
22,2026-09-17 06:24:56,"ntc1_C",-15.7020102356548,1609078
22,2026-09-17 06:24:56,"ntc2_C",-15.6883051861535,1609619
22,2026-09-17 06:24:56,"testSB_C",-15.6893247366038,1605527
23,2026-09-17 06:24:56,"ntc1_C",-15.684051062768,1610948
23,2026-09-17 06:24:56,"ntc2_C",-15.6806977585776,1606907
23,2026-09-17 06:24:56,"testSB_C",-15.7025100507291,1604956
24,2026-09-17 06:24:56,"ntc1_C",-15.6800921958874,1607733
24,2026-09-17 06:24:56,"ntc2_C",-15.6769025342503,1609819
24,2026-09-17 06:24:56,"testSB_C",-15.6669259481193,1603138
1,2026-09-17 09:24:56,"ntc1_C",-16.0691628133299,1628984
1,2026-09-17 09:24:56,"testSB_C",-16.1591285503242,1638340
2,2026-09-17 09:24:56,"ntc1_C",-16.0996595882855,1633465
2,2026-09-17 09:24:56,"ntc2_C",-16.0351782626423,1628705
2,2026-09-17 09:24:56,"testSB_C",-16.0751824492094,1634362
3,2026-09-17 09:24:56,"ntc1_C",-15.167538510803,1574928
3,2026-09-17 09:24:56,"ntc2_C",-15.2484220834755,1578756
3,2026-09-17 09:24:56,"testSB_C",-15.1955218295668,1574557
4,2026-09-17 09:24:56,"ntc1_C",-15.1871455674514,1575574
4,2026-09-17 09:24:56,"ntc2_C",-15.2066186649568,1573044
4,2026-09-17 09:24:56,"testSB_C",-15.2730538958639,1577578
5,2026-09-17 09:24:56,"ntc1_C",-15.3383309076758,1582255
5,2026-09-17 09:24:56,"ntc2_C",-15.3058577155062,1581981
5,2026-09-17 09:24:56,"testSB_C",-15.2558566885003,1580060
6,2026-09-17 09:24:56,"ntc1_C",-15.4009383336268,1586768
6,2026-09-17 09:24:56,"ntc2_C",-15.3259717011231,1584060
6,2026-09-17 09:24:56,"testSB_C",-15.3730868088866,1587321
7,2026-09-17 09:24:56,"ntc1_C",-15.2888592186773,1579819
7,2026-09-17 09:24:56,"ntc2_C",-15.2590459750012,1580560
7,2026-09-17 09:24:56,"testSB_C",-15.3114210652244,1583752
8,2026-09-17 09:24:56,"ntc1_C",-15.3256350573579,1587931
8,2026-09-17 09:24:56,"ntc2_C",-15.2757884756213,1578447
8,2026-09-17 09:24:56,"testSB_C",-15.260284643416,1574687
9,2026-09-17 09:24:56,"ntc1_C",-15.2605165915912,1576916
9,2026-09-17 09:24:56,"ntc2_C",-15.2840658442342,1584182
9,2026-09-17 09:24:56,"testSB_C",-15.3614040922217,1586546
10,2026-09-17 09:24:56,"ntc1_C",-15.3007125981935,1583050
10,2026-09-17 09:24:56,"ntc2_C",-15.3120367401743,1579954
10,2026-09-17 09:24:56,"testSB_C",-15.3983684671616,1586765
11,2026-09-17 09:24:56,"ntc1_C",-15.3657207714019,1587534
11,2026-09-17 09:24:56,"ntc2_C",-15.2552627599745,1579911
11,2026-09-17 09:24:56,"testSB_C",-15.2838067202883,1579555
12,2026-09-17 09:24:56,"ntc1_C",-15.2845663738773,1581047
12,2026-09-17 09:24:56,"ntc2_C",-15.2663708252801,1579006
12,2026-09-17 09:24:56,"testSB_C",-15.3429529259976,1583836
13,2026-09-17 09:24:56,"ntc1_C",-15.3791732137572,1591772
13,2026-09-17 09:24:56,"ntc2_C",-15.2735203939445,1577160
13,2026-09-17 09:24:56,"testSB_C",-15.290299759836,1580692
14,2026-09-17 09:24:56,"ntc1_C",-15.2535067287299,1576543
14,2026-09-17 09:24:56,"ntc2_C",-15.2736290342056,1581602
14,2026-09-17 09:24:56,"testSB_C",-15.2475976413077,1579848
15,2026-09-17 09:24:56,"ntc1_C",-15.3122467606094,1579024
15,2026-09-17 09:24:56,"ntc2_C",-15.2054763565202,1577874
15,2026-09-17 09:24:56,"testSB_C",-15.1967526272321,1577584
16,2026-09-17 09:24:56,"ntc1_C",-15.2336710292059,1575927
16,2026-09-17 09:24:56,"ntc2_C",-15.187714880055,1572166
16,2026-09-17 09:24:56,"testSB_C",-15.2643548264669,1577037
17,2026-09-17 09:24:56,"ntc1_C",-15.2093706874063,1574220
17,2026-09-17 09:24:56,"ntc2_C",-15.163718930209,1570420
17,2026-09-17 09:24:56,"testSB_C",-15.2097618106892,1578238
18,2026-09-17 09:24:56,"ntc1_C",-15.1655305605506,1575857
18,2026-09-17 09:24:56,"ntc2_C",-15.1725266606001,1572160
18,2026-09-17 09:24:56,"testSB_C",-15.1792230349531,1572111
19,2026-09-17 09:24:56,"ntc1_C",-15.1693402295651,1575891
19,2026-09-17 09:24:56,"ntc2_C",-15.1888354078732,1575562
19,2026-09-17 09:24:56,"testSB_C",-15.0883258332055,1571316
20,2026-09-17 09:24:56,"ntc1_C",-15.0668516253517,1566738
20,2026-09-17 09:24:56,"ntc2_C",-15.0107323330147,1565708
20,2026-09-17 09:24:56,"testSB_C",-14.9821541424159,1559036
21,2026-09-17 09:24:56,"ntc1_C",-14.9869325041466,1558250
21,2026-09-17 09:24:56,"ntc2_C",-14.9536309803973,1560220
21,2026-09-17 09:24:56,"testSB_C",-15.0158027392588,1564454
22,2026-09-17 09:24:56,"ntc1_C",-14.9305495375003,1559279
22,2026-09-17 09:24:56,"ntc2_C",-14.9066399996146,1559176
22,2026-09-17 09:24:56,"testSB_C",-14.9563891320552,1558276
23,2026-09-17 09:24:56,"ntc1_C",-14.9145833609716,1561239
23,2026-09-17 09:24:56,"ntc2_C",-14.869437444189,1554651
23,2026-09-17 09:24:56,"testSB_C",-14.9629859490664,1557367
24,2026-09-17 09:24:56,"ntc1_C",-14.8587445821302,1554806
24,2026-09-17 09:24:56,"ntc2_C",-14.847673518353,1556336
24,2026-09-17 09:24:56,"testSB_C",-14.8318235357698,1549504
1,2026-09-17 12:24:56,"ntc1_C",-11.658666813011,1360666
1,2026-09-17 12:24:56,"testSB_C",-11.8222734667443,1372735
2,2026-09-17 12:24:56,"ntc1_C",-11.7835582574644,1369730
2,2026-09-17 12:24:56,"ntc2_C",-11.5278676533221,1355127
2,2026-09-17 12:24:56,"testSB_C",-11.7642851879381,1371044
3,2026-09-17 12:24:56,"ntc1_C",-10.1544655960435,1283671
3,2026-09-17 12:24:56,"ntc2_C",-10.0517084201371,1277076
3,2026-09-17 12:24:56,"testSB_C",-9.8836639333565,1267827
4,2026-09-17 12:24:56,"ntc1_C",-9.94181107056744,1271993
4,2026-09-17 12:24:56,"ntc2_C",-9.98510753266339,1271229
4,2026-09-17 12:24:56,"testSB_C",-9.79439241498795,1261599
5,2026-09-17 12:24:56,"ntc1_C",-10.0181848973168,1273408
5,2026-09-17 12:24:56,"ntc2_C",-10.0885448020292,1278685
5,2026-09-17 12:24:56,"testSB_C",-9.82842719110181,1266202
6,2026-09-17 12:24:56,"ntc1_C",-10.0344643489948,1274903
6,2026-09-17 12:24:56,"ntc2_C",-10.1357495824723,1281724
6,2026-09-17 12:24:56,"testSB_C",-10.0357198683491,1276771
7,2026-09-17 12:24:56,"ntc1_C",-9.90185846538975,1268006
7,2026-09-17 12:24:56,"ntc2_C",-10.2618635677644,1288962
7,2026-09-17 12:24:56,"testSB_C",-10.1034082996279,1280620
8,2026-09-17 12:24:56,"ntc1_C",-10.0421323327247,1279976
8,2026-09-17 12:24:56,"ntc2_C",-9.80763499351013,1262780
8,2026-09-17 12:24:56,"testSB_C",-10.1731847545233,1279502
9,2026-09-17 12:24:56,"ntc1_C",-9.96918154385327,1270755
9,2026-09-17 12:24:56,"ntc2_C",-9.9816324304864,1275877
9,2026-09-17 12:24:56,"testSB_C",-10.0862219064213,1279240
10,2026-09-17 12:24:56,"ntc1_C",-10.0692021949201,1278860
10,2026-09-17 12:24:56,"ntc2_C",-10.1875394463559,1281846
10,2026-09-17 12:24:56,"testSB_C",-10.1210210866322,1279332
11,2026-09-17 12:24:56,"ntc1_C",-10.0859779727858,1279983
11,2026-09-17 12:24:56,"ntc2_C",-10.0700097483752,1278674
11,2026-09-17 12:24:56,"testSB_C",-9.99504066217929,1273015
12,2026-09-17 12:24:56,"ntc1_C",-10.2751038172663,1288862
12,2026-09-17 12:24:56,"ntc2_C",-10.0098859731251,1274279
12,2026-09-17 12:24:56,"testSB_C",-10.3587426003396,1292377
13,2026-09-17 12:24:56,"ntc1_C",-10.2388162491334,1290690
13,2026-09-17 12:24:56,"ntc2_C",-10.0780723916052,1275817
13,2026-09-17 12:24:56,"testSB_C",-9.93356148761529,1270354
14,2026-09-17 12:24:56,"ntc1_C",-9.90686442867957,1267631
14,2026-09-17 12:24:56,"ntc2_C",-10.1134116081142,1281435
14,2026-09-17 12:24:56,"testSB_C",-10.0263349294517,1276770
15,2026-09-17 12:24:56,"ntc1_C",-10.1601538840718,1279772
15,2026-09-17 12:24:56,"ntc2_C",-10.0112149256301,1276497
15,2026-09-17 12:24:56,"testSB_C",-10.1129610763999,1282056
16,2026-09-17 12:24:56,"ntc1_C",-10.0268271865926,1274260
16,2026-09-17 12:24:56,"ntc2_C",-9.89788531170984,1266852
16,2026-09-17 12:24:56,"testSB_C",-10.1817910733051,1281566
17,2026-09-17 12:24:56,"ntc1_C",-9.99338017430932,1272420
17,2026-09-17 12:24:56,"ntc2_C",-9.98484624927971,1271369
17,2026-09-17 12:24:56,"testSB_C",-10.0050638565455,1276328
18,2026-09-17 12:24:56,"ntc1_C",-9.94911361258534,1273880
18,2026-09-17 12:24:56,"ntc2_C",-10.2550482080508,1286564
18,2026-09-17 12:24:56,"testSB_C",-10.1318446417968,1279415
19,2026-09-17 12:24:56,"ntc1_C",-10.0692428185292,1279830
19,2026-09-17 12:24:56,"ntc2_C",-10.3466450891265,1293071
19,2026-09-17 12:24:56,"testSB_C",-10.2097318315579,1287652
20,2026-09-17 12:24:56,"ntc1_C",-9.99420863368442,1273729
20,2026-09-17 12:24:56,"ntc2_C",-10.3196414351231,1292901
20,2026-09-17 12:24:56,"testSB_C",-10.0295876624781,1273733
21,2026-09-17 12:24:56,"ntc1_C",-9.97699085132592,1270322
21,2026-09-17 12:24:56,"ntc2_C",-10.2806453914821,1289370
21,2026-09-17 12:24:56,"testSB_C",-10.260204112311,1288485
22,2026-09-17 12:24:56,"ntc1_C",-10.0434129056925,1277353
22,2026-09-17 12:24:56,"ntc2_C",-10.1448246237139,1283932
22,2026-09-17 12:24:56,"testSB_C",-10.1329909328492,1279837
23,2026-09-17 12:24:56,"ntc1_C",-10.3386649252734,1295398
23,2026-09-17 12:24:56,"ntc2_C",-10.3242817849308,1291468
23,2026-09-17 12:24:56,"testSB_C",-10.395472467244,1292790
24,2026-09-17 12:24:56,"ntc1_C",-10.2256681270072,1286938
24,2026-09-17 12:24:56,"ntc2_C",-10.3956970606112,1297818
24,2026-09-17 12:24:56,"testSB_C",-10.3410258408225,1290086
1,2026-09-17 15:24:56,"ntc1_C",-10.2139067016418,1282712
1,2026-09-17 15:24:56,"testSB_C",-10.6153702969927,1306749
2,2026-09-17 15:24:56,"ntc1_C",-10.5028912475787,1299947
2,2026-09-17 15:24:56,"ntc2_C",-9.95464865757759,1270832
2,2026-09-17 15:24:56,"testSB_C",-10.4973654505994,1302001
3,2026-09-17 15:24:56,"ntc1_C",-8.32244108611081,1191274
3,2026-09-17 15:24:56,"ntc2_C",-8.01021405755984,1175046
3,2026-09-17 15:24:56,"testSB_C",-7.57638535780944,1154035
4,2026-09-17 15:24:56,"ntc1_C",-8.0541161797857,1177745
4,2026-09-17 15:24:56,"ntc2_C",-8.13431665093742,1178826
4,2026-09-17 15:24:56,"testSB_C",-7.62257994725451,1154711
5,2026-09-17 15:24:56,"ntc1_C",-7.95778477213861,1170751
5,2026-09-17 15:24:56,"ntc2_C",-8.21863860131282,1184812
5,2026-09-17 15:24:56,"testSB_C",-7.75828922485618,1163717
6,2026-09-17 15:24:56,"ntc1_C",-8.0405687582749,1175392
6,2026-09-17 15:24:56,"ntc2_C",-8.35740566567546,1192039
6,2026-09-17 15:24:56,"testSB_C",-7.99032615113998,1174617
7,2026-09-17 15:24:56,"ntc1_C",-7.73172973609928,1160600
7,2026-09-17 15:24:56,"ntc2_C",-8.67363009123301,1208084
7,2026-09-17 15:24:56,"testSB_C",-8.10931871508035,1180619
8,2026-09-17 15:24:56,"ntc1_C",-8.03290680067545,1179266
8,2026-09-17 15:24:56,"ntc2_C",-7.73986258336117,1160679
8,2026-09-17 15:24:56,"testSB_C",-8.45049201207411,1192682
9,2026-09-17 15:24:56,"ntc1_C",-7.8585544341484,1165984
9,2026-09-17 15:24:56,"ntc2_C",-8.12694291779314,1182895
9,2026-09-17 15:24:56,"testSB_C",-8.12080983947527,1180680
10,2026-09-17 15:24:56,"ntc1_C",-8.11647884402959,1180994
10,2026-09-17 15:24:56,"ntc2_C",-8.47113059562992,1195175
10,2026-09-17 15:24:56,"testSB_C",-8.22703762917081,1184218
11,2026-09-17 15:24:56,"ntc1_C",-8.10768809197333,1180810
11,2026-09-17 15:24:56,"ntc2_C",-8.25338384500759,1187375
11,2026-09-17 15:24:56,"testSB_C",-8.06095169293451,1176489
12,2026-09-17 15:24:56,"ntc1_C",-8.72092288310603,1209711
12,2026-09-17 15:24:56,"ntc2_C",-8.20517665872933,1183884
12,2026-09-17 15:24:56,"testSB_C",-8.39733236074693,1193010
13,2026-09-17 15:24:56,"ntc1_C",-8.46647339326591,1200693
13,2026-09-17 15:24:56,"ntc2_C",-8.20188565251726,1181815
13,2026-09-17 15:24:56,"testSB_C",-8.00383953176873,1174215
14,2026-09-17 15:24:56,"ntc1_C",-7.87496593912397,1166870
14,2026-09-17 15:24:56,"ntc2_C",-8.29313350115433,1189780
14,2026-09-17 15:24:56,"testSB_C",-8.11557325577763,1181069
15,2026-09-17 15:24:56,"ntc1_C",-8.12876735095642,1178067
15,2026-09-17 15:24:56,"ntc2_C",-8.1877725962334,1185006
15,2026-09-17 15:24:56,"testSB_C",-8.39265035396301,1195179
16,2026-09-17 15:24:56,"ntc1_C",-8.02894158068614,1174546
16,2026-09-17 15:24:56,"ntc2_C",-7.84260401096134,1164976
16,2026-09-17 15:24:56,"testSB_C",-8.14700275939725,1179468
17,2026-09-17 15:24:56,"ntc1_C",-7.91409914973195,1168971
17,2026-09-17 15:24:56,"ntc2_C",-8.01177653902977,1173107
17,2026-09-17 15:24:56,"testSB_C",-7.84477415786222,1168716
18,2026-09-17 15:24:56,"ntc1_C",-7.91245466136547,1172401
18,2026-09-17 15:24:56,"ntc2_C",-8.44805785883875,1195222
18,2026-09-17 15:24:56,"testSB_C",-8.15433489701303,1180248
19,2026-09-17 15:24:56,"ntc1_C",-8.00647331741118,1176571
19,2026-09-17 15:24:56,"ntc2_C",-8.41022788878882,1194854
19,2026-09-17 15:24:56,"testSB_C",-8.09838051740405,1181394
20,2026-09-17 15:24:56,"ntc1_C",-7.8786914566121,1168422
20,2026-09-17 15:24:56,"ntc2_C",-8.43995662566283,1197457
20,2026-09-17 15:24:56,"testSB_C",-7.8956654515116,1167569
21,2026-09-17 15:24:56,"ntc1_C",-7.7864560030826,1161851
21,2026-09-17 15:24:56,"ntc2_C",-8.49500284137378,1198797
21,2026-09-17 15:24:56,"testSB_C",-7.88138533297615,1169344
22,2026-09-17 15:24:56,"ntc1_C",-7.7424827728351,1162953
22,2026-09-17 15:24:56,"ntc2_C",-8.18717737564856,1185450
22,2026-09-17 15:24:56,"testSB_C",-7.97199434065067,1171871
23,2026-09-17 15:24:56,"ntc1_C",-8.22515638713071,1188433
23,2026-09-17 15:24:56,"ntc2_C",-8.27749336302003,1188031
23,2026-09-17 15:24:56,"testSB_C",-8.17767956327486,1181073
24,2026-09-17 15:24:56,"ntc1_C",-7.90171094352417,1170551
24,2026-09-17 15:24:56,"ntc2_C",-8.3438774505675,1193628
24,2026-09-17 15:24:56,"testSB_C",-8.24695120429323,1184492
1,2026-09-17 18:24:56,"ntc1_C",-14.2498902098541,1512516
1,2026-09-17 18:24:56,"testSB_C",-14.2852176953804,1517881
2,2026-09-17 18:24:56,"ntc1_C",-14.2921489474435,1517430
2,2026-09-17 18:24:56,"ntc2_C",-14.1750068771173,1509762
2,2026-09-17 18:24:56,"testSB_C",-14.2722281472791,1518670
3,2026-09-17 18:24:56,"ntc1_C",-13.3923421633581,1464972
3,2026-09-17 18:24:56,"ntc2_C",-13.3976271380516,1463969
3,2026-09-17 18:24:56,"testSB_C",-13.3405488713748,1459869
4,2026-09-17 18:24:56,"ntc1_C",-13.3137636491145,1459675
4,2026-09-17 18:24:56,"ntc2_C",-13.2924961318709,1454926
4,2026-09-17 18:24:56,"testSB_C",-13.3047110451012,1455903
5,2026-09-17 18:24:56,"ntc1_C",-13.3771187492381,1460590
5,2026-09-17 18:24:56,"ntc2_C",-13.3309278014388,1459579
5,2026-09-17 18:24:56,"testSB_C",-13.2953209112898,1458650
6,2026-09-17 18:24:56,"ntc1_C",-13.3464198500186,1459316
6,2026-09-17 18:24:56,"ntc2_C",-13.3369643378783,1460639
6,2026-09-17 18:24:56,"testSB_C",-13.3487361262736,1461580
7,2026-09-17 18:24:56,"ntc1_C",-13.1866248955163,1449978
7,2026-09-17 18:24:56,"ntc2_C",-13.2455558485765,1455930
7,2026-09-17 18:24:56,"testSB_C",-13.3094697853451,1459612
8,2026-09-17 18:24:56,"ntc1_C",-13.281602366958,1460927
8,2026-09-17 18:24:56,"ntc2_C",-13.1858366623825,1449473
8,2026-09-17 18:24:56,"testSB_C",-13.210851003158,1448405
9,2026-09-17 18:24:56,"ntc1_C",-13.2249394518132,1451312
9,2026-09-17 18:24:56,"ntc2_C",-13.2149587827419,1455943
9,2026-09-17 18:24:56,"testSB_C",-13.2642649071864,1456466
10,2026-09-17 18:24:56,"ntc1_C",-13.2524248524851,1456228
10,2026-09-17 18:24:56,"ntc2_C",-13.1977827824219,1449425
10,2026-09-17 18:24:56,"testSB_C",-13.2913972632742,1456094
11,2026-09-17 18:24:56,"ntc1_C",-13.3134810988002,1460127
11,2026-09-17 18:24:56,"ntc2_C",-13.240746189757,1455311
11,2026-09-17 18:24:56,"testSB_C",-13.2164374584485,1451855
12,2026-09-17 18:24:56,"ntc1_C",-13.22981706959,1453998
12,2026-09-17 18:24:56,"ntc2_C",-13.1841813137477,1450489
12,2026-09-17 18:24:56,"testSB_C",-13.2919341938676,1456744
13,2026-09-17 18:24:56,"ntc1_C",-13.2774830148143,1461068
13,2026-09-17 18:24:56,"ntc2_C",-13.1607882951337,1446921
13,2026-09-17 18:24:56,"testSB_C",-13.1875388370975,1450787
14,2026-09-17 18:24:56,"ntc1_C",-13.175263699135,1448461
14,2026-09-17 18:24:56,"ntc2_C",-13.2384390995543,1455682
14,2026-09-17 18:24:56,"testSB_C",-13.2159725806518,1454253
15,2026-09-17 18:24:56,"ntc1_C",-13.2824889264915,1453628
15,2026-09-17 18:24:56,"ntc2_C",-13.1172726324896,1449043
15,2026-09-17 18:24:56,"testSB_C",-13.1793673448739,1452985
16,2026-09-17 18:24:56,"ntc1_C",-13.2401461554018,1452855
16,2026-09-17 18:24:56,"ntc2_C",-13.2694440856786,1453814
16,2026-09-17 18:24:56,"testSB_C",-13.3193748498775,1456730
17,2026-09-17 18:24:56,"ntc1_C",-13.3170986515021,1457297
17,2026-09-17 18:24:56,"ntc2_C",-13.3168765249899,1456514
17,2026-09-17 18:24:56,"testSB_C",-13.4129721075063,1466753
18,2026-09-17 18:24:56,"ntc1_C",-13.361573371375,1464144
18,2026-09-17 18:24:56,"ntc2_C",-13.3702416473881,1460840
18,2026-09-17 18:24:56,"testSB_C",-13.4169965382622,1463058
19,2026-09-17 18:24:56,"ntc1_C",-13.4201717751245,1467396
19,2026-09-17 18:24:56,"ntc2_C",-13.4767130089267,1469298
19,2026-09-17 18:24:56,"testSB_C",-13.4213349794701,1468028
20,2026-09-17 18:24:56,"ntc1_C",-13.4273713349816,1465376
20,2026-09-17 18:24:56,"ntc2_C",-13.3851928122021,1465257
20,2026-09-17 18:24:56,"testSB_C",-13.4060721406955,1461959
21,2026-09-17 18:24:56,"ntc1_C",-13.4818208338124,1465530
21,2026-09-17 18:24:56,"ntc2_C",-13.4264553367342,1466009
21,2026-09-17 18:24:56,"testSB_C",-13.5828675618391,1475642
22,2026-09-17 18:24:56,"ntc1_C",-13.4826915077916,1469862
22,2026-09-17 18:24:56,"ntc2_C",-13.4329338597794,1468254
22,2026-09-17 18:24:56,"testSB_C",-13.507935386659,1468872
23,2026-09-17 18:24:56,"ntc1_C",-13.4751590992689,1472252
23,2026-09-17 18:24:56,"ntc2_C",-13.4849571348609,1469294
23,2026-09-17 18:24:56,"testSB_C",-13.6196256650761,1474426
24,2026-09-17 18:24:56,"ntc1_C",-13.5569207079645,1474396
24,2026-09-17 18:24:56,"ntc2_C",-13.5143002173517,1473967
24,2026-09-17 18:24:56,"testSB_C",-13.5453398688105,1470306
1,2026-09-17 21:24:56,"ntc1_C",-14.1845441397342,1508488
1,2026-09-17 21:24:56,"testSB_C",-14.1784459979657,1511285
2,2026-09-17 21:24:56,"ntc1_C",-14.1759168464196,1510251
2,2026-09-17 21:24:56,"ntc2_C",-14.1842914863562,1510334
2,2026-09-17 21:24:56,"testSB_C",-14.1765196421135,1512758
3,2026-09-17 21:24:56,"ntc1_C",-14.2372031545165,1516328
3,2026-09-17 21:24:56,"ntc2_C",-14.2385823482767,1515071
3,2026-09-17 21:24:56,"testSB_C",-14.330126012013,1519990
4,2026-09-17 21:24:56,"ntc1_C",-14.1854400044633,1512520
4,2026-09-17 21:24:56,"ntc2_C",-14.1927901593784,1509353
4,2026-09-17 21:24:56,"testSB_C",-14.221154996043,1511360
5,2026-09-17 21:24:56,"ntc1_C",-14.196735942461,1510274
5,2026-09-17 21:24:56,"ntc2_C",-14.1937219824032,1511863
5,2026-09-17 21:24:56,"testSB_C",-14.214748115061,1514400
6,2026-09-17 21:24:56,"ntc1_C",-14.2043549172213,1511266
6,2026-09-17 21:24:56,"ntc2_C",-14.1990468927378,1512927
6,2026-09-17 21:24:56,"testSB_C",-14.2123801918449,1513980
7,2026-09-17 21:24:56,"ntc1_C",-14.1940161012926,1510832
7,2026-09-17 21:24:56,"ntc2_C",-14.2136963862268,1514600
7,2026-09-17 21:24:56,"testSB_C",-14.2244675299693,1515116
8,2026-09-17 21:24:56,"ntc1_C",-14.2236218094632,1518168
8,2026-09-17 21:24:56,"ntc2_C",-14.2535471600652,1514012
8,2026-09-17 21:24:56,"testSB_C",-14.249410300291,1511101
9,2026-09-17 21:24:56,"ntc1_C",-14.2062175966562,1510582
9,2026-09-17 21:24:56,"ntc2_C",-14.2045906121959,1515952
9,2026-09-17 21:24:56,"testSB_C",-14.1900019239149,1512541
10,2026-09-17 21:24:56,"ntc1_C",-14.2314340885267,1515547
10,2026-09-17 21:24:56,"ntc2_C",-14.2043080655805,1510186
10,2026-09-17 21:24:56,"testSB_C",-14.3306547902901,1519168
11,2026-09-17 21:24:56,"ntc1_C",-14.2887264764381,1519367
11,2026-09-17 21:24:56,"ntc2_C",-14.2888688559706,1518882
11,2026-09-17 21:24:56,"testSB_C",-14.2473128644747,1514208
12,2026-09-17 21:24:56,"ntc1_C",-14.2274305751258,1514376
12,2026-09-17 21:24:56,"ntc2_C",-14.2643582371872,1515820
12,2026-09-17 21:24:56,"testSB_C",-14.2611443414103,1515500
13,2026-09-17 21:24:56,"ntc1_C",-14.1813370100195,1515933
13,2026-09-17 21:24:56,"ntc2_C",-14.1878603212363,1508856
13,2026-09-17 21:24:56,"testSB_C",-14.1774234045831,1510577
14,2026-09-17 21:24:56,"ntc1_C",-14.1825810996194,1509209
14,2026-09-17 21:24:56,"ntc2_C",-14.1723389144144,1512190
14,2026-09-17 21:24:56,"testSB_C",-14.1785054026969,1512483
15,2026-09-17 21:24:56,"ntc1_C",-14.1829876507966,1508002
15,2026-09-17 21:24:56,"ntc2_C",-14.1786977144337,1513178
15,2026-09-17 21:24:56,"testSB_C",-14.1794320286813,1513492
16,2026-09-17 21:24:56,"ntc1_C",-14.2138138814806,1511736
16,2026-09-17 21:24:56,"ntc2_C",-14.2238911106457,1511562
16,2026-09-17 21:24:56,"testSB_C",-14.2883500435996,1515493
17,2026-09-17 21:24:56,"ntc1_C",-14.2705418012412,1515101
17,2026-09-17 21:24:56,"ntc2_C",-14.2137086040765,1510774
17,2026-09-17 21:24:56,"testSB_C",-14.1847698972451,1513659
18,2026-09-17 21:24:56,"ntc1_C",-14.1967503929219,1514861
18,2026-09-17 21:24:56,"ntc2_C",-14.1825314438343,1510018
18,2026-09-17 21:24:56,"testSB_C",-14.1699820437094,1508714
19,2026-09-17 21:24:56,"ntc1_C",-14.221509062146,1516157
19,2026-09-17 21:24:56,"ntc2_C",-14.2351908949287,1515475
19,2026-09-17 21:24:56,"testSB_C",-14.2063875677978,1515811
20,2026-09-17 21:24:56,"ntc1_C",-14.2141902324465,1513190
20,2026-09-17 21:24:56,"ntc2_C",-14.2477650214868,1517744
20,2026-09-17 21:24:56,"testSB_C",-14.201419907653,1510180
21,2026-09-17 21:24:56,"ntc1_C",-14.1714791395112,1507321
21,2026-09-17 21:24:56,"ntc2_C",-14.16892416886,1511091
21,2026-09-17 21:24:56,"testSB_C",-14.1980611154298,1513147
22,2026-09-17 21:24:56,"ntc1_C",-14.2093202266215,1514088
22,2026-09-17 21:24:56,"ntc2_C",-14.1923239642465,1514434
22,2026-09-17 21:24:56,"testSB_C",-14.1671144920294,1508915
23,2026-09-17 21:24:56,"ntc1_C",-14.1712776913471,1514646
23,2026-09-17 21:24:56,"ntc2_C",-14.2194569923851,1513987
23,2026-09-17 21:24:56,"testSB_C",-14.2048589093414,1510012
24,2026-09-17 21:24:56,"ntc1_C",-14.175735252036,1512095
24,2026-09-17 21:24:56,"ntc2_C",-14.1719053991665,1514040
24,2026-09-17 21:24:56,"testSB_C",-14.1564466457697,1507417
1,2026-09-18 00:24:56,"ntc1_C",-18.2592243438241,1780741
1,2026-09-18 00:24:56,"testSB_C",-18.1247103630259,1774632
2,2026-09-18 00:24:56,"ntc1_C",-18.0415479052044,1767703
2,2026-09-18 00:24:56,"ntc2_C",-17.9878443804656,1763329
2,2026-09-18 00:24:56,"testSB_C",-17.9385102900552,1762893
3,2026-09-18 00:24:56,"ntc1_C",-17.9166802071933,1761244
3,2026-09-18 00:24:56,"ntc2_C",-17.8524149762366,1755216
3,2026-09-18 00:24:56,"testSB_C",-17.7980877706968,1750386
4,2026-09-18 00:24:56,"ntc1_C",-17.7658159646317,1749883
4,2026-09-18 00:24:56,"ntc2_C",-17.729772230079,1743119
4,2026-09-18 00:24:56,"testSB_C",-17.6675339710378,1739011
5,2026-09-18 00:24:56,"ntc1_C",-17.6403947295194,1737697
5,2026-09-18 00:24:56,"ntc2_C",-17.5964996751011,1736511
5,2026-09-18 00:24:56,"testSB_C",-17.5482717415295,1734547
6,2026-09-18 00:24:56,"ntc1_C",-17.5200617829989,1729574
6,2026-09-18 00:24:56,"ntc2_C",-17.4904333250504,1729916
6,2026-09-18 00:24:56,"testSB_C",-17.4454749791259,1726951
7,2026-09-18 00:24:56,"ntc1_C",-17.3955898259665,1721296
7,2026-09-18 00:24:56,"ntc2_C",-17.3754041337847,1722767
7,2026-09-18 00:24:56,"testSB_C",-17.3270932554264,1719129
8,2026-09-18 00:24:56,"ntc1_C",-17.2895641074744,1720062
8,2026-09-18 00:24:56,"ntc2_C",-17.2612732828632,1711312
8,2026-09-18 00:24:56,"testSB_C",-17.2384187224903,1706741
9,2026-09-18 00:24:56,"ntc1_C",-17.1901226256365,1705743
9,2026-09-18 00:24:56,"ntc2_C",-17.1634003771704,1710163
9,2026-09-18 00:24:56,"testSB_C",-17.1202645893219,1704325
10,2026-09-18 00:24:56,"ntc1_C",-17.0781369775513,1701785
10,2026-09-18 00:24:56,"ntc2_C",-17.0583572027419,1696364
10,2026-09-18 00:24:56,"testSB_C",-16.9950946843475,1693351
11,2026-09-18 00:24:56,"ntc1_C",-16.9245127674396,1691498
11,2026-09-18 00:24:56,"ntc2_C",-16.9181685998244,1690563
11,2026-09-18 00:24:56,"testSB_C",-16.8679244388282,1684771
12,2026-09-18 00:24:56,"ntc1_C",-16.8610503875271,1685815
12,2026-09-18 00:24:56,"ntc2_C",-16.7853867064024,1679717
12,2026-09-18 00:24:56,"testSB_C",-16.7285272937802,1675760
13,2026-09-18 00:24:56,"ntc1_C",-16.7034670163047,1679921
13,2026-09-18 00:24:56,"ntc2_C",-16.6395435997763,1667399
13,2026-09-18 00:24:56,"testSB_C",-16.586309185487,1666350
14,2026-09-18 00:24:56,"ntc1_C",-16.5448679185195,1661643
14,2026-09-18 00:24:56,"ntc2_C",-16.506425878862,1662991
14,2026-09-18 00:24:56,"testSB_C",-16.4531114446222,1659321
15,2026-09-18 00:24:56,"ntc1_C",-16.4011554762959,1650596
15,2026-09-18 00:24:56,"ntc2_C",-16.3758651442512,1654914
15,2026-09-18 00:24:56,"testSB_C",-16.3375392681493,1652606
16,2026-09-18 00:24:56,"ntc1_C",-16.2874084914133,1645044
16,2026-09-18 00:24:56,"ntc2_C",-16.2552814466784,1642064
16,2026-09-18 00:24:56,"testSB_C",-16.2392471746299,1640944
17,2026-09-18 00:24:56,"ntc1_C",-16.2041285604395,1639318
17,2026-09-18 00:24:56,"ntc2_C",-16.1910178059587,1637507
17,2026-09-18 00:24:56,"testSB_C",-16.1403462736723,1639193
18,2026-09-18 00:24:56,"ntc1_C",-16.1273456274332,1638784
18,2026-09-18 00:24:56,"ntc2_C",-16.1152923674532,1633656
18,2026-09-18 00:24:56,"testSB_C",-16.0861837311941,1631298
19,2026-09-18 00:24:56,"ntc1_C",-16.0526314744658,1633623
19,2026-09-18 00:24:56,"ntc2_C",-16.0652283486567,1632829
19,2026-09-18 00:24:56,"testSB_C",-16.0231879042603,1632319
20,2026-09-18 00:24:56,"ntc1_C",-16.0064773773169,1627893
20,2026-09-18 00:24:56,"ntc2_C",-16.0241609640783,1631713
20,2026-09-18 00:24:56,"testSB_C",-15.9678872471321,1622932
21,2026-09-18 00:24:56,"ntc1_C",-15.9613066537984,1621315
21,2026-09-18 00:24:56,"ntc2_C",-15.9552660518103,1625204
21,2026-09-18 00:24:56,"testSB_C",-15.8895670922162,1621155
22,2026-09-18 00:24:56,"ntc1_C",-15.8888061369567,1621367
22,2026-09-18 00:24:56,"ntc2_C",-15.8868385930838,1622682
22,2026-09-18 00:24:56,"testSB_C",-15.8345378723655,1615053
23,2026-09-18 00:24:56,"ntc1_C",-15.8331081835855,1620754
23,2026-09-18 00:24:56,"ntc2_C",-15.8411319693144,1617442
23,2026-09-18 00:24:56,"testSB_C",-15.8056727675599,1611706
24,2026-09-18 00:24:56,"ntc1_C",-15.7725692523994,1613801
24,2026-09-18 00:24:56,"ntc2_C",-15.7548572271326,1614938
24,2026-09-18 00:24:56,"testSB_C",-15.7204556713508,1606637
1,2026-09-18 03:24:56,"ntc1_C",-25.0255410219413,2337551
1,2026-09-18 03:24:56,"testSB_C",-24.8590729920051,2326584
2,2026-09-18 03:24:56,"ntc1_C",-24.7914721583203,2319297
2,2026-09-18 03:24:56,"ntc2_C",-24.7277309268169,2312723
2,2026-09-18 03:24:56,"testSB_C",-24.715103408355,2314924
3,2026-09-18 03:24:56,"ntc1_C",-24.6865596612579,2312438
3,2026-09-18 03:24:56,"ntc2_C",-24.6490248775815,2307402
3,2026-09-18 03:24:56,"testSB_C",-24.6057673677755,2301951
4,2026-09-18 03:24:56,"ntc1_C",-24.5966908340223,2303665
4,2026-09-18 03:24:56,"ntc2_C",-24.5781953309634,2296449
4,2026-09-18 03:24:56,"testSB_C",-24.5282842348354,2292254
5,2026-09-18 03:24:56,"ntc1_C",-24.4923859996534,2290055
5,2026-09-18 03:24:56,"ntc2_C",-24.5007235237674,2292988
5,2026-09-18 03:24:56,"testSB_C",-24.4553173025262,2290746
6,2026-09-18 03:24:56,"ntc1_C",-24.4413894669091,2285134
6,2026-09-18 03:24:56,"ntc2_C",-24.4444641211135,2288983
6,2026-09-18 03:24:56,"testSB_C",-24.4313119225693,2287909
7,2026-09-18 03:24:56,"ntc1_C",-24.368604997577,2279783
7,2026-09-18 03:24:56,"ntc2_C",-24.4181719123558,2287992
7,2026-09-18 03:24:56,"testSB_C",-24.3392607237986,2280250
8,2026-09-18 03:24:56,"ntc1_C",-24.3047260006991,2281769
8,2026-09-18 03:24:56,"ntc2_C",-24.3113388003077,2273545
8,2026-09-18 03:24:56,"testSB_C",-24.3375831098532,2272081
9,2026-09-18 03:24:56,"ntc1_C",-24.2855941568988,2270222
9,2026-09-18 03:24:56,"ntc2_C",-24.2935929220936,2279518
9,2026-09-18 03:24:56,"testSB_C",-24.2695613817272,2273565
10,2026-09-18 03:24:56,"ntc1_C",-24.2638720252604,2273134
10,2026-09-18 03:24:56,"ntc2_C",-24.2822640361019,2269763
10,2026-09-18 03:24:56,"testSB_C",-24.2520036052551,2268988
11,2026-09-18 03:24:56,"ntc1_C",-24.2254872037039,2270158
11,2026-09-18 03:24:56,"ntc2_C",-24.2176037153603,2268965
11,2026-09-18 03:24:56,"testSB_C",-24.2099329955341,2265166
12,2026-09-18 03:24:56,"ntc1_C",-24.2219695780353,2268105
12,2026-09-18 03:24:56,"ntc2_C",-24.2048748378192,2265363
12,2026-09-18 03:24:56,"testSB_C",-24.1688307300703,2262263
13,2026-09-18 03:24:56,"ntc1_C",-24.1723804569406,2270148
13,2026-09-18 03:24:56,"ntc2_C",-24.154698872957,2258057
13,2026-09-18 03:24:56,"testSB_C",-24.1321052688488,2259241
14,2026-09-18 03:24:56,"ntc1_C",-24.1188369144079,2255373
14,2026-09-18 03:24:56,"ntc2_C",-24.1243148963959,2260999
14,2026-09-18 03:24:56,"testSB_C",-24.0975075292297,2258543
15,2026-09-18 03:24:56,"ntc1_C",-24.074632337746,2249521
15,2026-09-18 03:24:56,"ntc2_C",-24.0828484335933,2258660
15,2026-09-18 03:24:56,"testSB_C",-24.0783040023706,2258456
16,2026-09-18 03:24:56,"ntc1_C",-24.0362410157361,2249185
16,2026-09-18 03:24:56,"ntc2_C",-24.0349932073583,2248117
16,2026-09-18 03:24:56,"testSB_C",-24.0412642126597,2248633
17,2026-09-18 03:24:56,"ntc1_C",-24.0185959482816,2247344
17,2026-09-18 03:24:56,"ntc2_C",-23.9824176363217,2242577
17,2026-09-18 03:24:56,"testSB_C",-23.9452020924532,2246110
18,2026-09-18 03:24:56,"ntc1_C",-23.9692280353222,2248669
18,2026-09-18 03:24:56,"ntc2_C",-23.9610368116686,2241889
18,2026-09-18 03:24:56,"testSB_C",-23.9463720551081,2240798
19,2026-09-18 03:24:56,"ntc1_C",-23.9100414104192,2243523
19,2026-09-18 03:24:56,"ntc2_C",-23.9077302248583,2241157
19,2026-09-18 03:24:56,"testSB_C",-23.887007955157,2242433
20,2026-09-18 03:24:56,"ntc1_C",-23.8959683756083,2238892
20,2026-09-18 03:24:56,"ntc2_C",-23.9077309656967,2243419
20,2026-09-18 03:24:56,"testSB_C",-23.8858338173265,2234590
21,2026-09-18 03:24:56,"ntc1_C",-23.8431629494701,2228710
21,2026-09-18 03:24:56,"ntc2_C",-23.8850923273193,2238600
21,2026-09-18 03:24:56,"testSB_C",-23.791578364378,2230719
22,2026-09-18 03:24:56,"ntc1_C",-23.8192194951763,2233555
22,2026-09-18 03:24:56,"ntc2_C",-23.8117700258512,2234565
22,2026-09-18 03:24:56,"testSB_C",-23.7474746581707,2223573
23,2026-09-18 03:24:56,"ntc1_C",-23.7673739603454,2232800
23,2026-09-18 03:24:56,"ntc2_C",-23.7842201178605,2229402
23,2026-09-18 03:24:56,"testSB_C",-23.754136665968,2220885
24,2026-09-18 03:24:56,"ntc1_C",-23.7363201040946,2226370
24,2026-09-18 03:24:56,"ntc2_C",-23.7302036119106,2228805
24,2026-09-18 03:24:56,"testSB_C",-23.7145058817608,2219186
1,2026-09-18 06:24:56,"ntc1_C",-27.2472954222994,2551842
1,2026-09-18 06:24:56,"testSB_C",-27.0257263285115,2534490
2,2026-09-18 06:24:56,"ntc1_C",-26.8937592787676,2520326
2,2026-09-18 06:24:56,"ntc2_C",-26.8197590420567,2512237
2,2026-09-18 06:24:56,"testSB_C",-26.8468698574421,2518333
3,2026-09-18 06:24:56,"ntc1_C",-26.6992605674525,2503990
3,2026-09-18 06:24:56,"ntc2_C",-26.6881274090055,2501276
3,2026-09-18 06:24:56,"testSB_C",-26.5873840052467,2489709
4,2026-09-18 06:24:56,"ntc1_C",-26.5872024214268,2492493
4,2026-09-18 06:24:56,"ntc2_C",-26.5805806605171,2485894
4,2026-09-18 06:24:56,"testSB_C",-26.5605717188981,2484314
5,2026-09-18 06:24:56,"ntc1_C",-26.477276986758,2477411
5,2026-09-18 06:24:56,"ntc2_C",-26.5097029458415,2482817
5,2026-09-18 06:24:56,"testSB_C",-26.5002534647017,2483939
6,2026-09-18 06:24:56,"ntc1_C",-26.4739767742637,2476533
6,2026-09-18 06:24:56,"ntc2_C",-26.3787884510959,2471211
6,2026-09-18 06:24:56,"testSB_C",-26.4042017725924,2473807
7,2026-09-18 06:24:56,"ntc1_C",-26.3203847594255,2463168
7,2026-09-18 06:24:56,"ntc2_C",-26.384936295374,2473396
7,2026-09-18 06:24:56,"testSB_C",-26.263184333843,2460887
8,2026-09-18 06:24:56,"ntc1_C",-26.2297190272024,2462588
8,2026-09-18 06:24:56,"ntc2_C",-26.2321103276026,2453379
8,2026-09-18 06:24:56,"testSB_C",-26.2384569696609,2449913
9,2026-09-18 06:24:56,"ntc1_C",-26.2648299007272,2455425
9,2026-09-18 06:24:56,"ntc2_C",-26.2492467377086,2463209
9,2026-09-18 06:24:56,"testSB_C",-26.23990937227,2458247
10,2026-09-18 06:24:56,"ntc1_C",-26.1178623576359,2446419
10,2026-09-18 06:24:56,"ntc2_C",-26.1558578284152,2444798
10,2026-09-18 06:24:56,"testSB_C",-26.1679771396263,2448143
11,2026-09-18 06:24:56,"ntc1_C",-26.0157337842744,2437159
11,2026-09-18 06:24:56,"ntc2_C",-26.0445913257541,2439469
11,2026-09-18 06:24:56,"testSB_C",-26.091636312069,2440683
12,2026-09-18 06:24:56,"ntc1_C",-26.1843954250334,2451578
12,2026-09-18 06:24:56,"ntc2_C",-26.0624809728257,2438536
12,2026-09-18 06:24:56,"testSB_C",-26.1272374892003,2445015
13,2026-09-18 06:24:56,"ntc1_C",-25.9726623161076,2438149
13,2026-09-18 06:24:56,"ntc2_C",-26.0829392445086,2437644
13,2026-09-18 06:24:56,"testSB_C",-26.048415705942,2437711
14,2026-09-18 06:24:56,"ntc1_C",-26.0078171382765,2430926
14,2026-09-18 06:24:56,"ntc2_C",-25.9850091509611,2434171
14,2026-09-18 06:24:56,"testSB_C",-25.9673240023002,2432412
15,2026-09-18 06:24:56,"ntc1_C",-25.9428779438361,2422670
15,2026-09-18 06:24:56,"ntc2_C",-25.9579668305681,2433176
15,2026-09-18 06:24:56,"testSB_C",-25.9818719059867,2435638
16,2026-09-18 06:24:56,"ntc1_C",-25.9572589366896,2427444
16,2026-09-18 06:24:56,"ntc2_C",-25.8789362689434,2418955
16,2026-09-18 06:24:56,"testSB_C",-25.9234882398296,2423172
17,2026-09-18 06:24:56,"ntc1_C",-25.9701096713658,2428395
17,2026-09-18 06:24:56,"ntc2_C",-25.8867814759282,2418707
17,2026-09-18 06:24:56,"testSB_C",-25.7228034876266,2410387
18,2026-09-18 06:24:56,"ntc1_C",-25.9053143437283,2428222
18,2026-09-18 06:24:56,"ntc2_C",-25.772133066735,2408977
18,2026-09-18 06:24:56,"testSB_C",-25.8876021523584,2420423
19,2026-09-18 06:24:56,"ntc1_C",-25.7961366561705,2418045
19,2026-09-18 06:24:56,"ntc2_C",-25.7621364916656,2412491
19,2026-09-18 06:24:56,"testSB_C",-25.7524151259938,2414916
20,2026-09-18 06:24:56,"ntc1_C",-25.6586716013349,2401396
20,2026-09-18 06:24:56,"ntc2_C",-25.7212628357501,2411034
20,2026-09-18 06:24:56,"testSB_C",-25.7285294389077,2404369
21,2026-09-18 06:24:56,"ntc1_C",-25.6949296421945,2398852
21,2026-09-18 06:24:56,"ntc2_C",-25.7009545132966,2406068
21,2026-09-18 06:24:56,"testSB_C",-25.6475770891744,2401478
22,2026-09-18 06:24:56,"ntc1_C",-25.6778678133396,2404764
22,2026-09-18 06:24:56,"ntc2_C",-25.6730808320237,2406029
22,2026-09-18 06:24:56,"testSB_C",-25.6213738756551,2395580
23,2026-09-18 06:24:56,"ntc1_C",-25.6816729604734,2409200
23,2026-09-18 06:24:56,"ntc2_C",-25.7725059890435,2412697
23,2026-09-18 06:24:56,"testSB_C",-25.7014777364198,2399202
24,2026-09-18 06:24:56,"ntc1_C",-25.5454276986293,2392431
24,2026-09-18 06:24:56,"ntc2_C",-25.7403988120614,2414128
24,2026-09-18 06:24:56,"testSB_C",-25.5857045585717,2390601
1,2026-09-18 09:24:56,"ntc1_C",-23.1572759045055,2169766
1,2026-09-18 09:24:56,"testSB_C",-23.5082135463079,2204688
2,2026-09-18 09:24:56,"ntc1_C",-23.554059732484,2207694
2,2026-09-18 09:24:56,"ntc2_C",-23.0052409699464,2159099
2,2026-09-18 09:24:56,"testSB_C",-23.674186552183,2220968
3,2026-09-18 09:24:56,"ntc1_C",-22.1923812433138,2093170
3,2026-09-18 09:24:56,"ntc2_C",-22.2725460461449,2098369
3,2026-09-18 09:24:56,"testSB_C",-22.6293307312767,2127300
4,2026-09-18 09:24:56,"ntc1_C",-22.0559764493385,2081168
4,2026-09-18 09:24:56,"ntc2_C",-22.0419242619649,2074987
4,2026-09-18 09:24:56,"testSB_C",-23.1311822138443,2167966
5,2026-09-18 09:24:56,"ntc1_C",-22.47767673891,2112862
5,2026-09-18 09:24:56,"ntc2_C",-21.910535180105,2067354
5,2026-09-18 09:24:56,"testSB_C",-22.8014540692267,2144368
6,2026-09-18 09:24:56,"ntc1_C",-22.2940440325739,2097313
6,2026-09-18 09:24:56,"ntc2_C",-22.1917863509408,2091891
6,2026-09-18 09:24:56,"testSB_C",-22.7099930058951,2135955
7,2026-09-18 09:24:56,"ntc1_C",-21.8932068836915,2064757
7,2026-09-18 09:24:56,"ntc2_C",-21.2074844730633,2011869
7,2026-09-18 09:24:56,"testSB_C",-22.3221792234113,2103629
8,2026-09-18 09:24:56,"ntc1_C",-22.2528978657033,2102117
8,2026-09-18 09:24:56,"ntc2_C",-21.8445784975343,2059866
8,2026-09-18 09:24:56,"testSB_C",-21.8631084253538,2057869
9,2026-09-18 09:24:56,"ntc1_C",-22.0116235616755,2072878
9,2026-09-18 09:24:56,"ntc2_C",-21.6214355131813,2048277
9,2026-09-18 09:24:56,"testSB_C",-21.4262506645038,2028870
10,2026-09-18 09:24:56,"ntc1_C",-21.8148332276645,2061037
10,2026-09-18 09:24:56,"ntc2_C",-21.0241860332623,1991928
10,2026-09-18 09:24:56,"testSB_C",-22.1998433373069,2090150
11,2026-09-18 09:24:56,"ntc1_C",-21.688745216198,2051026
11,2026-09-18 09:24:56,"ntc2_C",-21.1283161230875,2004801
11,2026-09-18 09:24:56,"testSB_C",-21.1717937413899,2005541
12,2026-09-18 09:24:56,"ntc1_C",-20.2091633836606,1930831
12,2026-09-18 09:24:56,"ntc2_C",-20.7805347314262,1974796
12,2026-09-18 09:24:56,"testSB_C",-21.6796090440329,2047646
13,2026-09-18 09:24:56,"ntc1_C",-21.5371723345096,2042881
13,2026-09-18 09:24:56,"ntc2_C",-21.0634782291677,1994811
13,2026-09-18 09:24:56,"testSB_C",-21.8673718979257,2063443
14,2026-09-18 09:24:56,"ntc1_C",-21.5762601575976,2037027
14,2026-09-18 09:24:56,"ntc2_C",-21.3454401004083,2022881
14,2026-09-18 09:24:56,"testSB_C",-21.2056516463956,2011492
15,2026-09-18 09:24:56,"ntc1_C",-21.6140961727138,2038428
15,2026-09-18 09:24:56,"ntc2_C",-20.6899509158298,1971232
15,2026-09-18 09:24:56,"testSB_C",-21.6695147092623,2050814
16,2026-09-18 09:24:56,"ntc1_C",-21.8916599633939,2064094
16,2026-09-18 09:24:56,"ntc2_C",-21.03520156327,1993238
16,2026-09-18 09:24:56,"testSB_C",-21.7764739901862,2053591
17,2026-09-18 09:24:56,"ntc1_C",-21.3062915972411,2015823
17,2026-09-18 09:24:56,"ntc2_C",-21.2129764465857,2006968
17,2026-09-18 09:24:56,"testSB_C",-21.3573034925788,2024888
18,2026-09-18 09:24:56,"ntc1_C",-20.8186950582761,1981867
18,2026-09-18 09:24:56,"ntc2_C",-20.9298251161427,1985430
18,2026-09-18 09:24:56,"testSB_C",-21.4704799141066,2029085
19,2026-09-18 09:24:56,"ntc1_C",-21.1568480694314,2009050
19,2026-09-18 09:24:56,"ntc2_C",-21.0990812936513,2002426
19,2026-09-18 09:24:56,"testSB_C",-21.2572343558881,2018049
20,2026-09-18 09:24:56,"ntc1_C",-21.4106952269967,2026549
20,2026-09-18 09:24:56,"ntc2_C",-20.4497437529079,1952619
20,2026-09-18 09:24:56,"testSB_C",-21.2704195510667,2012098
21,2026-09-18 09:24:56,"ntc1_C",-21.4161304759671,2022164
21,2026-09-18 09:24:56,"ntc2_C",-21.1577993487001,2006713
21,2026-09-18 09:24:56,"testSB_C",-20.6566126749529,1966971
22,2026-09-18 09:24:56,"ntc1_C",-21.049129801706,1998678
22,2026-09-18 09:24:56,"ntc2_C",-20.3623209598286,1945643
22,2026-09-18 09:24:56,"testSB_C",-20.6582371012194,1964177
23,2026-09-18 09:24:56,"ntc1_C",-20.4865051720271,1957353
23,2026-09-18 09:24:56,"ntc2_C",-21.219907513876,2011518
23,2026-09-18 09:24:56,"testSB_C",-20.9348749768469,1983757
24,2026-09-18 09:24:56,"ntc1_C",-21.401075370867,2027361
24,2026-09-18 09:24:56,"ntc2_C",-20.367993572426,1947326
24,2026-09-18 09:24:56,"testSB_C",-20.6025692158549,1958530
1,2026-09-18 12:24:56,"ntc1_C",-19.6794107773838,1886258
1,2026-09-18 12:24:56,"testSB_C",-17.8401440154907,1754248
2,2026-09-18 12:24:56,"ntc1_C",-20.2259674572733,1931260
2,2026-09-18 12:24:56,"ntc2_C",-20.3528984804182,1940604
2,2026-09-18 12:24:56,"testSB_C",-19.6180449381253,1886970
3,2026-09-18 12:24:56,"ntc1_C",-19.022258679355,1841981
3,2026-09-18 12:24:56,"ntc2_C",-17.7760215269115,1749779
3,2026-09-18 12:24:56,"testSB_C",-19.3407287067766,1863335
4,2026-09-18 12:24:56,"ntc1_C",-18.894582629099,1831878
4,2026-09-18 12:24:56,"ntc2_C",-18.3320350895589,1786257
4,2026-09-18 12:24:56,"testSB_C",-19.5630619378682,1877918
5,2026-09-18 12:24:56,"ntc1_C",-18.6198632027449,1808193
5,2026-09-18 12:24:56,"ntc2_C",-18.4877840412175,1800477
5,2026-09-18 12:24:56,"testSB_C",-19.4566387185241,1874101
6,2026-09-18 12:24:56,"ntc1_C",-18.6320984736017,1809372
6,2026-09-18 12:24:56,"ntc2_C",-18.9079985202077,1832335
6,2026-09-18 12:24:56,"testSB_C",-20.2294941885072,1933114
7,2026-09-18 12:24:56,"ntc1_C",-18.4135220827917,1793949
7,2026-09-18 12:24:56,"ntc2_C",-18.2588934400233,1785707
7,2026-09-18 12:24:56,"testSB_C",-18.6479873858228,1813806
8,2026-09-18 12:24:56,"ntc1_C",-18.3754487928211,1797592
8,2026-09-18 12:24:56,"ntc2_C",-19.4067359095937,1866928
8,2026-09-18 12:24:56,"testSB_C",-18.1228355828999,1769176
9,2026-09-18 12:24:56,"ntc1_C",-18.9309803686825,1830599
9,2026-09-18 12:24:56,"ntc2_C",-18.3187971613828,1792341
9,2026-09-18 12:24:56,"testSB_C",-19.7718838785336,1897853
10,2026-09-18 12:24:56,"ntc1_C",-18.5968395459782,1809981
10,2026-09-18 12:24:56,"ntc2_C",-18.0676009053529,1767365
10,2026-09-18 12:24:56,"testSB_C",-18.7175901187318,1816051
11,2026-09-18 12:24:56,"ntc1_C",-18.584979769381,1809444
11,2026-09-18 12:24:56,"ntc2_C",-18.5027518286756,1802924
11,2026-09-18 12:24:56,"testSB_C",-18.4084549694577,1793552
12,2026-09-18 12:24:56,"ntc1_C",-17.9622624212016,1762938
12,2026-09-18 12:24:56,"ntc2_C",-18.0074775286081,1765214
12,2026-09-18 12:24:56,"testSB_C",-20.0802444732135,1919773
13,2026-09-18 12:24:56,"ntc1_C",-18.2001891124061,1785212
13,2026-09-18 12:24:56,"ntc2_C",-17.8702435136827,1752954
13,2026-09-18 12:24:56,"testSB_C",-18.1543342461644,1775984
14,2026-09-18 12:24:56,"ntc1_C",-18.3266415828078,1786373
14,2026-09-18 12:24:56,"ntc2_C",-18.6180080732883,1811864
14,2026-09-18 12:24:56,"testSB_C",-18.2334168827216,1783779
15,2026-09-18 12:24:56,"ntc1_C",-18.6744665963046,1810242
15,2026-09-18 12:24:56,"ntc2_C",-17.9705192662772,1765753
15,2026-09-18 12:24:56,"testSB_C",-17.9545441750058,1764877
16,2026-09-18 12:24:56,"ntc1_C",-18.3931566620455,1792039
16,2026-09-18 12:24:56,"ntc2_C",-18.2438446936097,1780352
16,2026-09-18 12:24:56,"testSB_C",-18.4712124703913,1796809
17,2026-09-18 12:24:56,"ntc1_C",-18.1481798353566,1774131
17,2026-09-18 12:24:56,"ntc2_C",-18.1035039854742,1769855
17,2026-09-18 12:24:56,"testSB_C",-18.8693932385721,1831324
18,2026-09-18 12:24:56,"ntc1_C",-18.126944415393,1777473
18,2026-09-18 12:24:56,"ntc2_C",-18.6765761986833,1812680
18,2026-09-18 12:24:56,"testSB_C",-18.2709569832812,1782849
19,2026-09-18 12:24:56,"ntc1_C",-18.1942137278658,1782211
19,2026-09-18 12:24:56,"ntc2_C",-18.188004912593,1780001
19,2026-09-18 12:24:56,"testSB_C",-18.2468093319776,1786756
20,2026-09-18 12:24:56,"ntc1_C",-18.1164923483454,1773754
20,2026-09-18 12:24:56,"ntc2_C",-18.0223822201025,1769834
20,2026-09-18 12:24:56,"testSB_C",-17.8710637531578,1753549
21,2026-09-18 12:24:56,"ntc1_C",-18.217759061734,1776993
21,2026-09-18 12:24:56,"ntc2_C",-17.9203982726811,1760396
21,2026-09-18 12:24:56,"testSB_C",-18.4212554565492,1796886
22,2026-09-18 12:24:56,"ntc1_C",-18.2193956148834,1782520
22,2026-09-18 12:24:56,"ntc2_C",-17.6662870528612,1744435
22,2026-09-18 12:24:56,"testSB_C",-18.383891037876,1791457
23,2026-09-18 12:24:56,"ntc1_C",-18.2609974345289,1788826
23,2026-09-18 12:24:56,"ntc2_C",-17.6605721138775,1741692
23,2026-09-18 12:24:56,"testSB_C",-18.2896977488684,1782749
24,2026-09-18 12:24:56,"ntc1_C",-18.0206954709514,1768313
24,2026-09-18 12:24:56,"ntc2_C",-18.0370880253088,1771973
24,2026-09-18 12:24:56,"testSB_C",-18.1114909342996,1770688
1,2026-09-18 15:24:56,"ntc1_C",-17.1966052190649,1705486
1,2026-09-18 15:24:56,"testSB_C",-17.4271053165195,1725059
2,2026-09-18 15:24:56,"ntc1_C",-17.4304926409627,1724359
2,2026-09-18 15:24:56,"ntc2_C",-17.0465969250662,1697151
2,2026-09-18 15:24:56,"testSB_C",-17.5934696073766,1738382
3,2026-09-18 15:24:56,"ntc1_C",-16.1847539867241,1641531
3,2026-09-18 15:24:56,"ntc2_C",-16.1298785627969,1636475
3,2026-09-18 15:24:56,"testSB_C",-16.131112578217,1635702
4,2026-09-18 15:24:56,"ntc1_C",-16.2720764837215,1646762
4,2026-09-18 15:24:56,"ntc2_C",-16.3174620106073,1645844
4,2026-09-18 15:24:56,"testSB_C",-16.0682898864751,1629512
5,2026-09-18 15:24:56,"ntc1_C",-16.2284316636416,1640692
5,2026-09-18 15:24:56,"ntc2_C",-16.2807869893541,1646052
5,2026-09-18 15:24:56,"testSB_C",-15.9789579702163,1627292
6,2026-09-18 15:24:56,"ntc1_C",-16.3012080878664,1645986
6,2026-09-18 15:24:56,"ntc2_C",-16.2650682640695,1645820
6,2026-09-18 15:24:56,"testSB_C",-16.0736758676544,1633255
7,2026-09-18 15:24:56,"ntc1_C",-15.9801680705337,1624954
7,2026-09-18 15:24:56,"ntc2_C",-16.3508473001275,1652442
7,2026-09-18 15:24:56,"testSB_C",-15.9660012777126,1626541
8,2026-09-18 15:24:56,"ntc1_C",-16.0795823373447,1637451
8,2026-09-18 15:24:56,"ntc2_C",-15.9342050236769,1621359
8,2026-09-18 15:24:56,"testSB_C",-16.0760178334548,1627897
9,2026-09-18 15:24:56,"ntc1_C",-16.0461135881786,1628185
9,2026-09-18 15:24:56,"ntc2_C",-15.9517839202783,1627877
9,2026-09-18 15:24:56,"testSB_C",-16.0794316484091,1633643
10,2026-09-18 15:24:56,"ntc1_C",-16.0164750058015,1629866
10,2026-09-18 15:24:56,"ntc2_C",-16.1695924164403,1636117
10,2026-09-18 15:24:56,"testSB_C",-16.1451446597272,1635779
11,2026-09-18 15:24:56,"ntc1_C",-16.0922007283817,1635192
11,2026-09-18 15:24:56,"ntc2_C",-16.0262640024912,1630312
11,2026-09-18 15:24:56,"testSB_C",-16.0933521854379,1632502
12,2026-09-18 15:24:56,"ntc1_C",-16.2666634929541,1645547
12,2026-09-18 15:24:56,"ntc2_C",-16.0539444182373,1630468
12,2026-09-18 15:24:56,"testSB_C",-16.2257923155089,1641824
13,2026-09-18 15:24:56,"ntc1_C",-16.1921725041724,1645341
13,2026-09-18 15:24:56,"ntc2_C",-15.8794904179765,1616589
13,2026-09-18 15:24:56,"testSB_C",-15.9546033324895,1624050
14,2026-09-18 15:24:56,"ntc1_C",-15.7589889382255,1609337
14,2026-09-18 15:24:56,"ntc2_C",-15.953663279766,1626007
14,2026-09-18 15:24:56,"testSB_C",-16.0654108678643,1633348
15,2026-09-18 15:24:56,"ntc1_C",-16.0177944205392,1625046
15,2026-09-18 15:24:56,"ntc2_C",-16.0904402080573,1635796
15,2026-09-18 15:24:56,"testSB_C",-16.208525429745,1643951
16,2026-09-18 15:24:56,"ntc1_C",-16.1278325457217,1634391
16,2026-09-18 15:24:56,"ntc2_C",-15.7581402879714,1609146
16,2026-09-18 15:24:56,"testSB_C",-15.9184070996413,1619639
17,2026-09-18 15:24:56,"ntc1_C",-15.7377639179593,1608479
17,2026-09-18 15:24:56,"ntc2_C",-15.9447783487401,1621177
17,2026-09-18 15:24:56,"testSB_C",-15.9066084432485,1623671
18,2026-09-18 15:24:56,"ntc1_C",-15.7997588933425,1617082
18,2026-09-18 15:24:56,"ntc2_C",-16.2060209431393,1639696
18,2026-09-18 15:24:56,"testSB_C",-16.0439736563815,1628496
19,2026-09-18 15:24:56,"ntc1_C",-15.915710124017,1624541
19,2026-09-18 15:24:56,"ntc2_C",-16.0829556993355,1634008
19,2026-09-18 15:24:56,"testSB_C",-15.9705372174794,1628823
20,2026-09-18 15:24:56,"ntc1_C",-15.7850106205024,1613273
20,2026-09-18 15:24:56,"ntc2_C",-16.138400624629,1639321
20,2026-09-18 15:24:56,"testSB_C",-15.662858284247,1602892
21,2026-09-18 15:24:56,"ntc1_C",-15.7859092590731,1609782
21,2026-09-18 15:24:56,"ntc2_C",-16.2158194903467,1642535
21,2026-09-18 15:24:56,"testSB_C",-15.9925782474713,1627970
22,2026-09-18 15:24:56,"ntc1_C",-15.7454084688778,1611925
22,2026-09-18 15:24:56,"ntc2_C",-15.7721612457698,1615124
22,2026-09-18 15:24:56,"testSB_C",-16.1459016288904,1635664
23,2026-09-18 15:24:56,"ntc1_C",-16.1721236023664,1643273
23,2026-09-18 15:24:56,"ntc2_C",-15.8298655919623,1616700
23,2026-09-18 15:24:56,"testSB_C",-16.0404289224136,1627169
24,2026-09-18 15:24:56,"ntc1_C",-15.6833593520702,1607947
24,2026-09-18 15:24:56,"ntc2_C",-16.0697456793344,1635777
24,2026-09-18 15:24:56,"testSB_C",-15.8913744091504,1617859
1,2026-09-18 18:24:56,"ntc1_C",-21.4954329469424,2029732
1,2026-09-18 18:24:56,"testSB_C",-21.6614159022861,2047349
2,2026-09-18 18:24:56,"ntc1_C",-21.3464519024672,2020558
2,2026-09-18 18:24:56,"ntc2_C",-20.9836856413634,1990635
2,2026-09-18 18:24:56,"testSB_C",-21.2660773663424,2016659
3,2026-09-18 18:24:56,"ntc1_C",-20.672511996218,1969014
3,2026-09-18 18:24:56,"ntc2_C",-20.4649419920318,1951092
3,2026-09-18 18:24:56,"testSB_C",-20.2102294466024,1929996
4,2026-09-18 18:24:56,"ntc1_C",-20.5658462057865,1959972
4,2026-09-18 18:24:56,"ntc2_C",-20.5709152661126,1955651
4,2026-09-18 18:24:56,"testSB_C",-20.1339415537863,1921765
5,2026-09-18 18:24:56,"ntc1_C",-20.2455194271471,1931210
5,2026-09-18 18:24:56,"ntc2_C",-20.4738866549964,1951132
5,2026-09-18 18:24:56,"testSB_C",-20.1355373352914,1926256
6,2026-09-18 18:24:56,"ntc1_C",-20.2709739137021,1933353
6,2026-09-18 18:24:56,"ntc2_C",-20.4532910627838,1950499
6,2026-09-18 18:24:56,"testSB_C",-20.1594227750687,1927652
7,2026-09-18 18:24:56,"ntc1_C",-20.0815154027497,1919325
7,2026-09-18 18:24:56,"ntc2_C",-20.6434500902797,1966635
7,2026-09-18 18:24:56,"testSB_C",-20.0906492847344,1922851
8,2026-09-18 18:24:56,"ntc1_C",-20.1143435954059,1928682
8,2026-09-18 18:24:56,"ntc2_C",-19.9851731121682,1911120
8,2026-09-18 18:24:56,"testSB_C",-20.3770716284579,1938265
9,2026-09-18 18:24:56,"ntc1_C",-20.0053875976054,1911926
9,2026-09-18 18:24:56,"ntc2_C",-20.1585280192612,1930965
9,2026-09-18 18:24:56,"testSB_C",-20.0952830550232,1922828
10,2026-09-18 18:24:56,"ntc1_C",-20.0282002661361,1917900
10,2026-09-18 18:24:56,"ntc2_C",-20.4015779578761,1942525
10,2026-09-18 18:24:56,"testSB_C",-20.1845178601253,1927152
11,2026-09-18 18:24:56,"ntc1_C",-20.0171722489655,1917408
11,2026-09-18 18:24:56,"ntc2_C",-20.1911638675651,1930432
11,2026-09-18 18:24:56,"testSB_C",-20.0367568826011,1915773
12,2026-09-18 18:24:56,"ntc1_C",-20.5076097832653,1954230
12,2026-09-18 18:24:56,"ntc2_C",-20.1704628593806,1926776
12,2026-09-18 18:24:56,"testSB_C",-20.2264695508112,1931148
13,2026-09-18 18:24:56,"ntc1_C",-20.1767708907986,1933898
13,2026-09-18 18:24:56,"ntc2_C",-20.1039641940255,1919028
13,2026-09-18 18:24:56,"testSB_C",-20.0173118165659,1915170
14,2026-09-18 18:24:56,"ntc1_C",-19.8074110993611,1896770
14,2026-09-18 18:24:56,"ntc2_C",-20.1627961845145,1928706
14,2026-09-18 18:24:56,"testSB_C",-20.0728271635155,1921668
15,2026-09-18 18:24:56,"ntc1_C",-20.0311179927506,1912405
15,2026-09-18 18:24:56,"ntc2_C",-20.1984512226794,1932505
15,2026-09-18 18:24:56,"testSB_C",-20.3229312128416,1942501
16,2026-09-18 18:24:56,"ntc1_C",-20.0409357172109,1915702
16,2026-09-18 18:24:56,"ntc2_C",-19.9666333455382,1909066
16,2026-09-18 18:24:56,"testSB_C",-19.9734095013987,1909543
17,2026-09-18 18:24:56,"ntc1_C",-19.8632308962707,1901785
17,2026-09-18 18:24:56,"ntc2_C",-19.9903831673832,1910388
17,2026-09-18 18:24:56,"testSB_C",-19.8786750981903,1907661
18,2026-09-18 18:24:56,"ntc1_C",-19.8702065135909,1907449
18,2026-09-18 18:24:56,"ntc2_C",-20.2693022100214,1933255
18,2026-09-18 18:24:56,"testSB_C",-20.0233367407015,1914010
19,2026-09-18 18:24:56,"ntc1_C",-19.9279538695312,1911854
19,2026-09-18 18:24:56,"ntc2_C",-20.1478553239431,1927029
19,2026-09-18 18:24:56,"testSB_C",-20.0442829336308,1921673
20,2026-09-18 18:24:56,"ntc1_C",-19.7472290981674,1894946
20,2026-09-18 18:24:56,"ntc2_C",-20.2723251814675,1938680
20,2026-09-18 18:24:56,"testSB_C",-19.7415496898349,1891672
21,2026-09-18 18:24:56,"ntc1_C",-19.7655802149447,1891929
21,2026-09-18 18:24:56,"ntc2_C",-20.3080973623337,1939109
21,2026-09-18 18:24:56,"testSB_C",-19.8918077898942,1907146
22,2026-09-18 18:24:56,"ntc1_C",-19.6646410499093,1890016
22,2026-09-18 18:24:56,"ntc2_C",-20.0254306530539,1919356
22,2026-09-18 18:24:56,"testSB_C",-19.9597790791866,1909537
23,2026-09-18 18:24:56,"ntc1_C",-20.0826923969992,1925707
23,2026-09-18 18:24:56,"ntc2_C",-20.032714298687,1917433
23,2026-09-18 18:24:56,"testSB_C",-20.0021409533425,1910574
24,2026-09-18 18:24:56,"ntc1_C",-19.7024316694115,1893035
24,2026-09-18 18:24:56,"ntc2_C",-20.0326999422508,1921134
24,2026-09-18 18:24:56,"testSB_C",-19.7404976005859,1891498
1,2026-09-18 21:24:56,"ntc1_C",-26.4887368178935,2476845
1,2026-09-18 21:24:56,"testSB_C",-26.3612636187389,2469083
2,2026-09-18 21:24:56,"ntc1_C",-26.3065731219765,2462709
2,2026-09-18 21:24:56,"ntc2_C",-26.2372865284939,2455238
2,2026-09-18 21:24:56,"testSB_C",-26.234665074413,2458386
3,2026-09-18 21:24:56,"ntc1_C",-26.2444879874477,2459542
3,2026-09-18 21:24:56,"ntc2_C",-26.2102866819928,2454615
3,2026-09-18 21:24:56,"testSB_C",-26.1672203549156,2448820
4,2026-09-18 21:24:56,"ntc1_C",-26.160509957641,2450917
4,2026-09-18 21:24:56,"ntc2_C",-26.1585334811947,2444868
4,2026-09-18 21:24:56,"testSB_C",-26.1196346892912,2441491
5,2026-09-18 21:24:56,"ntc1_C",-26.1124861997284,2442007
5,2026-09-18 21:24:56,"ntc2_C",-26.1078999261182,2443790
5,2026-09-18 21:24:56,"testSB_C",-26.0860459724598,2443698
6,2026-09-18 21:24:56,"ntc1_C",-26.0593913705789,2436396
6,2026-09-18 21:24:56,"ntc2_C",-26.0973176506976,2443932
6,2026-09-18 21:24:56,"testSB_C",-26.0701946887498,2441437
7,2026-09-18 21:24:56,"ntc1_C",-26.0246883204128,2434582
7,2026-09-18 21:24:56,"ntc2_C",-26.0609428261029,2441980
7,2026-09-18 21:24:56,"testSB_C",-26.0105889829287,2436479
8,2026-09-18 21:24:56,"ntc1_C",-25.9715862622025,2437637
8,2026-09-18 21:24:56,"ntc2_C",-25.9720271156301,2428323
8,2026-09-18 21:24:56,"testSB_C",-26.028085314817,2429651
9,2026-09-18 21:24:56,"ntc1_C",-25.9529295792558,2425391
9,2026-09-18 21:24:56,"ntc2_C",-25.9675484624067,2435978
9,2026-09-18 21:24:56,"testSB_C",-25.9598298942248,2431221
10,2026-09-18 21:24:56,"ntc1_C",-25.9631757546056,2431532
10,2026-09-18 21:24:56,"ntc2_C",-25.981811463776,2428055
10,2026-09-18 21:24:56,"testSB_C",-25.9663527308214,2428724
11,2026-09-18 21:24:56,"ntc1_C",-25.9698501977094,2432748
11,2026-09-18 21:24:56,"ntc2_C",-25.9655544770288,2431867
11,2026-09-18 21:24:56,"testSB_C",-25.9568405707267,2427725
12,2026-09-18 21:24:56,"ntc1_C",-25.9879775534469,2432647
12,2026-09-18 21:24:56,"ntc2_C",-25.9853897946287,2431125
12,2026-09-18 21:24:56,"testSB_C",-25.9940428283669,2432188
13,2026-09-18 21:24:56,"ntc1_C",-25.97970443956,2438827
13,2026-09-18 21:24:56,"ntc2_C",-25.9733875422836,2427115
13,2026-09-18 21:24:56,"testSB_C",-25.9749853651902,2430651
14,2026-09-18 21:24:56,"ntc1_C",-25.9715742651789,2427448
14,2026-09-18 21:24:56,"ntc2_C",-25.9764030945203,2433344
14,2026-09-18 21:24:56,"testSB_C",-25.9492005559787,2430672
15,2026-09-18 21:24:56,"ntc1_C",-25.9517348699741,2423518
15,2026-09-18 21:24:56,"ntc2_C",-25.9534729258943,2432744
15,2026-09-18 21:24:56,"testSB_C",-25.96791716703,2434296
16,2026-09-18 21:24:56,"ntc1_C",-25.926398024855,2424485
16,2026-09-18 21:24:56,"ntc2_C",-25.9298332854407,2423828
16,2026-09-18 21:24:56,"testSB_C",-25.9276526896816,2423571
17,2026-09-18 21:24:56,"ntc1_C",-25.944693266957,2425957
17,2026-09-18 21:24:56,"ntc2_C",-25.920393941857,2421922
17,2026-09-18 21:24:56,"testSB_C",-25.9081260955249,2428107
18,2026-09-18 21:24:56,"ntc1_C",-25.9268077690461,2430284
18,2026-09-18 21:24:56,"ntc2_C",-25.9241111554919,2423484
18,2026-09-18 21:24:56,"testSB_C",-25.9297767632325,2424462
19,2026-09-18 21:24:56,"ntc1_C",-25.9263741511831,2430525
19,2026-09-18 21:24:56,"ntc2_C",-25.9385485985812,2429375
19,2026-09-18 21:24:56,"testSB_C",-25.912921823522,2430288
20,2026-09-18 21:24:56,"ntc1_C",-25.9000367046461,2424437
20,2026-09-18 21:24:56,"ntc2_C",-25.9087165324425,2428972
20,2026-09-18 21:24:56,"testSB_C",-25.882633734315,2419069
21,2026-09-18 21:24:56,"ntc1_C",-25.8621110365532,2414762
21,2026-09-18 21:24:56,"ntc2_C",-25.8949920123666,2424599
21,2026-09-18 21:24:56,"testSB_C",-25.8388686923459,2419715
22,2026-09-18 21:24:56,"ntc1_C",-25.8501135402959,2421200
22,2026-09-18 21:24:56,"ntc2_C",-25.8782052006373,2425615
22,2026-09-18 21:24:56,"testSB_C",-25.8396750535138,2416361
23,2026-09-18 21:24:56,"ntc1_C",-25.8542340515691,2425688
23,2026-09-18 21:24:56,"ntc2_C",-25.8660592762663,2421639
23,2026-09-18 21:24:56,"testSB_C",-25.871828776529,2415382
24,2026-09-18 21:24:56,"ntc1_C",-25.8141948896498,2418011
24,2026-09-18 21:24:56,"ntc2_C",-25.8238355820372,2422105
24,2026-09-18 21:24:56,"testSB_C",-25.8045345474963,2411391
1,2026-09-19 00:24:56,"ntc1_C",-22.3743420887062,2102731
1,2026-09-19 00:24:56,"testSB_C",-22.2506474052223,2096401
2,2026-09-19 00:24:56,"ntc1_C",-22.1876527050287,2090088
2,2026-09-19 00:24:56,"ntc2_C",-22.1624834892896,2087343
2,2026-09-19 00:24:56,"testSB_C",-22.1335616108737,2088194
3,2026-09-19 00:24:56,"ntc1_C",-22.1076223406688,2086061
3,2026-09-19 00:24:56,"ntc2_C",-22.0839453154268,2082538
3,2026-09-19 00:24:56,"testSB_C",-22.0630816061222,2079521
4,2026-09-19 00:24:56,"ntc1_C",-22.0474222370736,2080453
4,2026-09-19 00:24:56,"ntc2_C",-22.0464465837791,2075364
4,2026-09-19 00:24:56,"testSB_C",-22.0407233159067,2075223
5,2026-09-19 00:24:56,"ntc1_C",-22.0304789517799,2075256
5,2026-09-19 00:24:56,"ntc2_C",-22.0215467965585,2076595
5,2026-09-19 00:24:56,"testSB_C",-22.0114653134364,2077479
6,2026-09-19 00:24:56,"ntc1_C",-21.997753393322,2072526
6,2026-09-19 00:24:56,"ntc2_C",-22.0017877704697,2075992
6,2026-09-19 00:24:56,"testSB_C",-21.9785012201916,2074192
7,2026-09-19 00:24:56,"ntc1_C",-21.9331969451075,2068079
7,2026-09-19 00:24:56,"ntc2_C",-21.933492315881,2071507
7,2026-09-19 00:24:56,"testSB_C",-21.8912434787004,2067543
8,2026-09-19 00:24:56,"ntc1_C",-21.8599557604121,2069211
8,2026-09-19 00:24:56,"ntc2_C",-21.8375722495703,2059286
8,2026-09-19 00:24:56,"testSB_C",-21.8602917896626,2057636
9,2026-09-19 00:24:56,"ntc1_C",-21.7910902427544,2054593
9,2026-09-19 00:24:56,"ntc2_C",-21.8012415852728,2063141
9,2026-09-19 00:24:56,"testSB_C",-21.7688959344904,2057031
10,2026-09-19 00:24:56,"ntc1_C",-21.768999648162,2057245
10,2026-09-19 00:24:56,"ntc2_C",-21.7634288156549,2052095
10,2026-09-19 00:24:56,"testSB_C",-21.7311627264641,2051147
11,2026-09-19 00:24:56,"ntc1_C",-21.7084714247541,2052653
11,2026-09-19 00:24:56,"ntc2_C",-21.7144772812961,2052656
11,2026-09-19 00:24:56,"testSB_C",-21.6916188340426,2047941
12,2026-09-19 00:24:56,"ntc1_C",-21.7097759915895,2051174
12,2026-09-19 00:24:56,"ntc2_C",-21.6868536098094,2048187
12,2026-09-19 00:24:56,"testSB_C",-21.6676586684244,2046662
13,2026-09-19 00:24:56,"ntc1_C",-21.663946626178,2053321
13,2026-09-19 00:24:56,"ntc2_C",-21.6578465505968,2043137
13,2026-09-19 00:24:56,"testSB_C",-21.643442646559,2044948
14,2026-09-19 00:24:56,"ntc1_C",-21.6331061445926,2041690
14,2026-09-19 00:24:56,"ntc2_C",-21.6275638035914,2045967
14,2026-09-19 00:24:56,"testSB_C",-21.6106803385103,2044540
15,2026-09-19 00:24:56,"ntc1_C",-21.6117176251595,2038233
15,2026-09-19 00:24:56,"ntc2_C",-21.5957452180897,2044496
15,2026-09-19 00:24:56,"testSB_C",-21.6013407422214,2045199
16,2026-09-19 00:24:56,"ntc1_C",-21.592605329868,2039417
16,2026-09-19 00:24:56,"ntc2_C",-21.6102261687658,2039946
16,2026-09-19 00:24:56,"testSB_C",-21.6037064842779,2039365
17,2026-09-19 00:24:56,"ntc1_C",-21.6245558313356,2041813
17,2026-09-19 00:24:56,"ntc2_C",-21.6071115452494,2039056
17,2026-09-19 00:24:56,"testSB_C",-21.612265505994,2045764
18,2026-09-19 00:24:56,"ntc1_C",-21.6253274345549,2047267
18,2026-09-19 00:24:56,"ntc2_C",-21.6103906657836,2040552
18,2026-09-19 00:24:56,"testSB_C",-21.6131585097056,2040771
19,2026-09-19 00:24:56,"ntc1_C",-21.6235455632315,2047148
19,2026-09-19 00:24:56,"ntc2_C",-21.6174187073227,2044653
19,2026-09-19 00:24:56,"testSB_C",-21.6141596465,2047250
20,2026-09-19 00:24:56,"ntc1_C",-21.614693075705,2043259
20,2026-09-19 00:24:56,"ntc2_C",-21.6164273205265,2046624
20,2026-09-19 00:24:56,"testSB_C",-21.6128234137145,2040026
21,2026-09-19 00:24:56,"ntc1_C",-21.6300226529538,2039637
21,2026-09-19 00:24:56,"ntc2_C",-21.6345528966168,2045594
21,2026-09-19 00:24:56,"testSB_C",-21.6264600881049,2045342
22,2026-09-19 00:24:56,"ntc1_C",-21.6212291991783,2045250
22,2026-09-19 00:24:56,"ntc2_C",-21.6351181548518,2048007
22,2026-09-19 00:24:56,"testSB_C",-21.6225300402564,2042003
23,2026-09-19 00:24:56,"ntc1_C",-21.6238836012615,2049102
23,2026-09-19 00:24:56,"ntc2_C",-21.6302792622473,2045023
23,2026-09-19 00:24:56,"testSB_C",-21.6592446096623,2042371
24,2026-09-19 00:24:56,"ntc1_C",-21.6295490315129,2046088
24,2026-09-19 00:24:56,"ntc2_C",-21.6319692052166,2049077
24,2026-09-19 00:24:56,"testSB_C",-21.6231983339843,2040747
1,2026-09-19 03:24:56,"ntc1_C",-27.0204662853373,2529215
1,2026-09-19 03:24:56,"testSB_C",-26.8534836852573,2517394
2,2026-09-19 03:24:56,"ntc1_C",-26.7568571677828,2506790
2,2026-09-19 03:24:56,"ntc2_C",-26.6639862731582,2496883
2,2026-09-19 03:24:56,"testSB_C",-26.6603895765088,2499941
3,2026-09-19 03:24:56,"ntc1_C",-26.6605724482913,2500182
3,2026-09-19 03:24:56,"ntc2_C",-26.6015353893119,2492764
3,2026-09-19 03:24:56,"testSB_C",-26.5456052959344,2485617
4,2026-09-19 03:24:56,"ntc1_C",-26.5257098883249,2486464
4,2026-09-19 03:24:56,"ntc2_C",-26.5252315477445,2480480
4,2026-09-19 03:24:56,"testSB_C",-26.4998547470738,2478379
5,2026-09-19 03:24:56,"ntc1_C",-26.4839423530122,2478062
5,2026-09-19 03:24:56,"ntc2_C",-26.481068187976,2480018
5,2026-09-19 03:24:56,"testSB_C",-26.4730737438719,2481281
6,2026-09-19 03:24:56,"ntc1_C",-26.4455930819378,2473767
6,2026-09-19 03:24:56,"ntc2_C",-26.4645319484385,2479573
6,2026-09-19 03:24:56,"testSB_C",-26.4502735023651,2478301
7,2026-09-19 03:24:56,"ntc1_C",-26.4002754229004,2470941
7,2026-09-19 03:24:56,"ntc2_C",-26.4509941560152,2479844
7,2026-09-19 03:24:56,"testSB_C",-26.4230828384538,2476447
8,2026-09-19 03:24:56,"ntc1_C",-26.3932521951644,2478509
8,2026-09-19 03:24:56,"ntc2_C",-26.387371470229,2468443
8,2026-09-19 03:24:56,"testSB_C",-26.4049562899056,2466053
9,2026-09-19 03:24:56,"ntc1_C",-26.3429636290559,2462999
9,2026-09-19 03:24:56,"ntc2_C",-26.3565737073004,2473653
9,2026-09-19 03:24:56,"testSB_C",-26.3436078295963,2468319
10,2026-09-19 03:24:56,"ntc1_C",-26.3300784268082,2466971
10,2026-09-19 03:24:56,"ntc2_C",-26.3460137231336,2463205
10,2026-09-19 03:24:56,"testSB_C",-26.3261891259878,2463475
11,2026-09-19 03:24:56,"ntc1_C",-26.3190800279621,2466496
11,2026-09-19 03:24:56,"ntc2_C",-26.2981260087908,2463994
11,2026-09-19 03:24:56,"testSB_C",-26.2913508339285,2459992
12,2026-09-19 03:24:56,"ntc1_C",-26.326647022395,2465368
12,2026-09-19 03:24:56,"ntc2_C",-26.3188638449088,2463324
12,2026-09-19 03:24:56,"testSB_C",-26.3030084327468,2462032
13,2026-09-19 03:24:56,"ntc1_C",-26.2918859034356,2469048
13,2026-09-19 03:24:56,"ntc2_C",-26.2667172985289,2455396
13,2026-09-19 03:24:56,"testSB_C",-26.2845181786023,2460532
14,2026-09-19 03:24:56,"ntc1_C",-26.2610986198862,2455353
14,2026-09-19 03:24:56,"ntc2_C",-26.2655438559677,2461263
14,2026-09-19 03:24:56,"testSB_C",-26.2343887136232,2458178
15,2026-09-19 03:24:56,"ntc1_C",-26.2291294039298,2450208
15,2026-09-19 03:24:56,"ntc2_C",-26.2160533786104,2458098
15,2026-09-19 03:24:56,"testSB_C",-26.2328092443546,2459880
16,2026-09-19 03:24:56,"ntc1_C",-26.2086083399308,2451661
16,2026-09-19 03:24:56,"ntc2_C",-26.2178337252805,2451563
16,2026-09-19 03:24:56,"testSB_C",-26.211141556469,2450867
17,2026-09-19 03:24:56,"ntc1_C",-26.236662570505,2454092
17,2026-09-19 03:24:56,"ntc2_C",-26.2030159403832,2449102
17,2026-09-19 03:24:56,"testSB_C",-26.1889751317543,2455177
18,2026-09-19 03:24:56,"ntc1_C",-26.204706752809,2457082
18,2026-09-19 03:24:56,"ntc2_C",-26.1877912898925,2448834
18,2026-09-19 03:24:56,"testSB_C",-26.1969786074982,2450188
19,2026-09-19 03:24:56,"ntc1_C",-26.1986399413233,2456796
19,2026-09-19 03:24:56,"ntc2_C",-26.1840248363268,2453040
19,2026-09-19 03:24:56,"testSB_C",-26.18089575362,2456142
20,2026-09-19 03:24:56,"ntc1_C",-26.170020684723,2450438
20,2026-09-19 03:24:56,"ntc2_C",-26.1914468447428,2456247
20,2026-09-19 03:24:56,"testSB_C",-26.1508615281691,2444842
21,2026-09-19 03:24:56,"ntc1_C",-26.158806202143,2443224
21,2026-09-19 03:24:56,"ntc2_C",-26.1694761854045,2451025
21,2026-09-19 03:24:56,"testSB_C",-26.1298477604782,2447687
22,2026-09-19 03:24:56,"ntc1_C",-26.1284601222185,2447967
22,2026-09-19 03:24:56,"ntc2_C",-26.1575628353165,2452512
22,2026-09-19 03:24:56,"testSB_C",-26.1388741027001,2445098
23,2026-09-19 03:24:56,"ntc1_C",-26.1302170187491,2452262
23,2026-09-19 03:24:56,"ntc2_C",-26.1415011035809,2448134
23,2026-09-19 03:24:56,"testSB_C",-26.1428431734618,2441318
24,2026-09-19 03:24:56,"ntc1_C",-26.0859651391312,2444119
24,2026-09-19 03:24:56,"ntc2_C",-26.1098713401284,2449626
24,2026-09-19 03:24:56,"testSB_C",-26.0959000228937,2439317
1,2026-09-19 06:24:56,"ntc1_C",-25.159956240373,2350055
1,2026-09-19 06:24:56,"testSB_C",-25.1254237945904,2351312
2,2026-09-19 06:24:56,"ntc1_C",-25.0865841852559,2346642
2,2026-09-19 06:24:56,"ntc2_C",-25.0725549603461,2344621
2,2026-09-19 06:24:56,"testSB_C",-25.065195200214,2347308
3,2026-09-19 06:24:56,"ntc1_C",-25.0650281904474,2347445
3,2026-09-19 06:24:56,"ntc2_C",-25.0401722845038,2343536
3,2026-09-19 06:24:56,"testSB_C",-25.0122744778525,2339421
4,2026-09-19 06:24:56,"ntc1_C",-25.0067243208078,2341502
4,2026-09-19 06:24:56,"ntc2_C",-25.000340821569,2335298
4,2026-09-19 06:24:56,"testSB_C",-24.9806027618219,2333833
5,2026-09-19 06:24:56,"ntc1_C",-24.9601542976553,2333049
5,2026-09-19 06:24:56,"ntc2_C",-24.9562345922238,2334874
5,2026-09-19 06:24:56,"testSB_C",-24.9431045371113,2335589
6,2026-09-19 06:24:56,"ntc1_C",-24.921984186897,2329176
6,2026-09-19 06:24:56,"ntc2_C",-24.9396140623053,2334469
6,2026-09-19 06:24:56,"testSB_C",-24.923902233169,2333135
7,2026-09-19 06:24:56,"ntc1_C",-24.8736296297611,2326043
7,2026-09-19 06:24:56,"ntc2_C",-24.8959104681751,2331867
7,2026-09-19 06:24:56,"testSB_C",-24.8733475102613,2329186
8,2026-09-19 06:24:56,"ntc1_C",-24.8603701838387,2332724
8,2026-09-19 06:24:56,"ntc2_C",-24.859964657968,2323688
8,2026-09-19 06:24:56,"testSB_C",-24.8690720773163,2320621
9,2026-09-19 06:24:56,"ntc1_C",-24.8367683181264,2320520
9,2026-09-19 06:24:56,"ntc2_C",-24.8500697105067,2330520
9,2026-09-19 06:24:56,"testSB_C",-24.8521492828429,2326857
10,2026-09-19 06:24:56,"ntc1_C",-24.8519281426821,2326889
10,2026-09-19 06:24:56,"ntc2_C",-24.8578825373997,2322325
10,2026-09-19 06:24:56,"testSB_C",-24.8611820300539,2324654
11,2026-09-19 06:24:56,"ntc1_C",-24.8582450568742,2327994
11,2026-09-19 06:24:56,"ntc2_C",-24.844777329775,2326273
11,2026-09-19 06:24:56,"testSB_C",-24.8366882722636,2322349
12,2026-09-19 06:24:56,"ntc1_C",-24.8449971485744,2324997
12,2026-09-19 06:24:56,"ntc2_C",-24.8440345527449,2323683
12,2026-09-19 06:24:56,"testSB_C",-24.8349576897077,2323024
13,2026-09-19 06:24:56,"ntc1_C",-24.8349288979796,2330750
13,2026-09-19 06:24:56,"ntc2_C",-24.8340920942127,2319953
13,2026-09-19 06:24:56,"testSB_C",-24.8515206594849,2324842
14,2026-09-19 06:24:56,"ntc1_C",-24.8408432883981,2321104
14,2026-09-19 06:24:56,"ntc2_C",-24.8414551167434,2326410
14,2026-09-19 06:24:56,"testSB_C",-24.8417258310815,2326387
15,2026-09-19 06:24:56,"ntc1_C",-24.8403525465691,2319118
15,2026-09-19 06:24:56,"ntc2_C",-24.833785176983,2327176
15,2026-09-19 06:24:56,"testSB_C",-24.8436733730925,2328280
16,2026-09-19 06:24:56,"ntc1_C",-24.8332852533164,2321691
16,2026-09-19 06:24:56,"ntc2_C",-24.8368818603303,2321054
16,2026-09-19 06:24:56,"testSB_C",-24.817242839096,2319196
17,2026-09-19 06:24:56,"ntc1_C",-24.826845153553,2320828
17,2026-09-19 06:24:56,"ntc2_C",-24.8083589127106,2317522
17,2026-09-19 06:24:56,"testSB_C",-24.7947118736497,2323339
18,2026-09-19 06:24:56,"ntc1_C",-24.8063954773315,2324815
18,2026-09-19 06:24:56,"ntc2_C",-24.794675439366,2317480
18,2026-09-19 06:24:56,"testSB_C",-24.7899650936191,2317355
19,2026-09-19 06:24:56,"ntc1_C",-24.7837844311702,2322935
19,2026-09-19 06:24:56,"ntc2_C",-24.7781351769976,2320187
19,2026-09-19 06:24:56,"testSB_C",-24.7601457073752,2321761
20,2026-09-19 06:24:56,"ntc1_C",-24.7658740228358,2317829
20,2026-09-19 06:24:56,"ntc2_C",-24.7697901285917,2321763
20,2026-09-19 06:24:56,"testSB_C",-24.7467416325453,2312542
21,2026-09-19 06:24:56,"ntc1_C",-24.7534722260708,2310964
21,2026-09-19 06:24:56,"ntc2_C",-24.7620152539783,2318140
21,2026-09-19 06:24:56,"testSB_C",-24.7414911088936,2316722
22,2026-09-19 06:24:56,"ntc1_C",-24.7416322999086,2317125
22,2026-09-19 06:24:56,"ntc2_C",-24.7625699110683,2320752
22,2026-09-19 06:24:56,"testSB_C",-24.7509872068808,2314274
23,2026-09-19 06:24:56,"ntc1_C",-24.7477996774421,2321662
23,2026-09-19 06:24:56,"ntc2_C",-24.7474548050165,2316600
23,2026-09-19 06:24:56,"testSB_C",-24.7800014481674,2313309
24,2026-09-19 06:24:56,"ntc1_C",-24.733932294811,2316632
24,2026-09-19 06:24:56,"ntc2_C",-24.7564254155618,2321777
24,2026-09-19 06:24:56,"testSB_C",-24.7318405157893,2310977
