sigma_Tag (mK), Tagesdifferenzen nur bei 1-Tages-Abstand:
               Satz   L1   L2   L5   L8  L10  L13  L16   S1  S14  S19  S29  S59
      ganzer Record 84.0 62.5 98.0 76.9 75.1 60.9 49.4 69.5 53.1 40.6 29.6 10.0
 ab Tag 30 (17.02.) 86.7 56.3 99.8 83.4 81.4 65.2 50.8 71.3 50.8 32.7 18.6  9.5
 ab Tag 60 (19.03.) 89.8 58.9 91.0 88.1 87.3 69.3 52.4 74.1 52.9 33.7 14.0  7.8
      nur Tage 0-29 45.7 59.6 84.6  9.6 11.5 27.3 41.7 26.3 20.3 15.4  7.8  1.2

Groesste Tagesspruenge S59 (mK) mit Datum:
                   t dS59     S59
 2026-02-25 17:38:18 22.8 -43.397
 2026-02-17 17:38:18 22.3 -43.571
 2026-02-21 17:38:18 22.2 -43.484
 2026-03-11 17:38:18 21.9 -43.118
 2026-02-26 17:38:18 21.9 -43.375
 2026-02-22 17:38:18 21.8 -43.462
 2026-02-14 17:38:18 21.8 -43.636
 2026-02-20 17:38:18 21.6 -43.506

S59 Tag-fuer-Tag 17.02.-10.03.:
     t     S59     S29    S19 n25_ntc1
 17.02 -43.571 -39.620 -36.81  -43.568
 18.02 -43.549 -39.582 -36.80  -43.547
 19.02 -43.528 -39.545 -36.80  -43.526
 20.02 -43.506 -39.510 -36.80  -43.504
 21.02 -43.484 -39.476 -36.80  -43.482
 22.02 -43.462 -39.444 -36.81  -43.460
 23.02 -43.441 -39.415 -36.82  -43.439
 24.02 -43.419 -39.387 -36.83  -43.417
 25.02 -43.397 -39.358 -36.84  -43.394
 26.02 -43.375 -39.333 -36.85  -43.372
 27.02 -43.353 -39.311 -36.88  -43.351
 01.03 -43.331 -39.289 -36.90  -43.329
 02.03 -43.310 -39.269 -36.93  -43.308
 06.03 -43.223 -39.209 -37.12  -43.220
 07.03 -43.201 -39.201 -37.19  -43.199
 08.03 -43.181 -39.199 -37.27  -43.178
 09.03 -43.161 -39.200 -37.35  -43.159
