B40 Monatsmittel (K): Gradientenpaare der Schneekette und Luft-Schnee-Differenzen
  M S1_S14 S14_S19 S29_S59 L1_S1 L5_S59
 01   1.62    2.25    3.06  0.20   0.30
 02   1.13    1.74    3.83  0.00   0.53
 03  -0.17    0.22    3.65 -0.37   0.64
 04  -0.80   -0.82    2.04 -0.46   0.54
 05  -0.99   -1.25    0.13 -0.39   0.25
 06  -0.86   -1.14   -1.12 -0.39  -0.02
 07  -0.46   -0.76   -1.77 -0.10  -0.21
 08  -0.45   -0.57   -1.70 -0.38  -0.28

GRIP Luft - Schnee gleiche Tiefe (K), Monatsmittel ab 29.07. und sd der Tagesdifferenz:
 depth_m     07     08     09    sd gesamt
       1  0.055 -0.164 -0.334 0.178 -0.230
       3 -0.208 -0.218 -0.190 0.262 -0.205
       5 -0.050 -0.066 -0.066 0.203 -0.065
       8 -0.029 -0.017 -0.008 0.023 -0.014
      10 -0.035 -0.024 -0.013 0.010 -0.019
      13     NA     NA     NA    NA     NA
      16  0.011  0.020  0.025 0.024  0.022
      21 -0.110 -0.111 -0.109 0.018 -0.110
      26 -0.043 -0.049 -0.052 0.009 -0.050
      30  0.033  0.030  0.029 0.004  0.029
